1	0.00268551349837389	0.148959754424111	0.279003859329773	0.185638150498012	-0.0288998283269955	0.183547467358854	0.151953182142683	0.355941750292857	0.358339576477622	0.337733280700268	0.211197552804654	0.145105516298572	0.0893941217415727	0.286061838800283	0.428367875187757	0.106485527379638	0.0770540657675248	0.202870806284785	0.409131215514954	0.269542477510273	0.153627329870603	0.0155969229962527	0.131151137508325	0.393766125143728	0.120021342878966	0.132502150665787	0.274368000009824	0.117315448262152	0.136207735207618	0.17269109503586	0.278217357703707	0.106157911339063	0.242375067155782	0.249331966570412	0.00665072201513963	0.0144121331906016	0.0219327072165846	0.181064360402361	0.127983680248188	0.173358384642311	0.200030697863755	0.133774218302955	0.246351088585209	0.169018526320367	0.177562110423885	0.132053721729425	0.11344516843423	0.222263782266568	0.194763549688459	0.103789959612463	0.333877899584818	0.192514427900564	0.327866690176829	0.154501317108551	0.0816917427282502	0.255248938162139	0.398267691001419	0.207983032102293	0.204473815229066	0.144592816020697	0.205253527480747	0.0910063463905568	0.134762250762837	0.197024110628911	0.268575410916253	0.234478247174734	0.165767098643967	0.198263410276915	0.433685053182641	0.257664184576645	-0.0256707505187529	0.155045577715625	0.434375012110564	0.272143815140126	-0.0588236821284705	0.0756452678047715	0.382734836075645	0.202239732319775	0.2093811168115	0.655513944317625	0.207534853588175	0.180590599536533	0.181822150296519
0.00268551349837389	1	0.406085997747875	0.0119766674329647	0.303605792939399	0.655109058728572	0.153637454461822	0.103770443832406	0.0194832775395381	0.0501018640585311	0.122390536651557	0.159835710638191	0.477767591213928	0.277174866857086	-0.120727408257996	0.0398182923149874	0.351573601337193	0.365958801072498	0.414664266642954	0.0893229808315622	0.0322684934322325	0.137242253798914	0.59124186091189	0.115409582872612	-0.0280583913026107	0.235547627783691	0.318436362441659	0.0240674112261104	0.239256791777216	0.317992517550625	0.27612792590145	-0.0990187577698976	0.213764316518228	0.0453399081621981	0.331962473570709	0.648834450429142	0.595873759223195	0.581996782454126	0.107120294990264	0.304778361082187	0.00724656697737308	0.215726307571862	0.196797507096769	0.108529648149957	0.203673135164038	0.284142308555256	0.113416907019226	0.168889492609443	0.235915098779366	-0.0120165929613996	0.0596300695903032	-0.0260890238144539	0.15725439671558	0.104088963832797	0.096147174753269	0.407522266530678	0.086227850885349	0.0968988451686899	0.0518083610740239	0.22186787055625	0.259555294253757	0.172400288305407	0.364364208354863	0.0445538601153133	0.252749201979368	0.176701715266521	0.303878830548393	0.300937601412094	0.0992371142243021	0.133537618311123	0.0890666020023271	0.538687205641094	0.116116618187663	0.0305434346557357	0.0146506789015266	0.470729818463394	0.132974105721171	-7.36614774790346e-05	0.00550721528150929	0.197419217197404	-0.0776498870327184	0.210586119561232	0.295925989722433	0.155539220266622
0.148959754424111	0.406085997747875	1	0.191754214927741	0.263929022173931	0.359675489046525	0.26568507645524	0.0725840697825232	0.0912477840434966	0.19259932473924	0.320179224606755	0.112011472158316	0.532290969409465	0.186371690068763	0.0747245170210668	0.26903474725203	0.354814429122467	0.260453270851945	0.452370031258513	0.295277676585961	0.101925245723393	0.122282953291453	0.421087318072465	0.153332853413025	0.224193808837504	0.314131376627002	0.323646597907642	0.166101187591409	0.192808540197872	0.277168973952743	0.280564763786194	0.0624722795242698	0.174355486070739	0.190558597252231	0.308097844103024	0.392541596684553	0.288285545811327	0.390898424111894	0.10418641747577	0.220001711120361	0.0406836027886302	0.234445604586056	0.228765657143091	0.190468169108021	0.308633698553675	0.368789048531911	0.134423754498299	0.0464670268453843	0.207661559533216	0.00309601214643783	0.00409069186716471	0.125872051158191	0.174576581876962	0.157944973257816	-0.0195346253645268	0.322400052097437	-0.00335285922217133	0.280167947973077	0.0893841075384315	0.174972772362687	0.231663887706498	0.168408208513986	0.309487719053897	-0.00222408680111123	0.179904218146939	0.189170178726013	0.203715549859328	0.218040896833562	0.0833442990578351	0.304515575407308	0.216651216536534	0.272830488552538	0.0234917638940865	0.194055330179088	0.0772531114732693	0.190815101181233	-0.000821940654565041	0.073155742962149	0.0893278677401625	0.267685216492971	0.0137353352423825	0.28326445664251	0.263107968812215	0.246376856549171
0.279003859329773	0.0119766674329647	0.191754214927741	0.999999999999996	0.130887126067884	0.0166023482626158	0.380541784250071	0.242694593189681	0.407261958697098	0.391246608262377	0.531134628992385	0.124731980632809	0.0432013418632321	0.260118860854591	0.639875708931458	0.466161062317972	0.289530851460945	0.292901109948583	0.0908015190337316	0.397415561820436	0.483705650863294	0.230111805136074	0.168716324352723	0.383565847489	0.492508299107594	0.363094668802387	0.229069884272344	0.524781779748272	0.365057824484828	0.137332934903301	0.405238228669964	0.503238655589056	0.366823651121527	0.415721368001062	0.308371399720756	0.0327951136521868	0.126979554904719	0.17385748895899	0.235722975696054	0.0969978544991228	0.337415004818193	0.33908116657493	0.19981213194643	0.137258875898016	0.354892517424306	0.162334060710854	0.380237539284223	0.242540888447702	0.102098148552757	0.299717914900127	0.0828265941902189	0.454241423273091	0.276695940618418	0.315890647766538	0.109351523247308	0.118727910441128	0.210667098649878	0.350514507077701	0.150923297456967	0.222235020784798	0.366746365860857	0.34058674021599	0.213261861561614	0.180289512632256	0.163983239066324	0.270414538471411	0.190155273805736	0.257793902705976	0.386044608189545	0.289232566660988	0.409161408206511	-0.11950416269757	0.209302553747049	0.366776387655351	0.464825097549157	0.0899134860239438	0.214251867066545	0.145339260814665	0.282597768183116	0.324807221503524	0.288213105692089	0.340657507135333	0.109576537116358	0.351818611873898
0.185638150498012	0.303605792939399	0.263929022173931	0.130887126067884	1	0.247523724120771	0.0771838970268201	0.154229135483296	0.193905113013135	0.250256619751186	0.298833366708968	0.209832274855294	0.163884263654568	0.361459195364299	0.0266624708910621	0.212131207374437	0.504411662643483	0.338982153900172	0.260198494241659	0.280242877500029	0.228068349067919	0.0726592102659656	0.230736050734792	0.126160347018842	0.106332269713984	0.308709790500382	0.511953462017002	0.073079233031585	0.511685295308296	0.44812931074828	0.459756402349263	0.0983851032814933	0.180544200140329	0.234590955168784	0.219731816418232	0.236655426506029	0.258649663461437	0.295037640621429	0.0597366051113609	0.140140505197255	0.0616559752821232	0.365580882559733	0.118859267550164	0.0461797828131691	0.240497209067046	0.229664125623489	0.22500364264011	0.194470866379553	0.215774474230211	0.0609540337066414	0.0608514202258075	0.118472116654368	0.117520336056623	0.180978855976418	0.0473245766413573	0.0983947801110562	0.297885584568073	0.26710045124357	0.205297405543343	0.386492961099724	0.300693475369826	0.275072315210946	0.398780802513156	0.11662527780455	0.255855712657791	0.401505817191975	0.434975665174835	0.245867600906486	0.0664382621122918	0.348543969500197	0.297468288279378	0.23798122439961	0.106533499371294	0.149339899646609	0.273631659993149	0.263684756134229	0.127224423474394	0.276090061139916	-0.0318680602985742	0.166316764973322	0.114732962084711	0.265162212785087	0.908315299993241	0.143013823766976
-0.0288998283269955	0.655109058728572	0.359675489046525	0.0166023482626158	0.247523724120771	0.999999999999997	0.111237819222652	0.0232705686966529	-0.0282504366901344	-0.017624890363742	0.068191070492636	0.0666591931140909	0.472928352578162	0.248512538938108	-0.0879907495240569	0.00335194689486475	0.341388008959422	0.346735322576542	0.426979452877254	0.0777386029580385	0.0244698209272333	0.145573293386341	0.54050432113798	0.10488993652702	-0.0297335831146794	0.239345174656224	0.323758728832276	0.0592322045725688	0.249364045132464	0.295959325087352	0.282475541205257	-0.134529637984643	0.181953018937054	-0.0131994370883651	0.37365540933945	0.601491740610526	0.562033391374782	0.517125782362545	0.0795132276473255	0.265870029528496	-0.0209423036837842	0.171206419447032	0.192530293393589	0.0778460619074214	0.143753081000912	0.263905550523761	0.050522032567238	0.124118758653466	0.169150227476696	-0.0617844115753954	-0.00652625907570613	-0.085626269014034	0.127690042851936	0.0761459818184181	0.0386730122377788	0.500361311943786	-0.00688288027883921	0.0385376884923235	-0.0606927443843509	0.109908183496852	0.192232418680502	0.156625270370779	0.276001594910585	-0.0841079318254306	0.154868942251084	0.100724870318821	0.225813242493429	0.264090587094777	0.0643611220088871	0.0896668972390505	0.0518685381745728	0.505772124573428	0.0751514307178333	0.0137113762697378	-0.0448176475136849	0.468891293536506	0.0402599537481493	-0.0817622256844811	-0.0680318236539674	0.209030882085934	-0.0926425459503354	0.176477565099127	0.237919417504888	0.161580365415289
0.183547467358854	0.153637454461822	0.26568507645524	0.380541784250071	0.0771838970268201	0.111237819222652	1	0.492199465538	0.155301033828918	0.201477650602138	0.297163246889803	0.327779824652608	0.214011327558023	0.261623594402115	0.257938967439088	0.209135222888062	0.225859993830576	0.179607823861936	0.143369570496711	0.234638666428588	0.198938475328298	0.540741726586214	0.205166661086162	0.556738070396924	0.275682008522613	0.334696330656854	0.202675949232472	0.335994243219843	0.160338062640471	0.207426056094573	0.235520596476601	0.172782204733228	0.278785824767331	0.277831306389876	0.174017242073485	0.160517745776294	0.166861791682975	0.154446361489531	0.466535970479685	0.478576130944515	0.571295867536469	0.222594210807396	0.594905468792782	0.451988490460735	0.217867067290562	0.399397875682447	0.199016462127125	0.183655269907751	0.415827254383345	0.238103366608379	0.406866506766194	0.320627108988811	0.597299319040522	0.285177959755293	0.380551885133364	0.189416812951115	0.0383522082004483	0.219930819517217	0.195411427460334	0.167567879421939	0.226138820334398	0.150173205994734	0.150856814105307	0.14350812433022	0.291295092901609	0.153989288207185	0.0573128458142622	0.298233105817848	0.416101356461662	0.266003258345298	0.163755344845333	0.0435694595758221	0.4741389660192	0.27108967259345	0.18787927966131	0.0804374087414162	0.2447239729314	0.0450309700250847	0.338663678258207	0.297695751247969	0.128340343683814	0.371101203161296	0.0770893667330409	0.566878424080514
0.151953182142683	0.103770443832406	0.0725840697825232	0.242694593189681	0.154229135483296	0.0232705686966529	0.492199465538	1	0.210768836288743	0.16000413079375	0.207009446100803	0.375631193145207	0.0404499878802491	0.319059276285958	0.144978038224522	0.133417376523912	0.146002791176439	0.166996604075758	0.00469956476733582	0.0918287287459126	0.182719146277694	0.416754130153157	0.10419195892202	0.484332272347059	0.136865687907393	0.202001603554234	0.11592327661288	0.202270758885369	0.185560809658149	0.186927420758012	0.148669018556386	0.21441488089063	0.212172967849478	0.212199158472879	0.0411909016920316	0.0900691456628196	0.150413645561755	0.121870351941984	0.389146167496185	0.367991105504766	0.535002575886529	0.206690396756344	0.454188831644647	0.341232286509694	0.199501942943519	0.23704259532635	0.236441186153062	0.301590406787067	0.394337081554693	0.249113548946856	0.463705352444974	0.280806439307148	0.47125683276625	0.250967289689793	0.440303977062876	0.052360002860515	0.199523742627275	0.130889485614004	0.26660826253978	0.265468104043742	0.187170448435913	0.184541128050089	0.146858230040601	0.286387088599074	0.280352305222736	0.207607406715587	0.131409547308128	0.230615043282666	0.299234988707455	0.150453226227443	0.173875220157652	0.0702592091284968	0.514995534794586	0.143359855887894	0.256830676466465	0.137594593582971	0.413093915093126	0.145706726786427	0.296789164788943	0.197912726259761	0.167964587490334	0.243103443569368	0.149149575824588	0.388250986483952
0.355941750292857	0.0194832775395381	0.0912477840434966	0.407261958697098	0.193905113013135	-0.0282504366901344	0.155301033828918	0.210768836288743	1	0.404237177882704	0.334282984355958	0.229031839428677	0.0551078894725387	0.150688474561358	0.385959797761303	0.447039132158456	0.175660061746998	0.21472385217814	0.12509462569415	0.404896100315185	0.480327678393877	0.174158796853576	0.068439367063293	0.205447530752825	0.358177894261149	0.205621130051684	0.182429540582249	0.319300959364082	0.269565281782321	0.162620122079175	0.27427720464409	0.348669317272967	0.266389718731293	0.348451374682934	0.253471379124368	-0.00930298217269469	0.0669464108447851	0.105078826275507	0.26614488588837	0.103243458690819	0.192075525298618	0.417460240114453	0.137829362800621	0.125150432912233	0.262492145232924	0.108404151477365	0.288136656335404	0.329056329934593	0.15402290502881	0.434188368911829	0.105207115236466	0.399198105653054	0.147776020541756	0.328709252246259	0.185966993578859	0.0706911387275005	0.330496974146952	0.308601448621602	0.177694214646211	0.269225887328902	0.29492483568492	0.312160006982268	0.200857547033161	0.22259469879183	0.120155659770851	0.365479213682889	0.289434224937273	0.15365983665118	0.242674918217067	0.2995040318055	0.338278963391258	-0.0894374610151572	0.165285677230192	0.441012550609035	0.344636277529486	0.0295125880694178	0.197496542938129	0.375129300251675	0.244924849104465	0.335312105683972	0.350351647435643	0.296892116799535	0.196603129992227	0.18225098648695
0.358339576477622	0.0501018640585311	0.19259932473924	0.391246608262377	0.250256619751186	-0.017624890363742	0.201477650602138	0.16000413079375	0.404237177882704	0.999999999999997	0.461602453198167	0.203391782534315	0.0915032726311961	0.171600412721633	0.324674936659321	0.366411496658067	0.241956764645505	0.21075681224494	0.0950116181144204	0.451819523012304	0.386410103530748	0.169557182076777	0.123697565679647	0.22225838276365	0.353714781124739	0.27085876111233	0.232372514628503	0.348515756733466	0.287688585648062	0.14156300009319	0.31608623057534	0.283222837400251	0.265736841776754	0.377631706985957	0.229131259479873	0.0436599955127879	0.0640137859293929	0.145172209698633	0.16509515346592	0.0539202229427469	0.225457893677245	0.329656669571065	0.160845276782986	0.132981321595191	0.246738708585843	0.189117553940519	0.302367813612106	0.21334364695069	0.163548152266359	0.284088016632873	0.0542695170715348	0.347953611767287	0.156031404758665	0.187457387549525	0.0934508472269159	0.00973984387596585	0.261235591802705	0.357875936173477	0.237283561318861	0.290451565715213	0.280531190327544	0.274916431054016	0.219158094640749	0.200065967069383	0.230089528797263	0.388142389089463	0.278973644693958	0.208687865627529	0.21157623520597	0.416152736876179	0.346923092701861	-0.0472194226997724	0.0972727643900594	0.408729776701454	0.328854496970857	0.0215591119573735	0.188843802560454	0.334743795890637	0.219175718144934	0.229941701046215	0.294785329605441	0.343038960609327	0.236366655274315	0.235565976254554
0.337733280700268	0.122390536651557	0.320179224606755	0.531134628992385	0.298833366708968	0.068191070492636	0.297163246889803	0.207009446100803	0.334282984355958	0.461602453198167	1	0.225215457885098	0.117225881147751	0.332075921272105	0.382380574601422	0.472119713801554	0.264698499429898	0.307381045004668	0.168832427598831	0.511697889806724	0.392277850246359	0.184609460204801	0.182154225197981	0.24905406270005	0.460798579685306	0.354580000183668	0.235664098721464	0.396095775707619	0.342865520573736	0.220658877468647	0.351693114649304	0.40379610097085	0.30956189366009	0.392554903124436	0.309817367551088	0.130102913359601	0.141770186010743	0.172613828917126	0.166669273313791	0.0854163201308637	0.259591892625098	0.322857925881976	0.182228240359196	0.184689895556263	0.359061134000312	0.246827267914667	0.347361713690639	0.191253965795318	0.244716195621594	0.214758891997527	0.136966571316136	0.403104814693159	0.244715764885699	0.255880907245699	0.0822236332983536	0.0267944567332014	0.264107303030491	0.493751661869629	0.261319700819095	0.300364656913392	0.326604781720985	0.304887779081547	0.25740006391714	0.189368860607483	0.324641096467893	0.344086680981235	0.297027322340503	0.264033905019965	0.266790400796423	0.496892523265919	0.477812718406954	-0.00345417846893107	0.177421380584223	0.417269735194774	0.508030581359683	0.0838531300151806	0.160878678893106	0.29790200220355	0.236125389553489	0.258734140135013	0.308365886409747	0.35083016792984	0.277080205316437	0.241626327474036
0.211197552804654	0.159835710638191	0.112011472158316	0.124731980632809	0.209832274855294	0.0666591931140909	0.327779824652608	0.375631193145207	0.229031839428677	0.203391782534315	0.225215457885098	0.999999999999998	0.105584038888951	0.296024496632359	0.0461821538846511	0.169950230162906	0.138685730477432	0.157442019894597	0.088123734180282	0.226271965162863	0.202717056890224	0.348534866613553	0.101935045549277	0.305446840549374	0.132337833339121	0.183804302241809	0.147567705316122	0.162769235132923	0.167369108915007	0.228334038956421	0.146602005678737	0.167227494362709	0.174654382094346	0.283195472238292	0.0583179765009245	0.13568209566549	0.144666832720862	0.120201770412028	0.335830056569867	0.299360648047079	0.35286722654044	0.22715262031766	0.31533970855608	0.33224752526006	0.133697704519758	0.394499490241553	0.276478121831557	0.450050091108831	0.560639657127897	0.374779294126258	0.449848735726336	0.343113692098505	0.358383666760722	0.327306134191885	0.337359645711764	-0.00170336341183222	0.209540912353903	0.198377313871282	0.35965291451456	0.36011963031663	0.262615480956307	0.20980219195123	0.17991208655129	0.328608101480796	0.375574545910073	0.258094586163888	0.167875435097043	0.273399921357087	0.191596305349913	0.285936184536829	0.20197364136867	0.109084289086354	0.407336783464999	0.289894609328191	0.22476954815752	0.102928592838498	0.308998859966842	0.215248462514749	0.217874339793865	0.300764623389648	0.228147679381416	0.416662340576915	0.196345426272692	0.229666946487118
0.145105516298572	0.477767591213928	0.532290969409465	0.0432013418632321	0.163884263654568	0.472928352578162	0.214011327558023	0.0404499878802491	0.0551078894725387	0.0915032726311961	0.117225881147751	0.105584038888951	1	0.123522051660289	0.0200792593667394	0.158462803834672	0.242757221579891	0.154440982738396	0.563316642697379	0.189387105904055	0.0204786935896355	0.155031959206694	0.406880394997833	0.115950389518839	0.147469449588415	0.164402447208021	0.266117244159952	0.11549071084735	0.0738089793574276	0.215683240479714	0.169584390140791	-0.0212086453446384	0.071848779865199	0.0769953892186875	0.289492422240297	0.492337368030468	0.338598341632818	0.350130005140709	0.148219313202475	0.31791599809911	0.00111059773933472	0.134999913349669	0.230495619785695	0.267651684899884	0.15804390706703	0.325951703684765	-0.0372519134168581	-0.0148643730534834	0.214894776432203	-0.0429642054101605	0.0475333866484173	0.027930001980856	0.188818652814912	0.159761612327731	0.0643632577496397	0.439479865494252	-0.0304495905548904	0.178590123732712	0.0104997299211252	0.0761156317171011	0.109778578085877	0.0682384016852288	0.190034115408666	-0.0349888245915504	0.150883644541145	0.118877629412575	0.160845612856429	0.201528914094862	0.103678249653843	0.263048451203996	0.0800827136537126	0.391956941539343	0.0682933881556203	0.157093734141333	-0.0506147869842019	0.219511406836914	-0.0343756301044286	0.0260875922155071	0.0543152235224243	0.179322992167083	0.0267672228365791	0.190146691291528	0.166855651647786	0.206981280006879
0.0893941217415727	0.277174866857086	0.186371690068763	0.260118860854591	0.361459195364299	0.248512538938108	0.261623594402115	0.319059276285958	0.150688474561358	0.171600412721633	0.332075921272105	0.296024496632359	0.123522051660289	1	0.0757063993960625	0.103116327316406	0.382357377336259	0.318703177436853	0.114512133814875	0.169014694810411	0.180171327074218	0.238205268963472	0.235780430041061	0.264475800694677	0.0642138617712479	0.331118685218481	0.330738407100617	0.180792150308227	0.432341897254308	0.378155167737647	0.348634636713155	0.126254817211675	0.348055329878074	0.207576037494838	0.177775078459209	0.254139468413819	0.304010678208203	0.273340843419256	0.183750520860806	0.213655654079668	0.235650259040462	0.287665999380942	0.269045584392131	0.133723153908846	0.21765790016466	0.242086411840477	0.275157627547055	0.37883984495628	0.322552584656188	0.193500755209679	0.285789370853677	0.156593954535377	0.259152593167229	0.201039909675602	0.209043731029103	0.114034500914068	0.210545827327423	0.119935682251066	0.228101747723039	0.316739993784875	0.336799812559013	0.279328236454811	0.306296935653094	0.248136305264736	0.301929762520607	0.233933297868299	0.272900572017984	0.264846830280194	0.213656431445681	0.181703859100849	0.309731324192404	0.198004117969334	0.263737841478251	0.149064083125818	0.291084619241198	0.335256746255893	0.341268298453679	0.129015625173204	0.170586436191538	0.271054715339553	0.11512802615886	0.260020316495009	0.331918534669558	0.245011812599906
0.286061838800283	-0.120727408257996	0.0747245170210668	0.639875708931458	0.0266624708910621	-0.0879907495240569	0.257938967439088	0.144978038224522	0.385959797761303	0.324674936659321	0.382380574601422	0.0461821538846511	0.0200792593667394	0.0757063993960625	1	0.445237835776927	0.145337101258275	0.178826341479516	0.0666012276279672	0.38205585677586	0.487736325584701	0.203318658529162	0.0832595027976636	0.363804420300993	0.526244889104185	0.21740389467867	0.120063092229916	0.50520090029204	0.240302523519448	-0.0241210640892337	0.288549562021327	0.557783896975927	0.224266712814233	0.358322509082031	0.2529522977748	-0.0972730271151536	0.00414345005481195	0.0519039608084642	0.226001006496352	0.0430884886115232	0.276140081128666	0.241143716995844	0.122806744535778	0.12251327644362	0.251036874748541	0.0879908597777175	0.264900097122857	0.122060089627992	-0.0219743241743444	0.212282240310849	-0.00655923911362359	0.433220446552085	0.200536217142302	0.33566802333282	0.0968931006521953	0.078608171502849	0.168194651983223	0.303011501352308	0.0356205226006027	0.0744173105082267	0.234648798067569	0.253813720885031	0.0846328503184041	0.0701017695403587	0.0718197322938049	0.189297275964716	0.088059580905402	0.178537961306643	0.382173311262635	0.24705017147917	0.347323332121375	-0.229439850606892	0.15334578632482	0.320468782044379	0.377192809048832	-0.0369552338001176	0.0925336324932702	0.112095955107797	0.158871822765414	0.247743189413642	0.294088352129515	0.279466372168826	0.0141349247672321	0.261361725139529
0.428367875187757	0.0398182923149874	0.26903474725203	0.466161062317972	0.212131207374437	0.00335194689486475	0.209135222888062	0.133417376523912	0.447039132158456	0.366411496658067	0.472119713801554	0.169950230162906	0.158462803834672	0.103116327316406	0.445237835776927	0.999999999999999	0.212821163374832	0.171888169620764	0.318161810366483	0.53688301115318	0.373953969513891	0.114399641946886	0.0754629310699819	0.142832092392716	0.610138348004518	0.194220128328198	0.178264651864287	0.294763595464571	0.161360017050516	0.227799893738084	0.260268703381417	0.446586798082796	0.179389146463984	0.363167689963301	0.306875688406155	0.0257713609485901	0.0237449501891869	0.0778611289892054	0.129970766437455	0.0904210427677915	0.154015879847371	0.310430352956076	0.110972780536302	0.219697832950102	0.240099621028902	0.222471765315168	0.199341306353341	0.103634369098662	0.173816423922168	0.197113567643787	0.0314627174646363	0.384341743457526	0.169724598829713	0.316221868590524	0.0852741831540486	0.0790371089904528	0.235345434006614	0.514716274134019	0.182329093479102	0.251378802368453	0.237362360524208	0.301963286662536	0.164604435837929	0.124991218964551	0.207513094501204	0.29209537396597	0.254179231257784	0.186305449834944	0.19064649422587	0.462596968135298	0.413659543640705	-0.0428206551334435	0.105079903471374	0.408218953381697	0.362572718350112	-0.0220619003755438	0.0236660150893669	0.344895039235093	0.188263435427745	0.267788535477421	0.390295822598893	0.232614396170854	0.212181887864701	0.157634411392236
0.106485527379638	0.351573601337193	0.354814429122467	0.289530851460945	0.504411662643483	0.341388008959422	0.225859993830576	0.146002791176439	0.175660061746998	0.241956764645505	0.264698499429898	0.138685730477432	0.242757221579891	0.382357377336259	0.145337101258275	0.212821163374832	1	0.403918017677065	0.287225415676146	0.275007089684706	0.313569771154177	0.163036516725396	0.374852790033955	0.271613590951511	0.115275605567246	0.41047754566046	0.592984699028902	0.17667360415975	0.568529936998205	0.530071282275119	0.600555261355416	0.0165828557997676	0.308315328768044	0.229059531401838	0.294148956191558	0.242546201758269	0.296013766290304	0.37726437358046	0.137779312415203	0.240445487156089	0.112903029886134	0.412931481182106	0.219691893070888	0.0619402302033326	0.241324663961506	0.324771616045795	0.237101949846827	0.223439290034818	0.176663133872643	0.0613024657283769	-0.0312346019305267	0.180972124938113	0.168583038942959	0.202124038639813	0.0645219591872639	0.230152896701604	0.111021219780332	0.177049407385671	0.0468481574684774	0.250671613439422	0.343882982713014	0.312308383226833	0.407419871892055	-0.0102683382402995	0.166668829940699	0.277285347676573	0.344240323647587	0.279717066791198	0.154507552694058	0.266151185765393	0.292665926202124	0.215853475733485	0.111463097668329	0.169826057650177	0.218869477672004	0.327036725446028	0.148632309901895	0.101053851216414	0.0308711646272739	0.271526300486185	0.04079291386947	0.374164262219706	0.479549817014967	0.297055304611779
0.0770540657675248	0.365958801072498	0.260453270851945	0.292901109948583	0.338982153900172	0.346735322576542	0.179607823861936	0.166996604075758	0.21472385217814	0.21075681224494	0.307381045004668	0.157442019894597	0.154440982738396	0.318703177436853	0.178826341479516	0.171888169620764	0.403918017677065	0.999999999999995	0.187174690843182	0.239811173960679	0.352389242695199	0.246537631979809	0.420786457084322	0.301076044720769	0.122526038588432	0.388330729220626	0.422414935960931	0.285508943985771	0.479036537981786	0.30543974483842	0.485830489652865	0.0962521876311222	0.381101334936008	0.254785845788669	0.343659613738908	0.276658576364655	0.3779144845931	0.441392089919547	0.186752642500665	0.181630924439522	0.185642690072349	0.409702394210299	0.20472509585408	0.067100713288295	0.312166327047146	0.23543882046691	0.349320134751785	0.310110944767588	0.17126884615194	0.164362039025376	0.0197422909705133	0.184632055164626	0.185541881228007	0.189584978900662	0.0934228503166917	0.228610783556071	0.178978277181574	0.153645695512281	0.0673750214626238	0.341230005032373	0.393036027327774	0.39228529278539	0.422396320336289	0.0667503232037824	0.235862529363684	0.346209408797678	0.358887799105205	0.392614182940427	0.225418812613632	0.203437664919616	0.270090436072693	0.193798963281399	0.183244290306737	0.159621274165456	0.283918667745554	0.413693823600662	0.169949049524676	0.0635998087480135	0.0749028011462175	0.352807394992968	0.0475520973348476	0.397742338010546	0.32605935128064	0.247254946004369
0.202870806284785	0.414664266642954	0.452370031258513	0.0908015190337316	0.260198494241659	0.426979452877254	0.143369570496711	0.00469956476733582	0.12509462569415	0.0950116181144204	0.168832427598831	0.088123734180282	0.563316642697379	0.114512133814875	0.0666012276279672	0.318161810366483	0.287225415676146	0.187174690843182	1	0.326830052271701	0.0858341196180331	0.0782676574465504	0.315520877704342	0.0314074581502301	0.227535267620252	0.0794613999333937	0.264745688507906	0.0389133894873124	0.103483516622315	0.246458405639682	0.192775594762086	0.0257286929548148	0.0142174319038535	0.0443982191357713	0.363740337862271	0.374118436024506	0.275826994694738	0.287706246836608	0.0636219642936837	0.288939683330762	-0.061074196541191	0.206716085046148	0.150439370518906	0.214132516576158	0.138573617410352	0.294062945667607	-0.0157915156853186	-0.0142213482761967	0.174062992308937	-0.0591839891695368	-0.0240958765666643	0.00878013799814508	0.110865079950206	0.187589174022331	0.0388724114406222	0.398940259056231	0.0893625627118092	0.326379097313341	-0.00113636507806794	0.15771042411166	0.131321731103996	0.149339826079259	0.240771952203896	-0.0448428580680923	0.155983727960078	0.17533229944647	0.286947428603274	0.205047171928783	0.0429350486177817	0.31641452699712	0.175053525814569	0.33245153835158	0.0325685119978394	0.168498550454632	0.0297095942052558	0.205963043997449	-0.0776153272208205	0.155060556271531	-0.0395129219080053	0.159382129329565	0.129411591563238	0.163153595069744	0.265159899532364	0.111320108366864
0.409131215514954	0.0893229808315622	0.295277676585961	0.397415561820436	0.280242877500029	0.0777386029580385	0.234638666428588	0.0918287287459126	0.404896100315185	0.451819523012304	0.511697889806724	0.226271965162863	0.189387105904055	0.169014694810411	0.38205585677586	0.53688301115318	0.275007089684706	0.239811173960679	0.326830052271701	1	0.423958329581653	0.158350151507877	0.174905766662673	0.185008393607337	0.479942623592804	0.244187169028039	0.24462326116519	0.325284831653399	0.25785267702489	0.253252736316041	0.379927643051074	0.280761303785878	0.200484238060595	0.308465721189887	0.364932911048756	0.0526485468572011	0.0792611770880855	0.119380771761559	0.113164987886429	0.120657101863114	0.16434749092101	0.393441515028305	0.126471970774191	0.21340929607906	0.17254621548155	0.325283236622269	0.280049387210373	0.149759653145913	0.235091791706258	0.210480366256976	0.0196372121607833	0.402866323097135	0.202522034085421	0.324359838062192	0.0459464285936188	0.105241156629111	0.234863555332052	0.442695016063132	0.172231852511616	0.322022499139776	0.272135234570217	0.389406097699366	0.236351299362544	0.0785889082486672	0.290703234596187	0.363625386704042	0.350307820423222	0.22627286928606	0.193492884092284	0.529848116114449	0.397744286315229	-0.00589541338695109	0.100031702417122	0.435445020892158	0.330528597672605	0.0320832896377122	0.0100572670127713	0.332239021473838	0.110141349364985	0.277761968634086	0.364275608514852	0.351981755650814	0.274260963690572	0.198071917475156
0.269542477510273	0.0322684934322325	0.101925245723393	0.483705650863294	0.228068349067919	0.0244698209272333	0.198938475328298	0.182719146277694	0.480327678393877	0.386410103530748	0.392277850246359	0.202717056890224	0.0204786935896355	0.180171327074218	0.487736325584701	0.373953969513891	0.313569771154177	0.352389242695199	0.0858341196180331	0.423958329581653	0.999999999999998	0.205366496466098	0.184152858455407	0.284421161724953	0.328708815493154	0.31699831684588	0.277571535071601	0.436901077500469	0.389813403595461	0.154274696055231	0.454089929749729	0.344503130071547	0.340041852059095	0.366848438380391	0.30423478460889	-0.0397723442437855	0.0913036245725302	0.178584434928371	0.22505227620363	0.0797602484673881	0.261231930029206	0.451580561085703	0.134408604636162	0.0499910860474943	0.275842032815214	0.189268388241259	0.461696925330739	0.337816583919616	0.118998390985408	0.331593252892602	0.0364937280698189	0.454133185967946	0.185201009725082	0.34229753300133	0.121062411391455	0.070939199547016	0.286136419146328	0.29666091065991	0.120650687447585	0.315936464164574	0.387513999772998	0.434430944644719	0.317108016539295	0.111049022258164	0.176437321710148	0.376670985978914	0.323753580947684	0.269347839564696	0.286616663718199	0.293330895270329	0.399013552356943	-0.0936233302251603	0.158644978977396	0.42882530518175	0.442485535159449	0.0680761467453125	0.198488087214462	0.254377722395824	0.0997826937253429	0.3845995490402	0.264233162182044	0.456564754507343	0.212804438925648	0.206368571899388
0.153627329870603	0.137242253798914	0.122282953291453	0.230111805136074	0.0726592102659656	0.145573293386341	0.540741726586214	0.416754130153157	0.174158796853576	0.169557182076777	0.184609460204801	0.348534866613553	0.155031959206694	0.238205268963472	0.203318658529162	0.114399641946886	0.163036516725396	0.246537631979809	0.0782676574465504	0.158350151507877	0.205366496466098	1	0.186136996571121	0.594995465569161	0.185132831644175	0.369025379017328	0.227833773632899	0.350050514101551	0.219212705125014	0.183596284657802	0.277678658252256	0.130145858609174	0.314550685452527	0.24226769784239	0.171578904636093	0.101541851162012	0.161012762193635	0.151178108867245	0.601769723259992	0.520000354094241	0.536629076911863	0.249203316881727	0.633972970524051	0.477123765972578	0.168627739151538	0.343784976940708	0.153994002301869	0.284784591296032	0.39648094795931	0.261469111307275	0.422255920480117	0.217840147447234	0.62702161150197	0.233999663929094	0.452026957835623	0.187815351299972	0.0507999659623328	0.0958694261320908	0.107909262855202	0.155300555457837	0.211371807885693	0.146497939258593	0.15293976507701	0.0706088270856041	0.236401752060548	0.214389860998613	0.102411138605099	0.334604716439367	0.448534098918696	0.221549535541065	0.082152594356636	0.0625840403095565	0.587986220801435	0.257425742494704	0.140804227263343	0.147768109024183	0.289276925908203	0.0263758105752295	0.306778362710531	0.316255733928509	0.0779240402463399	0.379884524824443	0.0645172438262011	0.564441424689682
0.0155969229962527	0.59124186091189	0.421087318072465	0.168716324352723	0.230736050734792	0.54050432113798	0.205166661086162	0.10419195892202	0.068439367063293	0.123697565679647	0.182154225197981	0.101935045549277	0.406880394997833	0.235780430041061	0.0832595027976636	0.0754629310699819	0.374852790033955	0.420786457084322	0.315520877704342	0.174905766662673	0.184152858455407	0.186136996571121	0.999999999999996	0.225382496432066	0.0529559249497916	0.322009820559262	0.336667483735074	0.204779193030941	0.297536940720574	0.245061165085666	0.358350662048274	-0.0332796843836335	0.278431409801132	0.170396742553213	0.383120911253344	0.503375072628461	0.550412280059027	0.603820614728684	0.120782765187573	0.187879884176381	0.0847091947277143	0.251593570824325	0.200149002033515	0.096219296593533	0.263122707527519	0.284432190807166	0.233689116903926	0.191842663569395	0.173866961516662	0.031440609600456	-0.00674092815870322	0.129729382499514	0.148265199236699	0.157640422194136	0.0322672064441567	0.383169845296112	0.0487954313691163	0.0790732358898335	0.026014618638902	0.207961725451849	0.311035771823391	0.217459959280539	0.342159886927177	0.017960685125341	0.200494564631056	0.221565783279086	0.232222874224164	0.271846047866768	0.155623576400214	0.141935729196375	0.182750806539415	0.325307830527163	0.0492139222538602	0.110249788786825	0.0856594830392724	0.381727090394708	0.0815442230120259	-0.0159042564020625	0.0403123431315944	0.267574858522614	-0.0415441279016733	0.330587494836765	0.22931503477162	0.239450466722359
0.131151137508325	0.115409582872612	0.153332853413025	0.383565847489	0.126160347018842	0.10488993652702	0.556738070396924	0.484332272347059	0.205447530752825	0.22225838276365	0.24905406270005	0.305446840549374	0.115950389518839	0.264475800694677	0.363804420300993	0.142832092392716	0.271613590951511	0.301076044720769	0.0314074581502301	0.185008393607337	0.284421161724953	0.594995465569161	0.225382496432066	1	0.23149441313788	0.408208389558346	0.277102503638661	0.378792729539497	0.308271437535207	0.183487515617109	0.349449700240317	0.171600820527577	0.333167799299966	0.336628699059559	0.152579763093206	0.0914242231604316	0.166008251589109	0.188929726912267	0.505881993779427	0.403778609657059	0.548784624402805	0.300349372503757	0.553315393530314	0.385565379984274	0.252600783021581	0.344187994320368	0.254277791806909	0.297826200238771	0.325621224844724	0.232873398169927	0.300798795479304	0.319363559274727	0.518367915666673	0.301584719188251	0.339388327857115	0.173293133929473	0.0361259834534125	0.12524527789327	0.12401694965826	0.166147913949122	0.254351698693207	0.187325498382773	0.176917092420977	0.108876935136527	0.225034537045506	0.208159642887327	0.0908495877538064	0.334850788997624	0.440570645471564	0.233190377620218	0.193826281841023	-0.0310213922806823	0.508438307998276	0.227491131107089	0.2151065191336	0.123031769296711	0.305911645161167	0.0145552463005295	0.26165190539042	0.309961147044678	0.0784575919727737	0.461580571331576	0.115597745000286	0.646441719865707
0.393766125143728	-0.0280583913026107	0.224193808837504	0.492508299107594	0.106332269713984	-0.0297335831146794	0.275682008522613	0.136865687907393	0.358177894261149	0.353714781124739	0.460798579685306	0.132337833339121	0.147469449588415	0.0642138617712479	0.526244889104185	0.610138348004518	0.115275605567246	0.122526038588432	0.227535267620252	0.479942623592804	0.328708815493154	0.185132831644175	0.0529559249497916	0.23149441313788	1	0.187151248870078	0.141985827093697	0.336184047139691	0.116180047553946	0.0898575946198086	0.210732291962103	0.503303969018127	0.141450711666696	0.339267481517429	0.239013644875389	-0.0110617704728231	-0.0151686540503807	0.0108947980294434	0.171300944955444	0.105565074590631	0.202410072270652	0.222761026758593	0.159590630582726	0.265773284727721	0.194261824346791	0.234488378834165	0.145706280389547	0.0572279908593319	0.165200889866664	0.161426552338188	0.0353501960848622	0.367040552826807	0.238273485654497	0.322645519767482	0.0576697517368791	0.073240710950976	0.127285522141591	0.467226667483202	0.129957232092106	0.144005733839475	0.133784485534439	0.199200551932612	0.0474563510509307	0.0667919395261783	0.203943656063898	0.224551307080112	0.128390777924088	0.186769121353175	0.245380686774636	0.454341461463083	0.318859026487906	-0.0651443192450202	0.139798900152463	0.41029151661381	0.313900866430102	-0.0679316484480079	-0.026733354038908	0.22768183495044	0.165129836053179	0.267907162144925	0.324767629999633	0.253990791692454	0.0979504449788312	0.237383859538703
0.120021342878966	0.235547627783691	0.314131376627002	0.363094668802387	0.308709790500382	0.239345174656224	0.334696330656854	0.202001603554234	0.205621130051684	0.27085876111233	0.354580000183668	0.183804302241809	0.164402447208021	0.331118685218481	0.21740389467867	0.194220128328198	0.41047754566046	0.388330729220626	0.0794613999333937	0.244187169028039	0.31699831684588	0.369025379017328	0.322009820559262	0.408208389558346	0.187151248870078	1	0.458328593036841	0.389191066635595	0.466560870890254	0.438015132699405	0.52413119453607	0.110189472318961	0.598420201515607	0.358574425589691	0.262870145477746	0.170395291287483	0.236480754053805	0.307823953385234	0.279297262583885	0.212852076166598	0.292065790618804	0.326366494574876	0.347302366140163	0.15495271199304	0.365471941350821	0.27888913626233	0.341318009641115	0.287181810877076	0.217269480597917	0.241753402585379	0.0988568091082186	0.271288940413278	0.310259365910449	0.191369267324448	0.0910499547507395	0.187859703338977	0.0667809000667725	0.121227611022971	0.0876591080428127	0.262304847784933	0.372952121397364	0.273201219943987	0.34858421811114	0.040225496049604	0.227029613423458	0.332981125864385	0.216960964409989	0.32544407287673	0.288240920473434	0.27771142093092	0.243258273917116	0.0443893834013431	0.21027520147051	0.286161391446757	0.274347486125043	0.203162559588443	0.17865629402962	0.060672782933992	0.263654097053	0.399832388001597	0.0186487731736075	0.428593461060618	0.290760737062014	0.477289694007444
