1	0.0675490722825869	0.0583723050467393	0.0719772566508919	0.0603598660854231	0.0892643516515831	0.0368770206784946	0.0451758236988147	0.0397319840832764	0.077397304679767	0.0811728351779388	0.0536023499690229	0.041071504676591	0.0582312519376542	0.0458972075718974	0.0558474337593294	0.0626939695538284	0.0801628779945683	0.0395768409580795	0.0302165808665601	0.0551020997940967	0.0481128688322212	0.0540905705646604	0.0382917964389675	0.111851032667367	0.0571366777120623	0.0332283473166634	0.0296080752589448	0.0352281728867603	0.0533646402141981	0.134225073163882	0.0467676047043964	0.0498472626553778	0.0663884682016571	0.0645834360261047	0.0442000717117486	0.0749338759975287	0.0807562184456843	0.0656315771239598	0.0590256067608259	0.10034965129866	0.0539741932051904	0.0428428602568593	0.0544904683555192	0.0618857303115167	0.0932176336227716	0.0514920128282282	0.0466921650820149	0.0823447656658799	0.0573521390928079	0.0496177761130164	0.0617338425899833	0.0578113253210074	0.0743494172828101	0.0672476717030641	0.102442416403862	0.0576670825009138	0.0571138863000912	0.0564888091860509	0.0438027591728265	0.0385607908736455	0.0827300772345273	0.0938108224495889	0.0492256086108824	0.0958282394331599	0.04941247091028	0.0370727066212235	0.0421811221380795	0.0690875413357036	0.0561885180336454	0.135277611226024	0.0568885261868486	0.133205922379378	0.0664797898919565	0.0489946518181389	0.0389929892479961	0.0615998639511346	0.0616087842730382	0.0551581465100485	0.0388626330266826	0.0722290482910661	0.0639344264523108	0.0514153642300477	0.0377608958034074	0.0612665619879418
0.0675490722825869	0.999999986584241	0.0371812087956835	0.0445395993341623	0.0419406686963846	0.0544016216922673	0.0387804769651308	0.0281547216693059	0.0208803486060146	0.0446516587340001	0.0459863139332165	0.0293265944454931	0.019700922331386	0.0376036099666555	0.0383000052849792	0.0336478778220741	0.0511649707373674	0.0449460467434089	0.00993750026533313	0.0142076518029484	0.0314119938322709	0.039615920987779	0.0297073067887251	0.0180013770087161	0.0634759192508684	0.0283014582646192	0.031434809442117	0.029011267315846	0.0146380623436978	0.0436879624118861	0.0691739475719882	0.0310803075649767	0.0305074902238808	0.030085603244446	0.0486427417062312	0.0368503368733618	0.0511861862007055	0.0439298032222118	0.0355553948582428	0.0311105995707923	0.0636044367967101	0.0397990306084761	0.0306406755733103	0.0424365835732265	0.0565032502207609	0.0538619375727822	0.0370232670577119	0.0357924016345643	0.0519397583601326	0.0473032375409789	0.033319753766437	0.0407153059209161	0.0323390595030537	0.0593828051993648	0.0497670629046322	0.0550390008300459	0.0454564848285688	0.0263079149692793	0.0359500372940814	0.0376417451047425	0.029822195952507	0.0479479499813859	0.0506683951045537	0.0330978441859041	0.0549040536433339	0.0442583300490837	0.034744177918132	0.0324071236618529	0.0373734343639316	0.0397742576046894	0.0703731500241878	0.019365933835054	0.0651665834190149	0.042013438767555	0.027185812544698	0.0305586737021146	0.0487465499794355	0.0262652675880306	0.0232578852367379	0.0321499962573449	0.0507570248380748	0.0289765253580997	0.0389422523100755	0.0275275296863284	0.0356585574960413
0.0583723050467393	0.0371812087956835	1	0.0404649410031037	0.0368365256502771	0.0398894840428234	0.0155440532218786	0.0304179101168008	0.0287142148920613	0.0305725612640505	0.0404548204042768	0.0272342973645417	0.0269035671062763	0.0305712675333594	0.0314759208881169	0.0282688520761833	0.0368307514996943	0.055414142292457	0.00751488082421337	0.0119377283365625	0.0206514282004608	0.0206514282004608	0.0211593527837262	0.0170161801376776	0.0501671909096248	0.0220789350415401	0.019805036288452	0.0156669577404611	0.0263616536027285	0.0196531902803879	0.066855318782654	0.0185508745839438	0.0211438480223891	0.0189553792850368	0.0214410860827511	0.0208925105126513	0.0334770039119345	0.0353315062341426	0.0202311417192397	0.0373505186637525	0.0599020495670047	0.0454682372990338	0.0268629018696109	0.0194381429749563	0.0370636747004832	0.0464834200192027	0.0321771872922637	0.0334140343227924	0.0310454117621773	0.031284305770842	0.0314951127036178	0.0368793818685462	0.0426257016059158	0.0385972505675292	0.0431127312749965	0.0486358160683862	0.0329732574476183	0.0298445927392414	0.0348532568089104	0.0360548502192571	0.0150308090469788	0.060466355650781	0.0577977423148376	0.019945328253512	0.0427202238039448	0.0278775875592906	0.02387965689465	0.0183749838605702	0.0387938332338228	0.0317419101804741	0.0611828754127899	0.0162715428392657	0.0558525527604056	0.0348635165167062	0.0262016480791241	0.0385242368988965	0.0322378144428782	0.0270857407848901	0.0314133557469805	0.0298559708827404	0.0365373959954043	0.038191196684038	0.0372326313466163	0.0216818892589697	0.0272324310548077
0.0719772566508919	0.0445395993341623	0.0404649410031037	1	0.0373361750039579	0.0477000028781075	0.0217100737290724	0.0381314445663554	0.021589551213917	0.0441595993247098	0.0493484112746306	0.0263307168647025	0.0342436500155177	0.0321862417579897	0.0331387678734409	0.0279006598872316	0.0304605245268839	0.0435438252281451	0.0188393029452291	0.0179553758002707	0.02977073079646	0.037545089275039	0.0257055594645478	0.0355585781258595	0.0642933298749421	0.0357721450668755	0.0276629353050768	0.0235657192919608	0.00792739370432394	0.0310431780633027	0.0734680651995526	0.0341115627292951	0.014453049436285	0.036297746814843	0.031101680657191	0.0261875330919639	0.0447705680934852	0.048732144240259	0.0391386691589978	0.0407307561179637	0.0685514011075353	0.0318197032162298	0.0315669578833117	0.0341179297064148	0.0379061214743541	0.053846995833672	0.0350882527415604	0.0389531786444612	0.0559127960262495	0.0504440757854694	0.0249959338563339	0.0434172952660404	0.0487891322165032	0.0489974624330163	0.0442111621385329	0.0528377014029983	0.037851112347412	0.0336675078712985	0.032759614057241	0.0342459567673745	0.00941862028419382	0.0625277043840575	0.0610105444651045	0.0259096554114101	0.0581683807504063	0.0393191827428148	0.0344266846573777	0.0322507566601591	0.0510750276032863	0.0314069940305516	0.0728156597947216	0.0168246246917005	0.065816626774586	0.0475994366671965	0.0303156907442567	0.0362096094528865	0.0438832652382329	0.0384849858300262	0.0362259464704263	0.0240518905349357	0.0377804805050508	0.0387092650125243	0.0330851405723487	0.026089478403501	0.0389214334676421
0.0603598660854231	0.0419406686963846	0.0368365256502771	0.0373361750039579	1	0.0472032618983811	0.0369005804257339	0.0265069903233947	0.0242862725177172	0.0496835812321268	0.04439922819978	0.0197429644589316	0.0248247598665201	0.0239752145861194	0.0271059036915968	0.0228223793813471	0.0356844845571063	0.0453048837659694	0.0254327525578298	0.0165245889310855	0.0333583932329586	0.0285894344114312	0.0405724521049754	0.0314131149599495	0.0622408007197836	0.0297820180740498	0.0339508911356299	0.0144568128261047	0.0170252200796099	0.0344686505663662	0.0677438049812111	0.0266323526129112	0.0248338514543628	0.0381805025063834	0.0310975691459495	0.0299953056299104	0.0492241615006817	0.0358637752280865	0.0240043013512196	0.0275656067793782	0.0552637849945081	0.0390545317129459	0.035641271183306	0.0403789887270236	0.0300913661775186	0.0575045281175941	0.0386070955447905	0.0354606205440703	0.0368388906675821	0.0343698644583247	0.0371417297920564	0.0384720191453594	0.0410417308087085	0.0512225525890899	0.050647907755816	0.0432086935810585	0.0352332630118717	0.042856289143158	0.0434301648066142	0.0315153550978371	0.0254327525578298	0.0371629721644776	0.0617673783401949	0.0167309978801961	0.0544641256653738	0.0369881833686275	0.0220347105232002	0.0301509433051864	0.0434757204626967	0.0431802324803501	0.0737925255745931	0.018769330271472	0.0571311509365007	0.0393255583964529	0.0316216520572523	0.0391047196768739	0.0368358567649785	0.0347205749503676	0.0193200338555241	0.0177066685006544	0.0379317658371677	0.0229749638479066	0.0296659749228211	0.0360256543303432	0.0351882405511366
0.0892643516515831	0.0544016216922673	0.0398894840428234	0.0477000028781075	0.0472032618983811	0.999999986584241	0.0261740528954557	0.0328619985444562	0.0394912220534979	0.0620449730487346	0.0729121783897981	0.0332465532821806	0.034150661383477	0.0423477408489596	0.0284366239408614	0.0374881942171172	0.0358077298646406	0.0564022999077655	0.0236214163388561	0.0228648582637627	0.0375354470683391	0.0294130953948293	0.0306967843553336	0.0345492230890999	0.0698125515885086	0.0320314411255924	0.0300148722576359	0.0230818990256584	0.026406906966571	0.0231624998699145	0.0986993198950324	0.0340189334662624	0.0294533926433994	0.0325019800632171	0.0532956294237723	0.0342069778459353	0.0541044309033094	0.0513826877322531	0.0528451759322751	0.0363130282353815	0.0791323186616995	0.0536015832824331	0.0277009510901588	0.0401086661009405	0.0524446531446892	0.0701985376047749	0.048374543676089	0.0374135274039615	0.0588605380799461	0.0456671412963927	0.0350580272521529	0.0425249618071462	0.0414959643199665	0.0533341328509783	0.0438807384400421	0.0776004627144843	0.0439869313181572	0.0439832859148438	0.039025418369883	0.0380198634086234	0.0265757142152235	0.0489651555444336	0.070551477779479	0.037410284824696	0.0696109455550161	0.0379971958531188	0.0340130173691251	0.0312872852293933	0.050638536034548	0.0462887690114907	0.0940048286117751	0.0191766464300682	0.0853974483392023	0.0449053488432196	0.0439648065026541	0.0329098530289659	0.0479670574011302	0.0461334820070287	0.0271454253303086	0.0276438585625572	0.0340858837165686	0.046979233097307	0.0428890083159094	0.0319470675755544	0.0449540170048608
0.0368770206784946	0.0387804769651308	0.0155440532218786	0.0217100737290724	0.0369005804257339	0.0261740528954557	1	0.0259538737193775	0.00612370346642044	0.0313068195333981	0.0265806158720822	0.039853675037421	0.0344430424491663	0.037181428794585	0.0241694126457497	0.0180885146979711	0.0188495401132847	0.0241559364970017	0.0160330333108126	0.0191020705804106	0.0176216732745331	0.0154185025348905	0.0250023587225974	0.0242036856724266	0.0451414772925204	0.0195644480142069	0.0217296210856129	0.0133687412499989	0.0168685742293152	0.0276759532587281	0.0460986863810975	0.0290276997371182	0.0147608267767363	0.0264722620980457	0.0196026276411468	0.0148555454462284	0.0285633995285346	0.0256208253664728	0.016646398148957	0.016725321850537	0.0388439447122415	0.0240676984025523	0.0193384820966835	0.01658647841528	0.0284582395076051	0.0416417440040788	0.0308890003074516	0.0256570866443859	0.0326433281378781	0.0209706876539792	0.0223919576852868	0.032834804508274	0.0284547017466183	0.0277817549882988	0.0367817968850113	0.0414914807677857	0.0266520855238378	0.0190963659071129	0.0200687288035332	0.0194242518267306	0.0224485257390203	0.0354385058980473	0.0311194902527097	0.0232104036531519	0.0416607668026999	0.033457741696905	0.0127336519642705	0.0261369670433105	0.0390157042900268	0.0213791362240312	0.0399207545943164	0.0104130952339293	0.047356541007932	0.0313999569976188	0.0206365792691233	0.0246465693208375	0.0294724402471347	0.0288925957504904	0.0107185577801541	0.0191036431746325	0.0272745645941043	0.019120169164027	0.0281544723038489	0.00832445506934587	0.02265520551614
0.0451758236988147	0.0281547216693059	0.0304179101168008	0.0381314445663554	0.0265069903233947	0.0328619985444562	0.0259538737193775	1	0.0232993037210529	0.039309033283954	0.0383282220721805	0.0208354763734246	0.0120890490356672	0.0342398068735136	0.0347417976994855	0.0223643197420936	0.0286868462863811	0.0416760060887208	0.0121973330341095	0.0116251328775834	0.0234637050192825	0.0150818062910471	0.0364688445827229	0.0294659508065738	0.053441176206013	0.0264649044730116	0.0303139069356615	0.0152566771310133	0.0231027626091499	0.0287131034327536	0.0631775918106511	0.0260977439730981	0.026208355005206	0.0352528669011315	0.0253558361853535	0.0180840669217779	0.0265588251755805	0.0332576099516972	0.0309664027643831	0.0272721333076282	0.064098590776046	0.0289949351712041	0.0294312578164834	0.0268201368474763	0.0245356229554671	0.0479851475710574	0.0360388168044289	0.0390535677678153	0.0377979309009192	0.0232073816798124	0.0255551797659157	0.0218526312926943	0.032475630073289	0.035233909652839	0.0419822684385484	0.0499964110289338	0.0219644901119892	0.0468491454606259	0.027147232341676	0.0277130218756256	0.0121973330341095	0.0465873725575017	0.0434216427865987	0.0317912809242045	0.0366418444230182	0.0288450621575091	0.0116251328775834	0.015905117120109	0.0377769015184971	0.0374244177415797	0.0668967212975198	0.0217894612521562	0.0504464406408253	0.0490639488024219	0.0156990796690464	0.0225002930770903	0.0343856503912882	0.0249100430113056	0.0183496175147109	0.0228405924826143	0.0340958034978841	0.030716701458122	0.0247133335189188	0.0190019297026774	0.0384648268466846
0.0397319840832764	0.0208803486060146	0.0287142148920613	0.021589551213917	0.0242862725177172	0.0394912220534979	0.00612370346642044	0.0232993037210529	1	0.0337296979265803	0.0165757183428802	0.0295092560085691	0.0199738097740081	0.0316184604404329	0.0173568001583916	0.0267991362693634	0.0177683497962786	0.0364443566470765	0.0207287506409142	0.0123463647971584	0.0189845982156506	0.030857481329741	0.0201998817224903	0.0208588290192234	0.0421430981875208	0.0281076433958281	0.0234105199906043	0.00720084093407058	0.0109029844301436	0.0271050162140313	0.0397215437045971	0.0170536751867405	0.0132515671417254	0.028520460114435	0.0211188698146606	0.019206209893688	0.0136728924922724	0.0227296431177447	0.0358819558475708	0.0128697888985438	0.0371957886662567	0.0324171005601191	0.0138881415309615	0.0223382703926855	0.022480212921694	0.0371656045553037	0.0221807078219626	0.0230329002960747	0.0382316207461615	0.0267028430787204	0.0217107368164428	0.0198920903064683	0.0153238086996328	0.0266036401405533	0.0324171005601191	0.0260636303555405	0.0215324652325746	0.0182868185054952	0.0240244726246072	0.0183100781717743	0.0138178103022237	0.0190823333179803	0.0237434173608324	0.0175018750121417	0.0336531827145936	0.014412493542163	0.0192071662637228	0.0281591899249186	0.0248281109671965	0.0207287506409142	0.0430120256239065	0.0140233238732599	0.0435912493338561	0.0231410841138241	0.0111147339433721	0.0345262656576713	0.0317531191370501	0.0228232389695801	0.0202102734273062	0.0352940968691332	0.0293849217732459	0.0205990682519011	0.0116627808079799	0.0209287749430234	0.0131403585955563
0.077397304679767	0.0446516587340001	0.0305725612640505	0.0441595993247098	0.0496835812321268	0.0620449730487346	0.0313068195333981	0.039309033283954	0.0337296979265803	1	0.0570558672120616	0.0397692113832883	0.0233327145781946	0.0355522454742855	0.0251352265432293	0.0311293004489702	0.0350374215824976	0.0461332132251218	0.015888729347393	0.0168262607270501	0.0388260068083914	0.0315394784352148	0.0378669160131494	0.0386583756449701	0.0663389441871532	0.0347193689030328	0.0179439634952757	0.0257660002382697	0.0130013236921136	0.0429601950823036	0.0832258649999659	0.0290570839027776	0.0298059979101828	0.0364455862649625	0.0507698349707438	0.0409185326914124	0.0472047014166767	0.0539837062263625	0.0325964140765341	0.0460760822068507	0.0660168394350554	0.0508359709417736	0.0319492709986675	0.0353999282496863	0.0480778062263106	0.0649143866706575	0.0465065550729648	0.0317873665821706	0.0602305562969848	0.0441103066488403	0.0332940063140277	0.0463437507560283	0.0326407608384588	0.0510231666931767	0.0451159457353246	0.0660638393969263	0.0293487736230467	0.0373976804905927	0.0417635762851714	0.0361064954830485	0.0194205540687401	0.0532461128685496	0.0614643689418933	0.0409107271940915	0.0595360985688845	0.0331563971700656	0.0224370470024868	0.0388658835035276	0.0410106233267059	0.049476261422987	0.0872512232219554	0.0401558041472093	0.0807294464318696	0.0537240508946376	0.0269871568679334	0.0407255803749127	0.0465400496845407	0.0413731276142376	0.0309919200765851	0.0285531471962504	0.0386249289099724	0.0409593852026845	0.0369717576989138	0.0305647485023524	0.0508947935355727
0.0811728351779388	0.0459863139332165	0.0404548204042768	0.0493484112746306	0.04439922819978	0.0729121783897981	0.0265806158720822	0.0383282220721805	0.0165757183428802	0.0570558672120616	1	0.0392231624663791	0.0325933617417111	0.0346653688341481	0.0343681945077741	0.0278218424220129	0.0417651969261984	0.0483759400971973	0.0173579894574456	0.0150393406690678	0.0325285785941285	0.0379559802218467	0.0358954511752495	0.0345494565153055	0.0662125732852501	0.0331717285076386	0.0213861518781225	0.0279666447592268	0.0149414613514094	0.0396329855721242	0.0901380044833333	0.0285687368527384	0.0266393173895493	0.0423567724847168	0.040536065954058	0.029249276322072	0.0594140335572392	0.0519589547362371	0.0473680559317717	0.035287695328415	0.0739257487805097	0.0355411210072329	0.0317297974711025	0.0439016595678881	0.0392237724403531	0.0550647647092937	0.0496858113553894	0.0378896498908546	0.0664418505476572	0.0450607606200566	0.0374787820197531	0.0404042098463625	0.0303402450848743	0.0623607129131108	0.0576385822867244	0.0692818537338269	0.0437399172220437	0.0323776381219496	0.0395221050757878	0.0322693206897603	0.02367250786973	0.0444039668979133	0.0632486544262717	0.0297009626513951	0.0609125618257634	0.0362248746739233	0.0338513189039019	0.0385987901138892	0.0436423609895028	0.0273570133601515	0.0969645110657832	0.0333215574634557	0.0904715946274827	0.043118183389992	0.019040608119302	0.0485492084947714	0.0532220418824755	0.0521732983113373	0.027699078158975	0.0282076904043391	0.0450828098049172	0.0376524115947565	0.0490572652113768	0.0396235845159527	0.044621599069417
0.0536023499690229	0.0293265944454931	0.0272342973645417	0.0263307168647025	0.0197429644589316	0.0332465532821806	0.039853675037421	0.0208354763734246	0.0295092560085691	0.0397692113832883	0.0392231624663791	1	0.0231993047825192	0.0239877179495753	0.0211677341817709	0.0178232258932309	0.035095288301798	0.0282119521363315	0.0140422785892532	0.0100373045741496	0.0154335847119679	0.0289451085275338	0.0255484928917153	0.0148370245058467	0.0395296951147063	0.0171350059033479	0.019031152584057	0.0175645707698557	0.0118188460041805	0.0110153260249789	0.0617075646925732	0.0184864298434407	0.0237053381022614	0.0231843260332024	0.0188857671630136	0.0182166735253116	0.0319694111285831	0.0330060935312046	0.0388993533237443	0.0230221784143689	0.0434789860719019	0.02986693711319	0.0282344483202317	0.0272440380069708	0.0249233782753864	0.050034798451893	0.0252473990466101	0.0318398561990882	0.03978703593454	0.0250482474352154	0.0215730178363763	0.0341520201656896	0.0228426581213294	0.0310944177612335	0.0395406881985958	0.0403768753243754	0.0252879271761618	0.0260210393697791	0.031255933839561	0.0191393614176595	0.0224704894100914	0.0282119521363315	0.0374839846411481	0.022361506164485	0.0421909720072707	0.0253919769012532	0.0200771053521717	0.0137325342654495	0.0310584475525945	0.0337144929953243	0.0531735110541117	0.015961606833775	0.0543136192993371	0.0332933696022117	0.0225941195057413	0.0345472693590376	0.0292552668250191	0.0219284543632805	0.0258226142725114	0.0239049381010754	0.0170600967159777	0.0241915886273255	0.024657383330688	0.0267408475607941	0.0366451637794312
0.041071504676591	0.019700922331386	0.0269035671062763	0.0342436500155177	0.0248247598665201	0.034150661383477	0.0344430424491663	0.0120890490356672	0.0199738097740081	0.0233327145781946	0.0325933617417111	0.0231993047825192	1	0.0273441547969682	0.0250233382391865	0.0231770023947929	0.0241522914828057	0.0315165932637177	0.00896292037515267	0.0213595531082476	0.0225787342190078	0.0307947364893584	0.0271807998462141	0.0180401083758513	0.0401855872785922	0.0162034600194926	0.0134965650195112	0.00622801551554486	0.0157175855898757	0.0234414999442956	0.0507731698240081	0.0196672059721393	0.0114611485220134	0.0184970476922089	0.0219193097370872	0.0221498583030915	0.0266136741331846	0.0280874304159573	0.0224065738880432	0.0244929146908094	0.0422311913208896	0.0242947695871493	0.0260310457362614	0.0154547458477038	0.0318228932255793	0.0354682663124957	0.0172644232983251	0.0239059493346808	0.0383575821212295	0.0266485568332058	0.0208638482304213	0.03250676120792	0.0309343709103496	0.0316420770636581	0.049874331298892	0.0375823050564241	0.0227626313283761	0.0415417501014251	0.0186992650664812	0.0339467476585154	0.0119508676116159	0.0360234736232694	0.0410906420073159	0.015136992425993	0.0400296297166961	0.0249351436360445	0.0213595531082476	0.0170450100771246	0.0330433480042031	0.0298863906917901	0.047625920237343	0.0121286067793079	0.0457276841237914	0.0323384789352996	0.0120166001874948	0.0298582756865479	0.0274605854952118	0.0287162434351859	0.032471449785925	0.0127135256949554	0.0290456932764291	0.015835539255557	0.0181584183257849	0.0077565453979962	0.029232925382596
0.0582312519376542	0.0376036099666555	0.0305712675333594	0.0321862417579897	0.0239752145861194	0.0423477408489596	0.037181428794585	0.0342398068735136	0.0316184604404329	0.0355522454742855	0.0346653688341481	0.0239877179495753	0.0273441547969682	0.999999990513626	0.0277230637191583	0.0295704341198062	0.0421824630210589	0.044354045631761	0.0242767847106654	0.0105152220693635	0.0272898191016555	0.0181901164103646	0.0315487372849762	0.0249846381114734	0.0580194155305328	0.0329204997388692	0.027418075177886	0.0114996776833329	0.0185738781866804	0.0190425009181685	0.0519234834154461	0.0199722413949088	0.0203174374453565	0.0364440435071189	0.0337351293748933	0.0163572539156338	0.0305780750756595	0.0311182096933217	0.0305562267085095	0.0312498505985888	0.0549814894814593	0.0303690148854445	0.0325400581122178	0.0214033415733743	0.0339503912101429	0.0417567022962276	0.0382702222978295	0.0235407838309628	0.0322306594347537	0.0262414523595412	0.0277399642104238	0.0296545738571546	0.0228424584763182	0.0403754649125818	0.0460363214741281	0.0523692339101094	0.0321010967798638	0.0292091491490722	0.0276253425569246	0.026737945688683	0.0220688755158426	0.0288166509329231	0.0419521217772679	0.01437339368526	0.0448011572438004	0.0199486397508333	0.0227868105400546	0.0215819683725669	0.0317242539899891	0.0309023722424393	0.0698736699130081	0.0179164207366075	0.0634472915004431	0.0409538632542713	0.0355157013148087	0.0237448897321677	0.035160682436465	0.0251829446466973	0.0239770259921964	0.0262965006181873	0.0402347005860908	0.0321725083843554	0.0223530299556497	0.0190976865680966	0.0299865868720668
0.0458972075718974	0.0383000052849792	0.0314759208881169	0.0331387678734409	0.0271059036915968	0.0284366239408614	0.0241694126457497	0.0347417976994855	0.0173568001583916	0.0251352265432293	0.0343681945077741	0.0211677341817709	0.0250233382391865	0.0277230637191583	1	0.0192242828237791	0.0378564043405517	0.0410942406012731	0.0181759526380221	0.0288782823504612	0.0270559597118445	0.0291385899031377	0.0177122517192955	0.0320165952790639	0.0540359595435758	0.0225905970062718	0.0136834985635832	0.00947159308698287	0.0191232307192918	0.0213887035863782	0.0586244941596675	0.0274210177920631	0.0185934251736007	0.0312635021838233	0.037051689349726	0.0224567233792009	0.0389873456042378	0.0484408973523474	0.0262137659080494	0.0203156093937708	0.0520106008832448	0.0189452835540077	0.0345193002382964	0.0254660387752028	0.0358524515188234	0.031461041630002	0.0291791512730197	0.0323222997285563	0.0308362166344709	0.0252156512513396	0.029619272763226	0.0271374229631896	0.0425787357137694	0.0364597689049575	0.0569032019477129	0.0490092037705541	0.0419812179252783	0.028067192476987	0.0294968750044555	0.0252336738140048	0.024237165876122	0.0365228830237322	0.0441149242957709	0.0263134950734685	0.0381220008213552	0.0231729414034916	0.0216554607144771	0.0246904614371993	0.0335013633267258	0.0485095517232077	0.0687252749312907	0.0221369439110317	0.0659425503584584	0.045295074056482	0.0292477757481677	0.0209534748385141	0.0371306962881972	0.0291141911627812	0.0278531450320605	0.0128896107544175	0.0294482129350632	0.0281021899058748	0.0265961822925758	0.018351328901541	0.0345822333626787
0.0558474337593294	0.0336478778220741	0.0282688520761833	0.0279006598872316	0.0228223793813471	0.0374881942171172	0.0180885146979711	0.0223643197420936	0.0267991362693634	0.0311293004489702	0.0278218424220129	0.0178232258932309	0.0231770023947929	0.0295704341198062	0.0192242828237791	1	0.028119149061134	0.0512838460910021	0.0102023622401417	0.0151942366458692	0.028040418551725	0.0297941875962913	0.0281774180111166	0.0154003857111679	0.0478831207941898	0.0380592753531618	0.0172839719800908	0.0239312719571187	0.0214709990912249	0.0180092617894128	0.054022540670643	0.0188885251292583	0.0156558503247637	0.0368611610895908	0.0187116384516375	0.0189084271058946	0.0366143644055432	0.0299743527450267	0.0205993956444729	0.0247116236463176	0.0446409066527732	0.0223351754856908	0.0205112366121332	0.0181421566943972	0.0271643175602083	0.0350101652788227	0.024567649878354	0.0306175784837062	0.0383920088142109	0.0364092591156012	0.0302857015049059	0.039185895999698	0.0415127072392506	0.0393004529669831	0.0345762486786071	0.0403380246012822	0.0194314666640271	0.0371479311314232	0.0372644855235841	0.0212462658537637	0.0255116414575565	0.0294668493102923	0.0392038540797387	0.0276972805024024	0.0476489171626708	0.0266100401402419	0.0303971371167693	0.0145509520615668	0.0338519097346975	0.0255116414575565	0.0533770664421559	0.0227828605768925	0.0623699530474738	0.0276043243227642	0.0266786909521052	0.0235261282283658	0.032824930541775	0.0229802187892376	0.0213186349920724	0.0347464933789883	0.0278952842191807	0.0321176789499946	0.0206700912640688	0.0198681565054609	0.030503117589077
0.0626939695538284	0.0511649707373674	0.0368307514996943	0.0304605245268839	0.0356844845571063	0.0358077298646406	0.0188495401132847	0.0286868462863811	0.0177683497962786	0.0350374215824976	0.0417651969261984	0.035095288301798	0.0241522914828057	0.0421824630210589	0.0378564043405517	0.028119149061134	1	0.0561249061192405	0.0132897416074302	0.00949943666639219	0.0328762644409718	0.0292206178121496	0.0328208102671897	0.020061525972582	0.0565711609360782	0.0288363599573663	0.0210139981013702	0.0166231919139385	0.0111854921528902	0.0479985017072584	0.0528169592737294	0.0284362568052184	0.0203943568877019	0.0365821210047326	0.0373885303509209	0.0221679059665705	0.0342049689149243	0.0387410992831141	0.0306719589007737	0.03566493140896	0.0653661264214834	0.0282655007881938	0.0267206533326614	0.0343851919604165	0.0472070281497766	0.041421144218587	0.0324338779655257	0.0390048091275891	0.0482604511336024	0.0395253486005167	0.0315605492163198	0.0323204408512141	0.0294842384447676	0.0422373953805718	0.0415828197101515	0.0468222014034366	0.0405185805680266	0.0281462002966452	0.0351313371603448	0.0301964755014869	0.0292455935074351	0.033379715565852	0.0397784475514642	0.0211628600391316	0.0518207165864962	0.0203323300646516	0.0316766831846688	0.030334775017587	0.0338058642320075	0.0407801309413095	0.0715811267626068	0.0215823576602338	0.0657190610503317	0.041109072230321	0.0235222237667717	0.0306494181360597	0.0374682572022923	0.0431278112143922	0.0266611731626306	0.0226234898789373	0.0323019317545892	0.0264189197639979	0.0233355629160689	0.0253072214892205	0.0317871320910574
0.0801628779945683	0.0449460467434089	0.055414142292457	0.0435438252281451	0.0453048837659694	0.0564022999077655	0.0241559364970017	0.0416760060887208	0.0364443566470765	0.0461332132251218	0.0483759400971973	0.0282119521363315	0.0315165932637177	0.044354045631761	0.0410942406012731	0.0512838460910021	0.0561249061192405	1	0.0218002867194664	0.0129844312264157	0.0362017931023473	0.0374515487574418	0.0389645360352214	0.0246805293753855	0.0699802756344128	0.0332593967595222	0.0184635949405498	0.0208288395589752	0.028674243086843	0.03706706131511	0.0808648851604883	0.0388784617935766	0.0306695570044478	0.0324969732888337	0.0544713433610579	0.023566913821419	0.0404662513213558	0.0418535428985917	0.0503406133233139	0.0392731989589251	0.0654782975213981	0.0375069170201033	0.0328750317356645	0.0458407097299428	0.0462401045528958	0.0613849631633633	0.0431790646291115	0.0351336518721669	0.054716247376027	0.0475548022975578	0.0342588048103331	0.0395345025813154	0.0430035971152404	0.0577677845105035	0.0597231454371904	0.0673274752557713	0.042798197489328	0.0348702102363648	0.0467728927360044	0.0357754560413112	0.0236177790651395	0.05479138099036	0.0676785016621643	0.0197216614041406	0.0553441851351876	0.0353820797940464	0.030306351328063	0.0488956793691468	0.0532750733507484	0.0351336518721669	0.0742968716586474	0.0309804344579672	0.0781672362008571	0.0449570610683242	0.0336199979602119	0.0377104792695748	0.0322812330812142	0.0403864394085975	0.0227738278176914	0.0386684142107758	0.0552342204184374	0.0421468933002872	0.0491076931113071	0.0235835444115775	0.041484510873495
0.0395768409580795	0.00993750026533313	0.00751488082421337	0.0188393029452291	0.0254327525578298	0.0236214163388561	0.0160330333108126	0.0121973330341095	0.0207287506409142	0.015888729347393	0.0173579894574456	0.0140422785892532	0.00896292037515267	0.0242767847106654	0.0181759526380221	0.0102023622401417	0.0132897416074302	0.0218002867194664	1	0.0172395536924109	0.0248530499779034	0.00745419160191352	0.0211533029436421	0.0163811250478711	0.0350710136236155	0.0147134431877965	0.012255536444576	0.0113112444242343	0.0190309258242777	0.00283754142514392	0.0453861272800113	0.020835920559086	0	0.0149294351703336	0.0132677116720628	0.0134072267270998	0.0143181182644661	0.0272048790406739	0.0166930505491636	0.0161730572699585	0.0231189473073395	0.024889768862575	0.0242429645021029	0.00935531389286304	0.0256825918743657	0.0362340662746811	0.0185806755209241	0.00964612322498792	0.0320226372634954	0.0215075893272619	0.0151552274782905	0.025462324113256	0.0160469719734426	0.0191502821635755	0.0245124632379163	0.0233930499200355	0.0150308090469788	0.00478679523946368	0.020124978303644	0.0191742464270727	0.014469877057535	0.0218002867194664	0.0292549119671689	0.0104720987197333	0.0337727557022848	0.0226416027624917	0.0143657581332554	0.0176891916845542	0.0280014567851665	0.00723447130135357	0.0450447514176379	0	0.0359266418480924	0.0354278511389755	0.0174600319630073	0.0194617255629496	0.00886362533873064	0.0239005881959186	0.0151159111815753	0.00615683362562269	0.0197777540089377	0.00718922520516729	0.0122131244046684	0.00939132487567307	0.0235928996796153
0.0302165808665601	0.0142076518029484	0.0119377283365625	0.0179553758002707	0.0165245889310855	0.0228648582637627	0.0191020705804106	0.0116251328775834	0.0123463647971584	0.0168262607270501	0.0150393406690678	0.0100373045741496	0.0213595531082476	0.0105152220693635	0.0288782823504612	0.0151942366458692	0.00949943666639219	0.0129844312264157	0.0172395536924109	1	0.0148021227206494	0.0148021227206494	0.0139992980267335	0.0130100888375603	0.0256025427196672	0.0175297622736189	0.0146012174419554	0.00898371948913379	0.00906808119247138	0.0135231827398942	0.0360363967528009	0.0212772116642378	0.0132258903804748	0.01185722092053	0.0263501346435073	0.0159734200016136	0.0191916859116396	0.00810050007253882	0.0074571457370497	0	0.0260950787485472	0.00808529655076629	0.020216095477408	0.011145778569266	0.0127463050751154	0.0207770913133292	0.0138343745429121	0.011492255335093	0.0114410020340094	0.0128101413350403	0.00300896611083568	0.0193018809657727	0.00637204144339476	0.0186666861912624	0.0157225855809698	0.0216757456158216	0.02387965689465	0.0228159846831717	0.00898988791861544	0.00652585912268056	0.00430939460060009	0.0151488824531498	0.0331139420391019	0.00935699792685341	0.022736107079931	0.0119868271169606	0.0273899449062054	0.00702401047363943	0.0119111414395932	0.0172395536924109	0.0343334756025419	0.0315016574446403	0.0370189932898021	0.0222075474688901	0.00346646623606683	0.0165607551199526	0.0264062907044599	0.0181182412847687	0.0108046602311627	0.0110029469812568	0.0209449066463248	0.0142759000024212	0.0116401832757406	0.0261129043599235	0.0210798746562419
0.0551020997940967	0.0314119938322709	0.0206514282004608	0.02977073079646	0.0333583932329586	0.0375354470683391	0.0176216732745331	0.0234637050192825	0.0189845982156506	0.0388260068083914	0.0325285785941285	0.0154335847119679	0.0225787342190078	0.0272898191016555	0.0270559597118445	0.028040418551725	0.0328762644409718	0.0362017931023473	0.0248530499779034	0.0148021227206494	0.999999990513626	0.0221923148661466	0.0209884181936247	0.0168787335973147	0.0466453933195889	0.0219005658945728	0.0112245427115599	0.0129499519021178	0.0183014291992026	0.0194944310691036	0.0558820294475227	0.0265832821997111	0.0152518190971395	0.0256426519592263	0.0410373990989917	0.0276354428502894	0.0245923071705775	0.037384894999136	0.0229356898764993	0.0185164322711188	0.0485142515948235	0.020203923141894	0.0233135164434382	0.0289272148448464	0.035291931252236	0.0387202192097454	0.0367096554748959	0.0248530499779034	0.0230919386206964	0.0295526902475935	0.0260306125242392	0.0302139934385924	0.0275628880243566	0.0311003313834619	0.0388713253077113	0.0491374388117054	0.0378766540916919	0.0230215931905778	0.0276523197701349	0.0206978730197498	0.00745419160191352	0.0374515487574418	0.0452372203715907	0.0197842076255555	0.0413643624180675	0.0293817817155247	0.0256616497731502	0.02633115779696	0.0343530468632841	0.0314853682564751	0.0519967174574517	0.0121045178420718	0.060755711784376	0.0332997021656469	0.0299911533880277	0.0248296752786775	0.0243593249291324	0.0343363569507784	0.0186909054499921	0.0190339877653928	0.033218980335988	0.0279925457209143	0.0318909391717601	0.0301149255863035	0.0391809337036659
0.0481128688322212	0.039615920987779	0.0206514282004608	0.037545089275039	0.0285894344114312	0.0294130953948293	0.0154185025348905	0.0150818062910471	0.030857481329741	0.0315394784352148	0.0379559802218467	0.0289451085275338	0.0307947364893584	0.0181901164103646	0.0291385899031377	0.0297941875962913	0.0292206178121496	0.0374515487574418	0.00745419160191352	0.0148021227206494	0.0221923148661466	0.999999990513626	0.0193734051171547	0.0262601782438194	0.0489821656488447	0.0252715363942638	0.0196450496801869	0.0155404139483255	0.0104569893494321	0.0175444668342026	0.0539278949487125	0.0184010250501309	0.0286040486424307	0.0376209468109838	0.0303885647762242	0.0345504137605177	0.0319754914358045	0.0303692890558241	0.0258041347846752	0.0203686788271453	0.0468382669519325	0.020203923141894	0.0266458431599719	0.0305354833587068	0.0294053361775263	0.0304158458505689	0.0335144182519864	0.0165663613467574	0.0340969247536433	0.0221610334381739	0.0260306125242392	0.0174879452779182	0.0275628880243566	0.0394831054095973	0.0233135164434382	0.0392958797392026	0.0240948597055619	0.0345418096148866	0.0207363855975085	0.0225802543583867	0.00745419160191352	0.0437025922297177	0.044230309668133	0.0215834326169847	0.0443957706192029	0.0259230620063698	0.0138151540695637	0.0222784053301697	0.0233539743593341	0.0248530499779034	0.0606872846963029	0.0282514450772162	0.0574081412470921	0.0320178417472178	0.0179904310756902	0.0229188402281347	0.0304533395897556	0.0164155942510613	0.0207683728783571	0.0274979915902889	0.0347304010295167	0.0296403237448009	0.0234940925478065	0.0172042056810109	0.0310672493786641
0.0540905705646604	0.0297073067887251	0.0211593527837262	0.0257055594645478	0.0405724521049754	0.0306967843553336	0.0250023587225974	0.0364688445827229	0.0201998817224903	0.0378669160131494	0.0358954511752495	0.0255484928917153	0.0271807998462141	0.0315487372849762	0.0177122517192955	0.0281774180111166	0.0328208102671897	0.0389645360352214	0.0211533029436421	0.0139992980267335	0.0209884181936247	0.0193734051171547	0.999999990513626	0.0212860474602488	0.0514785933133818	0.0254946339528254	0.0185794239484088	0.0220487475661519	0.0148355650585937	0.0313511557828106	0.0503813170914299	0.0232061369251207	0.0234432604363344	0.0307229431072435	0.0229887847605649	0.0174212517760234	0.0383905951022556	0.0375676422214891	0.0257606243853922	0.0122576534525318	0.0482561982845571	0.0249900024799041	0.0220487475661519	0.0349636877036216	0.0333763096092473	0.0401099673098338	0.0377391888846734	0.0329137442813812	0.0364113767948886	0.0209588349946908	0.0262604186837194	0.0361012216744775	0.0312846626712906	0.0362067405539875	0.0404418182867555	0.0498541024676393	0.039080769903495	0.0373387121574998	0.0326950744006844	0.0356040436196023	0.0188022095412963	0.0283295039347956	0.0408762598818	0.0153082949038852	0.0505890217589493	0.0212464012496791	0.0261372592566053	0.0306532810821201	0.0350900953767439	0.0329137442813812	0.0597362181024476	0.0190818947928135	0.0561858063642918	0.0327046976512041	0.0245798316152274	0.0198685948437983	0.0374498023813458	0.021172566581613	0.0216066725832418	0.0240045251857177	0.0285580512029034	0.0233576211971878	0.0269834458629558	0.0162710445892731	0.0306597143420602
0.0382917964389675	0.0180013770087161	0.0170161801376776	0.0355585781258595	0.0314131149599495	0.0345492230890999	0.0242036856724266	0.0294659508065738	0.0208588290192234	0.0386583756449701	0.0345494565153055	0.0148370245058467	0.0180401083758513	0.0249846381114734	0.0320165952790639	0.0154003857111679	0.020061525972582	0.0246805293753855	0.0163811250478711	0.0130100888375603	0.0168787335973147	0.0262601782438194	0.0212860474602488	0.999999986584241	0.0375706605965155	0.0333251691761124	0.0185000847252236	0.0170744488958398	0.0114890967668125	0.0171340601264764	0.0585487025071655	0.0134771449465821	0.0146622872965606	0.0300545846327971	0.0250376551684671	0.0202389089999936	0.0297246623624735	0.0308001195735942	0.0299286159097415	0.0122053182594239	0.0496283474522335	0.0204904199829168	0.0292772936645551	0.0317843095082957	0.0274599973741614	0.0243003544167748	0.0385811795477488	0.0182017213463683	0.0386757010753918	0.0324716634830553	0.0133437262210857	0.02096169407111	0.0282646538735587	0.0394360247564707	0.0370110495131829	0.0353198637445215	0.0378314936275865	0.0216796890035459	0.0132886165489753	0.026878441457283	0.0109200804571952	0.0191940670125411	0.0298068087238831	0.0217374363180297	0.0376829231603999	0.0227836945842576	0.015178818586472	0.0178001852627919	0.0301913437649639	0.0218433756182954	0.0585057825171396	0.0199507327648707	0.0410440668755804	0.0281394459179407	0.0263585653412012	0.0209831840033431	0.0317869261736587	0.0459437092410314	0.020536122430625	0.0116169428612025	0.0281989307282428	0.0307571849739254	0.0258139391842549	0.0283590606502668	0.0296800813765613
0.111851032667367	0.0634759192508684	0.0501671909096248	0.0642933298749421	0.0622408007197836	0.0698125515885086	0.0451414772925204	0.053441176206013	0.0421430981875208	0.0663389441871532	0.0662125732852501	0.0395296951147063	0.0401855872785922	0.0580194155305328	0.0540359595435758	0.0478831207941898	0.0565711609360782	0.0699802756344128	0.0350710136236155	0.0256025427196672	0.0466453933195889	0.0489821656488447	0.0514785933133818	0.0375706605965155	1	0.0444944156579761	0.0332165208125207	0.0235773526717346	0.0369002754293706	0.0506142412435763	0.119423445361195	0.0596282077835322	0.0599485659050165	0.0521690319082673	0.0532857100759198	0.0419392351575517	0.0655711565626522	0.0665419005324226	0.0502733279911612	0.0548332652792517	0.0961995555759551	0.0538081199237794	0.0447393617403368	0.0534336842431599	0.0508880086425995	0.0887582307748346	0.0537845837951607	0.050560006483893	0.0782459765131703	0.0531668149943173	0.0442494057366098	0.0572270262788839	0.0443427300002163	0.0676012358117248	0.0738277546035876	0.0835056856243069	0.0517383234927198	0.051681661312348	0.0487966047597967	0.0505664950788026	0.0305419883172233	0.0688378920095074	0.0829705875921464	0.042587381440463	0.0791191150834721	0.0487966047597967	0.034143889337475	0.0405739284645231	0.0632335768810873	0.0482916706054194	0.124893319946171	0.0404214752284601	0.116848687967873	0.0653653921033761	0.0427822489447912	0.0478395008891103	0.0506194502964897	0.0455363852126724	0.0397149499186691	0.0423734206830587	0.0536380066435334	0.0555051349604286	0.0642460330754627	0.0352463159324449	0.0596909372489427
