1	0.502671458934173	0.548882646484688	0.592015921946121	0.561384214978711	0.49231191455901	0.560466456535736	0.550120639059189	0.617650426116944	0.61851328807826	0.611699874001106	0.530689874818007	0.593970473771994	0.569657605913406	0.54733524040924	0.642615580441972	0.535813894363379	0.526834350852772	0.566102646587978	0.635895994231307	0.588591078713595	0.55099166097428	0.50702889836693	0.544213248595991	0.630243645078628	0.540189328813958	0.54371710450345	0.589856015048691	0.539452403785777	0.545451733824218	0.557716877087665	0.582083719634319	0.590819395194069	0.536069277526474	0.579417854175465	0.503825921953475	0.506639875259012	0.509271960369196	0.559879959123573	0.542533834509007	0.557526182224203	0.566428264214724	0.544648746933777	0.580458422509345	0.556105312054085	0.558340880865059	0.543949830227246	0.53828528517099	0.572745012379073	0.564320448843266	0.534311966337426	0.610345443892638	0.563355214819848	0.607659031849023	0.550597466155302	0.527345076661875	0.583811151035638	0.631913372289614	0.567952225305254	0.567561049266013	0.548400440589753	0.567661153041214	0.53120874421307	0.544206001490704	0.564611511771189	0.58832971275815	0.577203491601231	0.554713712822273	0.565448465658095	0.643896292467503	0.585018725817846	0.492171696334445	0.551430161355078	0.554196620063546	0.644734868383805	0.589210926910108	0.483790664209571	0.52589653347512	0.626472624815716	0.56682017148396	0.568818412154711	0.728553521990719	0.568855811567136	0.559690285203238	0.560543208518264
0.502671458934173	1	0.635178986775598	0.506485549243616	0.599723116843	0.727770599609536	0.55131176418499	0.534901763904455	0.508550585967806	0.517971402528775	0.541329476632254	0.590861107540531	0.464115378993154	0.553326976763413	0.660099317462877	0.515204045946529	0.616166154901626	0.62105947071498	0.637390426416492	0.530978736042035	0.51310400794229	0.546046691420616	0.703042595033863	0.539519292657814	0.493602321849714	0.577522658044458	0.604698981409642	0.510166113221462	0.579287124032674	0.604510052815868	0.591284363188897	0.609693308799939	0.470469234863492	0.570391191972941	0.51701304079796	0.725700526449103	0.704244258883174	0.699131097416229	0.536267717676635	0.599988562817709	0.504526103415437	0.571541711761985	0.564649518194064	0.536335237000157	0.567074260136368	0.593808437456799	0.538142603999241	0.555749951815733	0.577396031686431	0.49805603757785	0.520605553105138	0.494841880304944	0.552445459572239	0.535348576313137	0.5317075244385	0.63475379295765	0.529220628677943	0.532443013663	0.518430397340191	0.573151214670032	0.585224500169418	0.557444112899333	0.62022097785235	0.515435309163602	0.583052886534064	0.558318588049292	0.599656521998048	0.598942769514656	0.533441893924564	0.544336072054004	0.530608417426047	0.681033847917153	0.539153288496143	0.528008990200015	0.512204295200002	0.507066388720641	0.656886052467367	0.543542052168862	0.501247582946363	0.503494485086474	0.565165337662838	0.477039601087556	0.569935107720975	0.597013843855513	0.552045836800838
0.548882646484688	0.635178986775598	1	0.562972042980306	0.586836350152685	0.618031503364095	0.58754190103951	0.525259659048826	0.531110422915482	0.563187496133104	0.605047285554116	0.561423741467434	0.525161945371343	0.538547095403519	0.679996224114842	0.588063387408979	0.616418133684489	0.585591454923522	0.650146282521794	0.596588576339906	0.53433763702442	0.541140134617228	0.639681450059378	0.551562563610594	0.573395796066301	0.602671160408289	0.605895145761875	0.554722072313746	0.563788210279964	0.590463778397689	0.591929827199778	0.601100034410075	0.521587531251737	0.557400177371287	0.563017854513544	0.629906624858812	0.595063053660634	0.629548678515357	0.534587810806201	0.572242458006479	0.515153330115667	0.577007115013712	0.574897770018614	0.562755054251111	0.601086551689152	0.621761970355963	0.545316478951653	0.51734875046478	0.568783252731405	0.502735946868704	0.503122313703428	0.54209609328042	0.558167242805524	0.552719877910609	0.495476281915325	0.605136335196747	0.501236332739117	0.591691353849257	0.530600811238402	0.558426192377084	0.576400333646967	0.55575851065738	0.601995366632162	0.500778290637178	0.559672950542664	0.562412963862761	0.567165571677634	0.572027831906771	0.528199818241868	0.599878834971284	0.570957723406953	0.588862563118409	0.510288525148147	0.602812490853405	0.563956571190954	0.526510554747758	0.562736676754396	0.501461445546912	0.524687086173975	0.530057539723218	0.587647484628024	0.505762525704135	0.593134965427564	0.586520483043646	0.580759831226719
0.592015921946121	0.506485549243616	0.562972042980306	1	0.54447289515758	0.507373286507034	0.626457214246972	0.579454596503064	0.636000406383983	0.629995230214294	0.679869593919563	0.586255211057224	0.722154282280113	0.542999998151316	0.515429852627745	0.656231701495081	0.595303834361828	0.596986289809167	0.530241449247392	0.632038058943349	0.662379370304591	0.575605301144503	0.556264172176806	0.627635484392387	0.665249451582409	0.619882458311283	0.575761799339463	0.677403919437405	0.621027361741571	0.546582552505106	0.635063283011739	0.601871804677518	0.668543850088801	0.621889967690721	0.639221554135528	0.512648659682524	0.542901517995049	0.557997535830919	0.577726493329615	0.533003287043305	0.611580881487834	0.613015739042598	0.566030898571281	0.545577496035997	0.617356533660737	0.55424006932477	0.626197665268053	0.580896387734661	0.535309794026827	0.598818253019141	0.527949384395751	0.652489477076195	0.591404762859632	0.60495719769455	0.536340890726205	0.538835193434332	0.569828107324552	0.615835569932458	0.550529047700164	0.574298716163524	0.622391207120349	0.612527202095543	0.570867054776871	0.559400434345186	0.554765833434051	0.589578231692569	0.563590531743207	0.5855845039484	0.627822191074153	0.595852067417668	0.636185549889369	0.462829169921023	0.569585204893746	0.486089272368441	0.621733735759128	0.655361247480805	0.53139768158759	0.570943027294215	0.548485729745637	0.593095798149837	0.607145379080019	0.595024124098004	0.613107304332854	0.53782980772538	0.616889718498705
0.561384214978711	0.599723116843	0.586836350152685	0.54447289515758	1	0.580762968529082	0.526969943337067	0.550960786370124	0.564973188543737	0.582751523590646	0.598825585362818	0.619473900088237	0.510888399513727	0.56974903815772	0.554004688809062	0.570254768732056	0.66976240361713	0.611898457152513	0.585256536570147	0.592721603705076	0.576042638995893	0.525590386554814	0.576056903564115	0.543076823022475	0.536174193392191	0.601909994804102	0.672539592119051	0.52614735486182	0.67273194249805	0.649357597121789	0.654337709396759	0.572837048527293	0.533253567790688	0.560055525825892	0.577497206196539	0.577707634422148	0.585250669624082	0.597228101972442	0.521301707685457	0.546226843872828	0.52203031766472	0.621456846917015	0.540119509380449	0.516739831753906	0.579282607038265	0.57580470361319	0.574172361745343	0.564679046593249	0.571371582493824	0.521712667751472	0.520798661959206	0.540507716430557	0.539722827727181	0.560422704520153	0.516215247641253	0.533011475455131	0.598097591902985	0.587507797780872	0.56721325968266	0.627914417720441	0.599437629099938	0.590966937195043	0.632099803380895	0.537970096409065	0.584183681448786	0.633312025575504	0.644848119890378	0.581074246798993	0.523446772265442	0.615101158367823	0.598155678711216	0.576656503239796	0.536267731540439	0.496449997711515	0.550360867666704	0.590242794934056	0.58658392935995	0.541901527097344	0.590148952421402	0.492264684868218	0.555895369749722	0.537948133234178	0.587970406927072	0.863040369408077	0.548526224073513
0.49231191455901	0.727770599609536	0.618031503364095	0.507373286507034	0.580762968529082	1	0.537671524440123	0.509133283471524	0.493296340329603	0.496141792270362	0.523438471542312	0.581154244602498	0.474203886065015	0.523293653530862	0.657454813125443	0.503160010565134	0.611889308973579	0.614222838992897	0.64138750246039	0.526673389205191	0.510263528309986	0.548278802086656	0.683152246537474	0.535773409563575	0.492527743324253	0.577996625146727	0.606201399244485	0.520883949398638	0.582039996934828	0.596713677569278	0.592727346039884	0.623888980207165	0.459025823374189	0.559968581591542	0.497864104632478	0.706115136427754	0.690763072775976	0.674247893129041	0.527208572835194	0.587059956262161	0.495345841638272	0.556566368003553	0.563102382151554	0.526150428499315	0.547237624300155	0.586714164264666	0.517828125164561	0.541424076303291	0.555949755158258	0.481958508300437	0.499773772144581	0.475536601132971	0.542946981747617	0.526258027485313	0.513349233605942	0.667639456275719	0.499957530725231	0.513585081329488	0.482275946234583	0.536668661588321	0.563220932993559	0.551794184237195	0.590469147807138	0.474425149999132	0.551090441504344	0.533873669029428	0.573861236391586	0.586323180734942	0.522255503790535	0.53008038193622	0.518485245473613	0.668492265488227	0.525732759500797	0.53306659462177	0.506438056821996	0.487773327223301	0.655945713884188	0.514231308207897	0.475315199142272	0.480339575318244	0.568896375938008	0.47235333771235	0.558493031474268	0.577545779106033	0.553486447554539
0.560466456535736	0.55131176418499	0.58754190103951	0.626457214246972	0.526969943337067	0.537671524440123	1	0.665165678397005	0.552504423831757	0.566818345833695	0.598182929892994	0.586660681050586	0.585246767259167	0.609105453655547	0.570140405294636	0.569369987203101	0.574370048987272	0.560305221409454	0.547274025020249	0.577683683360663	0.566211355853732	0.682937981219193	0.568243820357565	0.689817133645407	0.590602541533106	0.610089304444177	0.566630432599641	0.611037403233884	0.553621505601427	0.568464721940054	0.577962279658959	0.557929114568731	0.556862659315554	0.592095457508582	0.591964671328729	0.553352953197733	0.555958121113385	0.55199211883058	0.655821396183382	0.659980046631684	0.695013036448693	0.574251474041432	0.703716007448624	0.650586756431938	0.572239241280599	0.63219994384675	0.566467130257549	0.561515450705785	0.638225245794932	0.578636761207188	0.63424726502524	0.606315431456914	0.704741636672625	0.594284053505031	0.625440346986229	0.561763896748124	0.514488359865124	0.572254235551556	0.564735716292676	0.556360332112976	0.575623257295784	0.550178201084177	0.550453974832937	0.547548041242156	0.596249385417308	0.551740233196453	0.520818603589579	0.598559867219725	0.638444079316447	0.587438152681332	0.554615784086637	0.514778161070408	0.65899856305501	0.552765616590331	0.589644555430351	0.56236608268644	0.528371237900489	0.580697096940544	0.515996769779596	0.611669223173671	0.598000441164009	0.54306996938387	0.623268246511557	0.526947765082675	0.693173308254441
0.550120639059189	0.534901763904455	0.525259659048826	0.579454596503064	0.550960786370124	0.509133283471524	0.665165678397005	1	0.569316545461146	0.552857167119611	0.567997134788345	0.604931319989802	0.547822516347309	0.624000566818925	0.514657948266853	0.544147545516312	0.548888669650023	0.555512915209071	0.503005129524691	0.531132897183821	0.560158666458935	0.63821541459327	0.535337143378054	0.662636963981283	0.545014163887132	0.566677130672961	0.53879666265892	0.566609096855529	0.561258453168859	0.5615148876672	0.549791443811595	0.515135868486083	0.569651003802791	0.569761727031471	0.570058855072042	0.53049184629948	0.550017225901448	0.540723452778836	0.628392700555709	0.621155177616005	0.680530242023206	0.568615387256961	0.651569645320205	0.611856427304807	0.565319673765526	0.577982037222268	0.577252972451585	0.599170580531455	0.630445396016743	0.581229977643556	0.653578781779983	0.592158241636069	0.656511755734507	0.58232726220892	0.645580537177078	0.518156530099155	0.565245014934812	0.542943648603919	0.587072345016847	0.587178496185699	0.561899528252628	0.560329620868402	0.548502171294863	0.59333187409593	0.591557612101492	0.568184109359019	0.54391533793212	0.575712433662707	0.598049137838245	0.549485153384765	0.557293616417337	0.523081023930443	0.672694629489822	0.47236455341804	0.547737980636274	0.583694674211023	0.546013735613578	0.636486615955822	0.547821735835525	0.596521117048888	0.565068927537964	0.555089254547244	0.580207302794465	0.549292859977768	0.628571749503037
0.617650426116944	0.508550585967806	0.531110422915482	0.636000406383983	0.564973188543737	0.493296340329603	0.552504423831757	0.569316545461146	1	0.63401820207017	0.611204001602742	0.550998404590413	0.628129341222208	0.576052463296214	0.519207729224949	0.64961998576729	0.558489651065901	0.571369999857971	0.541274111734807	0.635055920965352	0.661122418691647	0.557773344424967	0.524274247398837	0.568845243664038	0.618474165817763	0.568165403818552	0.560560703460394	0.605460736164381	0.589345940367773	0.554770173565428	0.591296501744716	0.583727031906256	0.615003082188411	0.587819455182476	0.615318186022374	0.499366471336749	0.523704459009491	0.536009882999357	0.587349799243942	0.534596202969505	0.564066186632868	0.639361419527245	0.546307045874221	0.541896316789976	0.586121615690275	0.537054579521435	0.594813214846317	0.608771855869646	0.552096345773609	0.64364990787405	0.535349399513424	0.633029086000381	0.550056381746897	0.608870574297331	0.560823899648984	0.523852145486682	0.608940884575794	0.601862648627588	0.558935615437664	0.589080766157248	0.597627048410074	0.603466948756427	0.566456877904397	0.572648011914648	0.540919132440056	0.620808444135	0.595549551664926	0.551338693144777	0.580132451182452	0.599081917835924	0.611853026284461	0.472571172449166	0.555320807076426	0.482168032423841	0.647306342164726	0.613759596783454	0.511868625704555	0.564746316932373	0.62343756724595	0.580349031319662	0.610448850828599	0.615446148291613	0.598558551833518	0.565527196739282	0.560993705358442
0.61851328807826	0.517971402528775	0.563187496133104	0.629995230214294	0.582751523590646	0.496141792270362	0.566818345833695	0.552857167119611	0.63401820207017	1	0.654682141389543	0.557011782524213	0.606787875942936	0.567802246246513	0.530737156374034	0.621564617914832	0.579343807554859	0.569325901288021	0.531667297251229	0.651073721881494	0.62776394591993	0.556007474572352	0.541508342726755	0.573790046122257	0.616505532117119	0.5887714383293	0.576187292628191	0.614931637023212	0.594754029420142	0.547546196445244	0.604224465826556	0.575505969654222	0.592667008195508	0.587428123488678	0.624981968461584	0.516084394941859	0.522653849418519	0.548443880401827	0.55436920797803	0.519069969854471	0.574178396861593	0.609017721381591	0.553384462608094	0.544344846887314	0.581234472581714	0.562558097205535	0.598987189731453	0.570708154621691	0.554512539066248	0.593388048110487	0.51914280053567	0.6150339820749	0.552018044780576	0.562448495831084	0.530939614867334	0.504179160661446	0.58610898585506	0.618447399061866	0.577937364306316	0.596103808796075	0.592705086212387	0.590312007814304	0.572290457120888	0.565502621939012	0.57585447551858	0.628477528473771	0.591976657094258	0.568665114536161	0.569875178761373	0.638203996429604	0.614389996535328	0.485544705703372	0.533594487813943	0.514971925342597	0.636027860934922	0.607939826178376	0.509251505826985	0.562261333026469	0.610197490576082	0.572193395898819	0.575435179263963	0.596985741412194	0.613482499942063	0.578215057873618	0.577844558668331
0.611699874001106	0.541329476632254	0.605047285554116	0.679869593919563	0.598825585362818	0.523438471542312	0.598182929892994	0.567997134788345	0.611204001602742	0.654682141389543	1	0.6098183916081	0.626681352801161	0.574896727500678	0.539009547550086	0.658471572746756	0.587066090425942	0.601568766642776	0.555410691699543	0.672742206594423	0.630540422580418	0.56122628087838	0.560692116305631	0.582628506171994	0.653716602567868	0.617222161128367	0.57790855101421	0.631621613380676	0.613781798964989	0.572867562770687	0.616846819182961	0.602168035626355	0.63375918296421	0.602293669379376	0.630939989165828	0.543396716145489	0.547519647045371	0.557570589492762	0.555352958710964	0.529234549081749	0.585728339545392	0.607569798482076	0.560588831231895	0.560563939622331	0.618891993370712	0.581351423117869	0.61501507458261	0.564177842296576	0.580465694649394	0.571208315253134	0.545133366566882	0.634562358281163	0.580914948290256	0.584447926115258	0.527520883887378	0.510210089576183	0.587040382725507	0.665753482808448	0.586112538906436	0.599832360215394	0.608470094214524	0.600585957996119	0.585378736925261	0.562307496760031	0.60739771843208	0.614039432599638	0.598313129543357	0.587714890916812	0.587977084473499	0.667078708097359	0.660140828933918	0.499428195890244	0.558889160104395	0.512342247183442	0.638947120021564	0.670976472858952	0.529194900817975	0.553526607468851	0.597842307334957	0.578070434464209	0.58538480677145	0.601438509782356	0.616742858599094	0.591698019951293	0.580622687096449
0.530689874818007	0.590861107540531	0.561423741467434	0.586255211057224	0.619473900088237	0.581154244602498	0.586660681050586	0.604931319989802	0.550998404590413	0.557011782524213	0.6098183916081	1	0.526781024439285	0.597981678860511	0.540905275089353	0.535294320148873	0.62630756108206	0.605092161697996	0.537890298112883	0.556309441355527	0.560282945803729	0.578297029381074	0.577936059092362	0.587738779800121	0.522647984019836	0.609344229481698	0.608958677549587	0.560252782429187	0.644113678804989	0.625017317815045	0.615452410735772	0.559063994659947	0.542153888156481	0.615023277357248	0.569044105253349	0.583346617531317	0.60030507513235	0.590352443519372	0.560681074233251	0.569890033066638	0.577750461280693	0.595477212840784	0.588296427835281	0.544611213869377	0.572232849980157	0.57956227853611	0.590816014725634	0.62596294605864	0.605607321881708	0.564032042609469	0.593025789825479	0.553022049202624	0.585120854565722	0.566909535649713	0.56814265872247	0.537900372497405	0.569629157701234	0.540105515921803	0.575127962903383	0.604709868143826	0.611861584437847	0.591827710539592	0.60102796527548	0.581510795259521	0.599856108190496	0.577553866377724	0.589957098308387	0.587533299928174	0.570359613343866	0.56012725309362	0.601941817148893	0.563597967836928	0.586836300928865	0.459982699347389	0.55013473209362	0.596187133829622	0.610481474318478	0.612416353087697	0.543095729620752	0.556372215172524	0.589160220594733	0.538574870720975	0.58613737548105	0.609532475147422	0.581498766109217
0.593970473771994	0.464115378993154	0.525161945371343	0.722154282280113	0.510888399513727	0.474203886065015	0.585246767259167	0.547822516347309	0.628129341222208	0.606787875942936	0.626681352801161	0.526781024439285	1	0.517602322410143	0.507748176067662	0.648453977435205	0.548045905676865	0.559145686565233	0.522700462348555	0.626586352623658	0.663191980795815	0.566631194921279	0.528576653185153	0.620100633281753	0.677034008626225	0.571427872792139	0.54026201859976	0.669691787389438	0.579164078705835	0.494944214267909	0.595142760972593	0.583078135723009	0.68925067781905	0.573997285683264	0.618797918504039	0.471190233097937	0.503871738261215	0.519193587521467	0.574137439044848	0.51566427502038	0.590617999242626	0.579999031418151	0.541246346705724	0.540690098077636	0.582537361740233	0.53007871664871	0.586839814762138	0.541468006339348	0.495632344059745	0.570172890216902	0.499761921497079	0.644376255312821	0.56650792093693	0.611192242837639	0.53275250714417	0.525828149555429	0.555663444800122	0.599213373276195	0.513447312766028	0.52677541510028	0.577825318698415	0.583503740668263	0.529162157310979	0.524009754023785	0.52539084210059	0.562738711297983	0.530437049743323	0.559654406864079	0.626049377540153	0.581535147686234	0.614767661086095	0.427102171618078	0.551128728873969	0.505599969524088	0.60544144564452	0.624898493683248	0.490999023883983	0.531683693100686	0.53752585352767	0.552874765064416	0.581550172395343	0.596411758469197	0.592088566891346	0.506894493288306	0.586054209289178
0.569657605913406	0.553326976763413	0.538547095403519	0.542999998151316	0.56974903815772	0.523293653530862	0.609105453655547	0.624000566818925	0.576052463296214	0.567802246246513	0.574896727500678	0.597981678860511	0.517602322410143	1	0.53571913327891	0.557059625890922	0.546996143353565	0.553278898778109	0.52964737967498	0.575501883977481	0.567911853745573	0.616020778742199	0.535127700466952	0.601665130355582	0.54464848073975	0.561660849653854	0.549502467597184	0.55455690073946	0.55672587646189	0.575816645312532	0.550380755310241	0.521479091804502	0.55511546404977	0.558572350731172	0.593998520905903	0.545253461089776	0.548431270923656	0.54114229935756	0.611190046847504	0.599146265204514	0.61699549485964	0.575946180541213	0.604410775410115	0.609493810601426	0.545039589579609	0.631245460313745	0.591366097338876	0.650280143141409	0.690902581702676	0.623635332907025	0.649298566234188	0.613939715122694	0.619083479522897	0.608894140791968	0.610967511350491	0.501516108547578	0.56902656431404	0.565075931841644	0.61882959847208	0.619357632524095	0.587400302248998	0.570045262696351	0.560139847316882	0.60745485965335	0.624445101950085	0.585531688693587	0.556240026158596	0.590882471904136	0.563772796237016	0.594428060732641	0.566958365411646	0.535325270108032	0.635529553027767	0.496220028862756	0.595981369742361	0.57447105296481	0.535499263068671	0.601383132050214	0.569959588722505	0.571539778643454	0.599611656709619	0.574923668669236	0.639659676116813	0.565051624094763	0.57712068643195
0.54733524040924	0.660099317462877	0.679996224114842	0.515429852627745	0.554004688809062	0.657454813125443	0.570140405294636	0.514657948266853	0.519207729224949	0.530737156374034	0.539009547550086	0.540905275089353	0.507748176067662	0.53571913327891	1	0.551846215069808	0.579394003022961	0.551032682779772	0.691334163781252	0.561755003820969	0.508788090010843	0.551460076756933	0.634468492601865	0.539056959085688	0.548315134008454	0.553893713698914	0.586332054829736	0.538173523279421	0.525396172466266	0.570084367193648	0.555803232110371	0.594603786931113	0.494583730461877	0.524583199096979	0.525966090945477	0.665088087780112	0.61169491957966	0.615783991528839	0.548619385030444	0.604160677785887	0.502220957924631	0.54492611906212	0.575062433577344	0.587668356733035	0.552311254968068	0.606961058772586	0.490532630883796	0.4975230649327	0.570116237471483	0.488441125277869	0.516232385203613	0.511019712195293	0.56191392941678	0.552802568617213	0.521591209427696	0.645842192976547	0.492651788754519	0.558461198866528	0.505154515470754	0.526296885835773	0.536709101246036	0.523379078254139	0.562831270729606	0.490172066542111	0.549814223817139	0.539862520890357	0.553040781721317	0.56637332828515	0.534551511157046	0.585549340960311	0.527233422255791	0.628895884064778	0.523819703227252	0.639266324404683	0.551651261589488	0.485835816027114	0.571742017497798	0.490642776870593	0.509355606794821	0.518991409455425	0.559009783400215	0.50990856704078	0.562555609825486	0.554958232087312	0.567362999085908
0.642615580441972	0.515204045946529	0.588063387408979	0.656231701495081	0.570254768732056	0.503160010565134	0.569369987203101	0.544147545516312	0.64961998576729	0.621564617914832	0.658471572746756	0.535294320148873	0.648453977435205	0.557059625890922	0.551846215069808	1	0.570157994349981	0.557414818484082	0.604141263883678	0.681981982436727	0.623962026386836	0.538283438116134	0.526544788967803	0.54849561683493	0.710022650875033	0.564244339609081	0.55902278852913	0.596916688088428	0.553883325514913	0.574875575325819	0.586537091893868	0.601204382416981	0.648440914727252	0.559760911978433	0.620326152278402	0.510197856650436	0.510199496496708	0.527656234488243	0.543192841436028	0.530364053891223	0.551670649067814	0.602919113955162	0.537638796584897	0.57188070298732	0.579105793889595	0.573514207883715	0.566149049493474	0.535896284854883	0.557928115432114	0.565167149333839	0.511385959392884	0.627740872263818	0.55656218702162	0.604756314431205	0.528381611572616	0.526587284861814	0.577744162484949	0.673160476646377	0.55997551289942	0.583308501834844	0.578880129827725	0.599602407576506	0.554951687052247	0.541449168947613	0.568565647259218	0.596413400082146	0.58385912628489	0.561807628535306	0.563046882592024	0.654892713195986	0.637911447554171	0.48713805886889	0.536033556740106	0.544992783962304	0.635868561914266	0.619832527229883	0.495896646023579	0.509524994018236	0.613378214355082	0.561743448215924	0.588596709610378	0.629045787607438	0.577486458369963	0.570263571870438	0.552801728726405
0.535813894363379	0.616166154901626	0.616418133684489	0.595303834361828	0.66976240361713	0.611889308973579	0.574370048987272	0.548888669650023	0.558489651065901	0.579343807554859	0.587066090425942	0.62630756108206	0.548045905676865	0.546996143353565	0.579394003022961	0.570157994349981	1	0.633872953421399	0.59383876128746	0.590253799496823	0.603551993720641	0.554041578738963	0.624326308763297	0.589731801542466	0.538555239363982	0.635707950205163	0.702943977051485	0.55862542833401	0.69341382789487	0.679271608726664	0.706195962170149	0.596490712750045	0.507083017433117	0.601218242608005	0.575893743148599	0.579787884311517	0.597637270659261	0.62468509824428	0.545825810676506	0.578737293252001	0.537720330977938	0.637498432959697	0.572179201177599	0.522212493160922	0.579278221073966	0.607081918951667	0.578073179161976	0.574359347651404	0.558808779646692	0.521565756195351	0.492067150507711	0.560340675552868	0.55614210125137	0.567102445946895	0.521775372757503	0.574755896437281	0.53767957755714	0.558096916772763	0.517250516248266	0.583037444845266	0.613737531277578	0.602781522790016	0.635084182736904	0.498431455900157	0.55583058164746	0.591375286518184	0.613597815156266	0.592340165903849	0.550846078937816	0.587195328976282	0.595916226395872	0.569605126925153	0.537861317211392	0.492015078866347	0.556524834126048	0.572152537757965	0.607411810066767	0.54894557428123	0.533963138848235	0.512051662578567	0.58960791405117	0.514897921909664	0.623636122306116	0.660912409089353	0.597741411391769
0.526834350852772	0.62105947071498	0.585591454923522	0.596986289809167	0.611898457152513	0.614222838992897	0.560305221409454	0.555512915209071	0.571369999857971	0.569325901288021	0.601568766642776	0.605092161697996	0.559145686565233	0.553278898778109	0.551032682779772	0.557414818484082	0.633872953421399	1	0.561498550214038	0.57923755869944	0.616763205643296	0.581313211849464	0.640018135063997	0.599894703722531	0.541160530359306	0.62865023682941	0.640545353519312	0.594338040840343	0.660720264348583	0.601106992727847	0.663439463848708	0.61353390166139	0.532869556218919	0.625995516004558	0.584705600392614	0.591033737771659	0.625326625261507	0.647232483047365	0.562072823991934	0.559974499200223	0.561646873860398	0.636321493390112	0.567663606632592	0.523533540629572	0.6028570224919	0.578010236979775	0.61540753256924	0.602451271785008	0.557143673561288	0.554138272546629	0.50853949562038	0.561794746472914	0.562047062904779	0.563456513625956	0.53122502440156	0.574553385382559	0.559919175070892	0.551160712226559	0.523880588571599	0.613419154490505	0.630686560012281	0.629936727460685	0.640413886705417	0.523174233723778	0.578194648954868	0.614685951682646	0.618647558437124	0.630576048781435	0.574235852465936	0.567374879749326	0.588828430586211	0.562254439062034	0.561181595434019	0.463004372802047	0.553634502092625	0.593789369490554	0.63727702313649	0.556346002479313	0.522125098711092	0.526185996496991	0.616650035877721	0.517332444989059	0.632286100302312	0.607668877973688	0.582183198069269
0.566102646587978	0.637390426416492	0.650146282521794	0.530241449247392	0.585256536570147	0.64138750246039	0.547274025020249	0.503005129524691	0.541274111734807	0.531667297251229	0.555410691699543	0.537890298112883	0.522700462348555	0.52964737967498	0.691334163781252	0.604141263883678	0.59383876128746	0.561498550214038	1	0.606964250686521	0.529156239267713	0.526373110280094	0.603607567182448	0.512144356148217	0.574330176427279	0.526672669503175	0.586557194677257	0.513935777767129	0.53490808315932	0.580093138776017	0.563679780784537	0.619921850982788	0.509437787022954	0.506131256778087	0.515877215333533	0.623573360388175	0.590224568387657	0.59449384298229	0.521331116098347	0.593921395575071	0.482808461236318	0.567613321547342	0.549302507807412	0.569825057935717	0.545201755161143	0.596262134827548	0.496957448617645	0.49734210106646	0.557060041645757	0.482381907484945	0.493434712328399	0.504726457425058	0.537362930798772	0.56124878457852	0.512943720124976	0.631534730713744	0.530322413683079	0.606468007376522	0.501128231672809	0.552050979328894	0.543161943791799	0.549113275267175	0.578859480298483	0.48684136377964	0.551397876112568	0.557404704430048	0.593638991025634	0.566868469416589	0.514927286245792	0.603442038168886	0.557347235555957	0.608160642064795	0.511873980372601	0.616256493739926	0.555299739451041	0.510831379652667	0.566880729657238	0.476653783371959	0.550318369020948	0.489028039390279	0.552534758698964	0.542390865538234	0.553941046826251	0.586613688802487	0.536980636662487
0.635895994231307	0.530978736042035	0.596588576339906	0.632038058943349	0.592721603705076	0.526673389205191	0.577683683360663	0.531132897183821	0.635055920965352	0.651073721881494	0.672742206594423	0.556309441355527	0.626586352623658	0.575501883977481	0.561755003820969	0.681981982436727	0.590253799496823	0.57923755869944	0.606964250686521	1	0.641443390766934	0.552541528864704	0.558465677384791	0.561962427469796	0.660653729781443	0.580137782752855	0.580436389517202	0.607390844594999	0.585305188817218	0.583417947406104	0.626093068194491	0.620693233861409	0.592465924648846	0.566276730553079	0.602302668186379	0.518986619674937	0.527754556000273	0.540649599725612	0.538215704484957	0.540214004826659	0.55530629814109	0.630887681277235	0.542644792532132	0.570217532823924	0.557622737340794	0.607041201143434	0.592475915348653	0.550690992595077	0.577576645324479	0.56929784186121	0.508113294738544	0.633857532937188	0.567406617522885	0.607072985147783	0.516374677661729	0.534665613715955	0.577589887165382	0.647508998137302	0.557115548036762	0.6066741216385	0.590259304628736	0.628859410626933	0.578218824102142	0.526853027552659	0.595988028446842	0.620644949537121	0.615829869621875	0.574814147217078	0.564256029415954	0.67943581346866	0.632074820817924	0.498513628959187	0.53482345595782	0.521185888130845	0.645245006563132	0.609134540682998	0.512559960555322	0.505822671847617	0.60905736728822	0.537224951328506	0.591022633085866	0.620350380833356	0.616810905771921	0.59068902120687	0.565706444374473
0.588591078713595	0.51310400794229	0.53433763702442	0.662379370304591	0.576042638995893	0.510263528309986	0.566211355853732	0.560158666458935	0.661122418691647	0.62776394591993	0.630540422580418	0.560282945803729	0.663191980795815	0.567911853745573	0.508788090010843	0.623962026386836	0.603551993720641	0.616763205643296	0.529156239267713	0.641443390766934	1	0.567944248592982	0.561220168293432	0.594247825018285	0.607982798232503	0.604614487999964	0.591594935343924	0.645557947574483	0.629914877915191	0.552154364820813	0.652023221634561	0.600438726329034	0.613364602811681	0.612528473500678	0.622089405319488	0.490156648483685	0.531551090231991	0.559928008356823	0.574071763192218	0.527318454896386	0.586063275055173	0.651706269618323	0.54484331988387	0.518175979353278	0.590930533276868	0.563237056143053	0.654033688202237	0.611900845371089	0.540815176044932	0.609105262688226	0.513177457032814	0.651686346997119	0.561700943376218	0.613752974427525	0.540137771063164	0.523998173415029	0.59448063863504	0.597477856769316	0.54061790492467	0.604896417846095	0.629238479727805	0.644782323156986	0.604877058745516	0.536721637213658	0.558783921660234	0.625008184949925	0.607455369262558	0.58907017110855	0.594140699792625	0.596845431279027	0.632280980576768	0.471255002689087	0.553122343749063	0.441188262993886	0.642841845909662	0.647440041802521	0.524569424867786	0.565150929721525	0.583208952925005	0.53381973934939	0.627116857099674	0.586409330615422	0.653291699541635	0.570785757857464	0.568658546584549
0.55099166097428	0.546046691420616	0.541140134617228	0.575605301144503	0.525590386554814	0.548278802086656	0.682937981219193	0.63821541459327	0.557773344424967	0.556007474572352	0.56122628087838	0.578297029381074	0.566631194921279	0.616020778742199	0.551460076756933	0.538283438116134	0.554041578738963	0.581313211849464	0.526373110280094	0.552541528864704	0.567944248592982	1	0.561520630075131	0.704073444705542	0.560659426167537	0.621723148993165	0.574472012382776	0.615468640689111	0.572099099202705	0.560886292846623	0.591569095151598	0.556452720486904	0.542809288898231	0.603326841461835	0.579968729496255	0.534748843569838	0.553992242322131	0.550589374027631	0.706584261886092	0.675360288847436	0.681814452932913	0.582461929276086	0.719341730700854	0.659974037080962	0.555959605927898	0.613429387400208	0.551239060095798	0.59409007599872	0.631796857108291	0.585733206500159	0.640349746967012	0.571995088684102	0.716557355801279	0.577555956180595	0.650105202183213	0.561045317640186	0.518596390953018	0.532182397992069	0.536838635550319	0.551851943685666	0.5703307444381	0.548669310900569	0.550892493022924	0.524154974671029	0.577883941354963	0.570501004913481	0.534672590608259	0.610384990694179	0.64935371078766	0.572363932524768	0.527944643844239	0.521149201940956	0.701759935161841	0.541286711420919	0.584811600694477	0.54666920191239	0.549571608911109	0.595137836479604	0.509685770501274	0.600506609270844	0.604098119869133	0.527201032016533	0.625746310399054	0.522933596608809	0.692104393662582
0.50702889836693	0.703042595033863	0.639681450059378	0.556264172176806	0.576056903564115	0.683152246537474	0.568243820357565	0.535337143378054	0.524274247398837	0.541508342726755	0.560692116305631	0.577936059092362	0.528576653185153	0.535127700466952	0.634468492601865	0.526544788967803	0.624326308763297	0.640018135063997	0.603607567182448	0.558465677384791	0.561220168293432	0.561520630075131	1	0.574806419997213	0.518881588676832	0.606001423897083	0.611127052139741	0.567442347421303	0.598364472434631	0.580978454278498	0.618966269097447	0.627107299994675	0.491492537115119	0.592074407156301	0.557178425293427	0.669490817681142	0.68696414092622	0.708311435948072	0.54063847415729	0.561969268812427	0.529008457835212	0.583165567623508	0.566069034879252	0.532247503854744	0.586680933076014	0.594158365458628	0.577206542434416	0.563974233804042	0.557998146434871	0.512163700140674	0.500077744829747	0.543834521776276	0.549942770072155	0.552820056708057	0.511811040841555	0.625629903262001	0.518101865083613	0.527090445783724	0.510441778611961	0.56903741274994	0.602859208951663	0.571938448897534	0.612933740579031	0.507286334693422	0.566633659950458	0.573193360605624	0.576832602130387	0.589709370499096	0.551637495005536	0.547444549215186	0.56078101455604	0.605746992245542	0.518385111150477	0.521163185303398	0.537544651987176	0.529687735328007	0.626339408402582	0.527785423848739	0.496775384995152	0.515082581897062	0.588415479960559	0.489116124055807	0.609675641876755	0.575518653321589	0.578971163644924
0.544213248595991	0.539519292657814	0.551562563610594	0.627635484392387	0.543076823022475	0.535773409563575	0.689817133645407	0.662636963981283	0.568845243664038	0.573790046122257	0.582628506171994	0.587738779800121	0.620100633281753	0.601665130355582	0.539056959085688	0.54849561683493	0.589731801542466	0.599894703722531	0.512144356148217	0.561962427469796	0.594247825018285	0.704073444705542	0.574806419997213	1	0.576171203644948	0.63565477750217	0.591384880048359	0.625598312639005	0.602015647404697	0.56151804491644	0.61618857791424	0.551444345590307	0.556685098376676	0.610467539591787	0.611687212929409	0.531733894996344	0.555875164032924	0.563354024665736	0.670231346063033	0.634116482060129	0.686476291713126	0.600077630781381	0.688022164885498	0.6276334290652	0.584124454574457	0.613945325526064	0.584342780083779	0.599303444088432	0.607895078922372	0.577150485994292	0.598928971222575	0.606197566893825	0.675150114973533	0.60002349727145	0.611603290419893	0.556654340653996	0.514557309445752	0.542191036380615	0.542073023191626	0.556196026136125	0.584945543761771	0.56254256436694	0.559449116553123	0.53698545807215	0.574927347354131	0.569546073017584	0.532063480414949	0.611347216372765	0.64689846530663	0.57707013462419	0.564305966839079	0.491255027266942	0.671756984878251	0.520085721028387	0.575716503544901	0.571520282832255	0.542298763428512	0.601092093357275	0.50685969959027	0.586482507306577	0.602828758740237	0.527590662409119	0.65478130337198	0.539758890260702	0.725330739782758
0.630243645078628	0.493602321849714	0.573395796066301	0.665249451582409	0.536174193392191	0.492527743324253	0.590602541533106	0.545014163887132	0.618474165817763	0.616505532117119	0.653716602567868	0.522647984019836	0.677034008626225	0.54464848073975	0.548315134008454	0.710022650875033	0.538555239363982	0.541160530359306	0.574330176427279	0.660653729781443	0.607982798232503	0.560659426167537	0.518881588676832	0.576171203644948	1	0.561469924105875	0.546815661304435	0.61002077506588	0.538935589024888	0.530556156343753	0.569805959704245	0.578746380067469	0.668986533950238	0.547217551193316	0.611777351506184	0.498747686142923	0.497599312601724	0.506213077831136	0.555867946558524	0.535424530080646	0.566369405598555	0.573691272650951	0.552859201327533	0.586787371670168	0.563893809096637	0.57693030113327	0.548363660947541	0.520802141379385	0.554546679398407	0.553464716082885	0.512835294899897	0.621212587913018	0.578327810102698	0.606634544588356	0.519566882930417	0.524379745401748	0.542751990439373	0.656384770401215	0.543334397870647	0.548530978756438	0.545251472448953	0.565695252104908	0.517739790401223	0.522664180732367	0.566948907672967	0.573799870857795	0.543283358219356	0.561996126465907	0.580227497458337	0.651608067366839	0.605029468592341	0.480089000269118	0.546743407903964	0.570270683870331	0.636204088714432	0.60306400338743	0.481110317961309	0.493767262384757	0.574405552559484	0.554369667216143	0.588005478499792	0.606907433344229	0.583241488035528	0.53359887709628	0.577908376720086
0.540189328813958	0.577522658044458	0.602671160408289	0.619882458311283	0.601909994804102	0.577996625146727	0.610089304444177	0.566677130672961	0.568165403818552	0.5887714383293	0.617222161128367	0.609344229481698	0.571427872792139	0.561660849653854	0.553893713698914	0.564244339609081	0.635707950205163	0.62865023682941	0.526672669503175	0.580137782752855	0.604614487999964	0.621723148993165	0.606001423897083	0.63565477750217	0.561469924105875	1	0.652845319916077	0.629024670319647	0.656072058925125	0.645968167308771	0.676893124834005	0.586226242214174	0.53720409435858	0.705467210897414	0.618796914368607	0.556223955648289	0.577775665434523	0.601245235172142	0.591271889390303	0.56955257910237	0.596190227806517	0.607904083762142	0.614307904238882	0.55136421510889	0.620345684832121	0.591864402542807	0.612509512549026	0.594982666227553	0.57207251103322	0.579472512636914	0.533457835989333	0.58949042864274	0.60213056576836	0.563453316204985	0.530373047526642	0.560720267171227	0.523590946462859	0.540415441947227	0.530241862280967	0.586726685274615	0.62356970598532	0.589604602007827	0.614835994149604	0.514574731946495	0.575065031521714	0.60982480979656	0.571357457871701	0.607200268508149	0.59465798756537	0.59096734466024	0.580518165294172	0.515039642768897	0.569690893100153	0.51131196007814	0.594409270337172	0.590866281411987	0.566728540370754	0.558805917898338	0.521231797614687	0.587004657214397	0.63257664708553	0.508117048215425	0.642503251199784	0.596049986179374	0.659705131980371
