1	0.105906848827077	0.0915625783080088	0.112820887869246	0.0946710658617652	0.139757112595145	0.0578938992178215	0.0709024767685853	0.0623703463039369	0.121276130691743	0.127160778059498	0.0840989241783048	0.0644702241632275	0.0913419410823927	0.0720327262992073	0.0876124701223046	0.0983203552883132	0.125587060175945	0.062127120665399	0.0474462747372508	0.0864461445195922	0.0755035945804034	0.084863077696633	0.0601123515859224	0.174792668751438	0.089629641348044	0.0521712698883639	0.0464914913087197	0.0553080479804161	0.0837268474948545	0.209281618484823	0.0733963235073402	0.07821991380315	0.104093854068067	0.10127350455676	0.0693735438865494	0.117434249444746	0.126511643348266	0.102911317894553	0.0925844230994713	0.156976910449253	0.0846809305980251	0.0672466213572552	0.0854889528906988	0.0970568485018474	0.145903235124008	0.0807953016980824	0.0732781423232911	0.128986481756899	0.0899667199642965	0.0778605365649579	0.0968193874632316	0.0906850595523923	0.116522486889316	0.105436060646561	0.160222609021826	0.0904594147139364	0.0895939847162149	0.0886160215623702	0.0687509369435552	0.0605341175714144	0.129586648079637	0.146824979393175	0.0772463766207565	0.149958844557978	0.077539018867074	0.0582007636776943	0.0662094823376304	0.108309567828754	0.0881461712004806	0.210898042479817	0.0892414079073547	0.20771592346285	0.104236521489167	0.0768846694558886	0.0612117541810233	0.0966099208827019	0.0966238673384214	0.0865338525920777	0.0610073737968225	0.113213867200363	0.100259231689976	0.0806752953959765	0.0592799020882777	0.0960888071627907
0.105906848827077	1	0.0583709087444018	0.0699055778167491	0.0658326030184892	0.0853499029590075	0.0608785632297317	0.0442109182148624	0.0327928946091409	0.0700811686073213	0.0721723299391478	0.0460498158527673	0.0309411973389518	0.0590332707536288	0.0601252226880338	0.0528293580354919	0.0802832540298836	0.0705424477373051	0.0156091549941692	0.0223154747377337	0.049321825545424	0.0621883887311868	0.046647194718645	0.0282727289059058	0.0995426132651671	0.0444411849714489	0.0493576205719957	0.0455550209844662	0.0229913885224507	0.0685710401651374	0.10844449497891	0.0488014414076826	0.0479027144860231	0.0472407662720578	0.0763335148562378	0.0578520546458791	0.08031647158652	0.0689500237107046	0.0558212529640001	0.0488489672292432	0.099743483472379	0.0624754573501251	0.0481116803254312	0.0666098743741309	0.0886386162221501	0.0845052319063975	0.058123235658186	0.0561929579790091	0.0814962993507634	0.0742353982225913	0.0523146547302683	0.0639118624029214	0.0507762317619363	0.0931430845365599	0.0780943216876564	0.0863473995110035	0.0713422217987133	0.0413126155693796	0.0564401785214353	0.0590930687134286	0.0468274649825076	0.0752452775864588	0.079505728337182	0.0519665541256351	0.0861362147336169	0.069464835103305	0.0545489382477935	0.0508830084877919	0.0586723384648496	0.0624366199766768	0.110316895152887	0.0304152463205885	0.102184758192273	0.0659466615804126	0.0426903968457467	0.0479830208533579	0.0764960997366162	0.0412456823186241	0.036525274450965	0.0504796327628744	0.0796445061148809	0.0455005050325561	0.0611322060393563	0.043226669356026	0.055983047054921
0.0915625783080088	0.0583709087444018	1	0.0635193892040858	0.0578303963486317	0.0626172630805778	0.0244141157186068	0.0477621634457437	0.0450888916048143	0.0480048102461805	0.0635035238997327	0.0427664870676782	0.042247446747091	0.0480027804015636	0.0494221194681429	0.0443900178350978	0.0578213415111024	0.0869344544421776	0.0118040730554558	0.0187506409019996	0.0324334985620333	0.0324334985620333	0.0332309144739533	0.0267257706780953	0.0787209063072033	0.0346745579529205	0.0311046604430192	0.0246071156841854	0.0413969558046383	0.0308662558203303	0.104823169375714	0.0291355219928213	0.0332065730930967	0.0297706408236805	0.0336732124190119	0.0328119882067578	0.0525613228426427	0.0554701144433124	0.031773654406984	0.0586364045395103	0.0939551348617774	0.0713606354841377	0.042183626887175	0.0305286194998709	0.0581866004128365	0.0729511239461985	0.0505222898411988	0.0524625469131371	0.0487466924466658	0.049121496725268	0.0494522290394413	0.057897601945218	0.0669062775869139	0.0605912831981503	0.0676695681315099	0.0763226678257654	0.0517711171662125	0.0468626071502669	0.0547200230577093	0.0566045550749929	0.0236081461109117	0.0948375866641938	0.0906638113085171	0.03132492315954	0.0670544192768978	0.0437760184461674	0.0375012818039991	0.0288593496747088	0.0608995042800527	0.0498394195674802	0.0959579600392696	0.0255564969334431	0.0876204801073257	0.0547361148160509	0.0411458338616894	0.0604768039211682	0.0506174008987057	0.0425333472707375	0.0493239622322857	0.0468804602528043	0.0573613045858536	0.0599546148742582	0.0584515451849073	0.0340512482373571	0.0427635581571473
0.112820887869246	0.0699055778167491	0.0635193892040858	1	0.0586139123231638	0.0748569016284675	0.0340954945921863	0.0598609250448463	0.0339062877305846	0.069310123034646	0.0774386967830917	0.0413484020982668	0.0537638646933167	0.050536494394233	0.0520307499390505	0.0438122256028134	0.04782902550299	0.0683451611668162	0.0295883888592782	0.0282004991885044	0.0467467122349873	0.0589415067310709	0.0403672271844585	0.0558262454318599	0.100820139294699	0.0561611892846874	0.0434391642175466	0.0370084921102246	0.0124519991042094	0.0487431879315976	0.115147381674339	0.0535566813997601	0.022700846781214	0.056985480292177	0.0488349741529487	0.0411236808577219	0.0702674905255626	0.0764735375390054	0.061440156937476	0.0639360818798083	0.107472316705473	0.0499614643488032	0.0495649447904794	0.0535666682677073	0.0595076193226733	0.0844818454071041	0.0550885970142615	0.0611493369758415	0.0877147456623144	0.0791544788738768	0.039253433598943	0.0681468717550793	0.0765627915971249	0.0768890712905194	0.0693909227066711	0.0829020116738785	0.0594213640941448	0.052860149760456	0.0514359740388033	0.0537674828896486	0.0147941944296391	0.0980604486306493	0.0956885088680909	0.0406875569562798	0.0912435956556473	0.0617231688465639	0.0540509567779668	0.0506377044154725	0.0801424269311753	0.0493139814321303	0.114129341888978	0.0264249823605795	0.103200445524002	0.0746993748763392	0.0476017802637091	0.0568472588755745	0.0688770958058615	0.060415261225383	0.0568728794854375	0.0377716340916114	0.0593106115368055	0.0607669108546922	0.051946626288177	0.0409697867205275	0.0610995650090345
0.0946710658617652	0.0658326030184892	0.0578303963486317	0.0586139123231638	1	0.0740787892526981	0.0579308446713444	0.0416250534120263	0.0381395351564762	0.0779635887946259	0.0696856210717823	0.0310072052716139	0.0389847599377143	0.0376512774671439	0.0425649904077063	0.0358416314334993	0.0560237092707676	0.0711046921767445	0.0399390486893318	0.0259538489492175	0.0523752662536756	0.0448930853602934	0.0636879253098727	0.0493235844652643	0.0976119434743622	0.0467644228589194	0.0533046595639476	0.0227067567763391	0.0267399655108147	0.0541167801930555	0.106211008992791	0.041821800558599	0.038999030110161	0.0599378467093504	0.0488285235108811	0.0470990849950188	0.0772441102971589	0.0563048938568783	0.0376969344150591	0.0432864247303354	0.0866991655005558	0.0613082432961154	0.0559559363416927	0.0633846477516901	0.0472498085575136	0.0902051187964218	0.0606067192315685	0.0556726133245231	0.0578341050914527	0.0539618340747265	0.0583090008934685	0.0603949303978646	0.0644235527065429	0.0803734111001243	0.0794736487171867	0.0678199590782717	0.0553160312899956	0.0672676676387447	0.0681670401734072	0.0494839867893693	0.0399390486893318	0.0583423115296365	0.0968718176799406	0.0262779647802266	0.0854477253002258	0.0580682194069765	0.03460513193229	0.0473432873607068	0.0682384322050375	0.0677753553515934	0.115653637809911	0.0294785239852339	0.0896209948472822	0.0617331646015382	0.0496507524190446	0.0613869298767086	0.0578293474244288	0.0545119179569549	0.0303431800792387	0.0278099839077575	0.0595478299594765	0.0360811555232497	0.0465823413516812	0.0565587677500942	0.0552454183171466
0.139757112595145	0.0853499029590075	0.0626172630805778	0.0748569016284675	0.0740787892526981	1	0.0411025241177454	0.0515965856641394	0.0619928900446349	0.0973058024283388	0.114279960989451	0.0521998287848424	0.0536180091774909	0.066470629836652	0.0446532919465169	0.058852291324038	0.0562169974459778	0.0884806668920349	0.0370959207511047	0.035908314153701	0.058926387113604	0.0461855466566086	0.0481997135429873	0.0542431573182809	0.109441641218292	0.0502936433443762	0.0471297860505016	0.0362490190241963	0.041467978583121	0.036375543035495	0.154416190407836	0.0534113879496698	0.0462487777865805	0.0510318149976244	0.0836188257339322	0.0537063434095691	0.0848847709065652	0.0806241344743199	0.0829137122154209	0.0570094452686822	0.123980914185312	0.0840977241361354	0.0434988228290356	0.0629608741036756	0.082286722421792	0.110044284540705	0.0759134527787061	0.0587352078559157	0.092326244401929	0.0716722731296718	0.0550411909613405	0.0667483896218203	0.0651355623683564	0.0836790948070837	0.068873136145973	0.121592888920958	0.0690395464734576	0.0690338339493078	0.0612625981254113	0.0596859671628292	0.0417329108449927	0.0768384738799251	0.110595297702761	0.0587301232168674	0.109126855957157	0.0596504244905321	0.0534021082285809	0.0491261711974841	0.0794589742064451	0.07264617813758	0.14712641406879	0.0301180505808757	0.133740066414546	0.0704786787401678	0.0690048757775344	0.051671655041495	0.0752752063296752	0.072402896225186	0.0426270145070607	0.0434092268063526	0.0535164027478325	0.0737278479485617	0.0673189462944384	0.0501612769653808	0.0705549361999482
0.0578938992178215	0.0608785632297317	0.0244141157186068	0.0340954945921863	0.0579308446713444	0.0411025241177454	1	0.0407569572969611	0.00961894257466101	0.0491568185383778	0.0417406036405559	0.0625611247089854	0.0540766139582274	0.0583712537286499	0.0379561050135203	0.0284095494863568	0.0296044623208668	0.0379349519737742	0.0251819676257931	0.0300009600460825	0.0276765251093675	0.0242169594706966	0.0392635179751142	0.0380099021091201	0.0708486612381527	0.0307269259140629	0.0341261816394968	0.0209980262782904	0.0264939939624561	0.0434595934603197	0.0723483827243912	0.045580806159061	0.0231841750400695	0.041570549660527	0.0307868699585408	0.0233329185295799	0.0448522310552975	0.0402342353055897	0.0261451214914328	0.0262690519715244	0.0609780729149673	0.0377964473009227	0.0303721451525272	0.0260510318529613	0.0446872117063489	0.0653640645729747	0.0485012925227778	0.040291148201269	0.0512535534768202	0.0329347222026146	0.0351659528832137	0.0515539262226467	0.0446816601550874	0.0436256288060333	0.0577445722652986	0.0651285345752502	0.041852769803326	0.0299920031985784	0.0315186645757796	0.0305068094985273	0.0352547546761104	0.0556379295615356	0.0488629160026959	0.0364507402199878	0.0653938815850831	0.0525311076262993	0.0200006400307216	0.0410443189564449	0.0612473679382639	0.0335759568343908	0.0626662862806783	0.0163561223837697	0.0743188958231065	0.0493029411324458	0.0324101861776082	0.0387050701389145	0.0462786656561443	0.0453688048589838	0.0168358757425368	0.0300034291592957	0.0428296807291706	0.030029376425786	0.0442105268955141	0.0130756508203951	0.0355792028299856
0.0709024767685853	0.0442109182148624	0.0477621634457437	0.0598609250448463	0.0416250534120263	0.0515965856641394	0.0407569572969611	1	0.0365902909640221	0.0617072565039124	0.060169465267668	0.0327224472987461	0.0189882925797146	0.0537578366301439	0.0545452049754688	0.0351225661223209	0.0450459447801464	0.0654177681426593	0.0191583537446543	0.0182597011888259	0.036848357765685	0.0236882299922261	0.057253801243527	0.046268482986076	0.0838466472123748	0.0415590023178641	0.0475989814399008	0.023962838489653	0.0362817699066066	0.045087147504141	0.0990763181587944	0.0409827593422831	0.0411563601525296	0.0553467778326265	0.0398183248428463	0.028402565755157	0.0417064047010823	0.0522171728746413	0.048622732569816	0.0428258651774029	0.100515797760006	0.0455293931303407	0.0462140456586165	0.0421165114466591	0.0385309259962799	0.0753035416498648	0.0565794102079862	0.0613067319828937	0.0593379742772414	0.0364459964695067	0.0401312027191065	0.0343192924359359	0.0509904784171504	0.055317045476018	0.0658978058465457	0.0784534755626929	0.034494895821926	0.0735240613640892	0.0426298503737175	0.0435177656199301	0.0191583537446543	0.0731139761594427	0.0681536849472752	0.0499168744229791	0.0575251008803877	0.0452942160220748	0.0182597011888259	0.0249811005545274	0.0593049995737907	0.0587522848169398	0.104887845786857	0.0342201234523441	0.0791581819240336	0.0769931982475036	0.0246575573818436	0.0353360199545388	0.0539865944151392	0.0391186202005262	0.0288195208852118	0.0358702221095624	0.053531962367986	0.0482309628684852	0.0388098642993734	0.0298437295585418	0.0603836533808274
0.0623703463039369	0.0327928946091409	0.0450888916048143	0.0339062877305846	0.0381395351564762	0.0619928900446349	0.00961894257466101	0.0365902909640221	1	0.052957700843453	0.0260341357032968	0.0463364336806092	0.0313696398406385	0.0496457452217426	0.0272606203880532	0.0420835530625135	0.0279068350557771	0.0572153987385748	0.0325548922284737	0.0193924087975273	0.029816517437635	0.0484518408361569	0.0317245760732707	0.0327591098827877	0.0661498853959121	0.044137040022243	0.0367648715260703	0.0113108133013175	0.0171255306766845	0.0425635976245891	0.0623539785160782	0.0267846466791738	0.020814009846123	0.0447848497579507	0.0331673590286931	0.0301644676617007	0.021475678180013	0.0356960548669241	0.0563334065803326	0.0202144401923903	0.0583937716875084	0.0508986598559288	0.0218137113668266	0.0350816731166019	0.0353044978008873	0.0583464394356558	0.0348343256854831	0.0361721024760819	0.060017998495408	0.0419324295908684	0.0340965355617803	0.0312413381175388	0.0240682580976491	0.0417767385298629	0.0508986598559288	0.0409292187580089	0.0338166687036108	0.0287209172659659	0.037728596837173	0.0287574383728408	0.0217032614856491	0.0299699707678249	0.037287426922793	0.027488418035228	0.0528376793028921	0.0226371581023038	0.0301659692405981	0.0442179300705088	0.038990019832221	0.0325548922284737	0.0675117418193245	0.0220260042735052	0.068419480402417	0.0363419254870357	0.0174580963018832	0.0542071489253033	0.0498570046663795	0.0358429808039537	0.0317408911044717	0.0554114423282255	0.0461413388155952	0.0323512949079617	0.0183188285281489	0.0328689215147589	0.0206393613966998
0.121276130691743	0.0700811686073213	0.0480048102461805	0.069310123034646	0.0779635887946259	0.0973058024283388	0.0491568185383778	0.0617072565039124	0.052957700843453	1	0.0895032146896607	0.0624287088539913	0.0366427374209998	0.0558163136360987	0.0394720644661714	0.0488783074100267	0.0550088726884109	0.0724024751316299	0.0249553667264916	0.0264275513414062	0.0609499485313168	0.0495218331816949	0.0594461445510555	0.0606871215535716	0.10401648422057	0.0545100263189605	0.0281825799067758	0.0404620897630996	0.0204210119119671	0.0674305121217878	0.130358823698074	0.0456269146774037	0.0468020490540345	0.0572173270536881	0.079664564286811	0.0642304343592415	0.0740810442296954	0.0846958199337417	0.0511799577584494	0.0723129691726086	0.103513254514822	0.079768119818682	0.0501647337369041	0.0555774256961547	0.0754486754667616	0.101790674129058	0.0729873675269593	0.0499107334529832	0.094468856858026	0.0692328802763909	0.0522742660657846	0.072732314792879	0.051249526072199	0.0800612257700568	0.0708086570854242	0.103586685004988	0.0460846178363333	0.0587103585384947	0.0655550278185627	0.0566855490110098	0.0305010037768231	0.083541317459573	0.0963980792073807	0.0642181988253922	0.0933828277058746	0.0520584044441527	0.0352367351218749	0.0610124701225514	0.0643747906180496	0.0776389187046405	0.136625238872264	0.0630347712968205	0.126469927749218	0.0842894127798662	0.0423786316433575	0.0639279684736159	0.0730398403122197	0.0649430194578588	0.0486627676220609	0.0448361429304621	0.0606346802974222	0.0642944726945486	0.058042461542804	0.0479925521338184	0.0798602233601401
0.127160778059498	0.0721723299391478	0.0635035238997327	0.0774386967830917	0.0696856210717823	0.114279960989451	0.0417406036405559	0.060169465267668	0.0260341357032968	0.0895032146896607	1	0.0615726274307236	0.0511751694451047	0.0544253291261389	0.0539592147442859	0.0436885379632498	0.0655575680394154	0.0759156399421504	0.0272624878403135	0.0236215438142997	0.0510735413884171	0.0595857982864866	0.0563545713160149	0.0542435234434833	0.103819055988734	0.052082454183063	0.0335869707825144	0.043915774636554	0.0234678379631347	0.0622151418122941	0.141115842919863	0.0448606064657402	0.0418327312298793	0.0664847853143198	0.0636308860066021	0.0459284933311599	0.0931919245661628	0.0815263526091914	0.0743369333902485	0.0554014022580159	0.115861497537134	0.0557988665970333	0.049820416604494	0.0689059209043344	0.0615735837575947	0.0863877180960224	0.0779670812009588	0.0594817916515932	0.104177250962935	0.0707221898286405	0.0588375322987595	0.0634241852800746	0.0476403063732584	0.0977993998823827	0.0904148301340817	0.108612992405894	0.0686524582699813	0.0508367526519576	0.0620413076032723	0.0506668272933514	0.0371761197822457	0.0696930465042692	0.0991873932242865	0.0466372402167214	0.0955353032116141	0.0568711986363329	0.0531484735821743	0.0605936970684766	0.0684995780438989	0.0429590717483728	0.151723273395687	0.0523174840910142	0.141634582053116	0.067678112660358	0.0299044583560838	0.0761870210751222	0.0835036389573914	0.0818619173037878	0.043495883620084	0.0442940398017833	0.070756737841086	0.0591097943089349	0.0769827308467337	0.0622004032684878	0.0700340670128077
0.0840989241783048	0.0460498158527673	0.0427664870676782	0.0413484020982668	0.0310072052716139	0.0521998287848424	0.0625611247089854	0.0327224472987461	0.0463364336806092	0.0624287088539913	0.0615726274307236	1	0.0364333177350189	0.0376709037711488	0.0332440726690547	0.0279930005513875	0.0550996316611468	0.0443007275435324	0.0220557710387683	0.0157659079437909	0.0242406435442991	0.0454512066455609	0.0401207074610587	0.0233038338150449	0.0620532070365863	0.0269123546164682	0.0298896122754606	0.0275868629534123	0.0185639334756324	0.0173019702944637	0.096778304077784	0.0290343352569771	0.0372276536928895	0.0364098047814662	0.029661342647484	0.0286107790686915	0.0501963299227553	0.0518226267284283	0.0610649463631986	0.0361552716003019	0.068243549854183	0.0468976670208009	0.0443360297465554	0.0427817736294602	0.0391395511424082	0.0785135883885321	0.0396481266915093	0.0499930810212081	0.0624566529555312	0.0393355441113135	0.0338803320830904	0.0536201404772284	0.0358734647189756	0.0488235792314431	0.0620704416451776	0.063381334701622	0.0397117379914155	0.0408623729629108	0.0490769839512967	0.0300595099377923	0.0352892336620293	0.0443007275435324	0.0588456903975197	0.0351181492914173	0.0662249205182308	0.0398750494604286	0.0315318158875819	0.021569341557368	0.0487671446650544	0.0529338504930439	0.0834276729104397	0.0250698065990579	0.0852121727182192	0.0522732672886085	0.0354833097377287	0.0542400929242068	0.0459378932592078	0.0344383246319902	0.0405509458936825	0.0375409654666381	0.0267947299734367	0.0379909138398015	0.038722044011843	0.0419920743101289	0.0575303062783427
0.0644702241632275	0.0309411973389518	0.042247446747091	0.0537638646933167	0.0389847599377143	0.0536180091774909	0.0540766139582274	0.0189882925797146	0.0313696398406385	0.0366427374209998	0.0511751694451047	0.0364333177350189	1	0.0429388922020928	0.0392964470898285	0.036398308462513	0.0379292305194502	0.0494859293130213	0.0140784572958427	0.0335452130762361	0.035459157794284	0.0483533969922055	0.0426825300943288	0.0283335436221328	0.063081461424852	0.0254495874744776	0.0211987666916298	0.00978278784806249	0.0246866175656256	0.0368135017809152	0.0796697860119941	0.0308882611199612	0.0180021575078414	0.0290510066993824	0.0344239688037743	0.034785896742991	0.0417924861233176	0.0441053204667482	0.0351888977510477	0.0384638897418833	0.06628795804637	0.0381528726074437	0.0408780777936897	0.0242738735977416	0.0499664689453194	0.0556846046389705	0.0271155687959708	0.0375425527889139	0.0602155003019916	0.0418472318051102	0.0327669898086679	0.0510393154151365	0.048572476502051	0.0496827963480114	0.0782623027844999	0.0589998634094539	0.0357478395552309	0.0652073296093284	0.0293685134700382	0.0532981602574306	0.0187712763944569	0.0565553477863101	0.0645002224452468	0.0237748917565607	0.0628369698709399	0.039158017960051	0.0335452130762361	0.0267710404376407	0.0518810671970575	0.0469281909861424	0.0747408588792816	0.0190504184984752	0.0717671286803653	0.0507753209845893	0.0188745105902855	0.0468840766492716	0.0431216117177215	0.0450920747920093	0.0509839205779596	0.0199690320747108	0.045609040950065	0.0248718418591391	0.0285193093560366	0.0121836515733406	0.0459028364238967
0.0913419410823927	0.0590332707536288	0.0480027804015636	0.050536494394233	0.0376512774671439	0.066470629836652	0.0583712537286499	0.0537578366301439	0.0496457452217426	0.0558163136360987	0.0544253291261389	0.0376709037711488	0.0429388922020928	1	0.0435335243622971	0.0464324285987735	0.0662115839698835	0.0696148208187162	0.0381246425831512	0.0165165211710932	0.0428536204537403	0.0285690803024936	0.0495363590990511	0.0392357039532332	0.0910105752216258	0.0516883565061995	0.0430548986834295	0.0180626691322876	0.0291716406085387	0.029907430227729	0.0814708197378338	0.0313671774488736	0.0319091386821837	0.057214907665241	0.0529662205685328	0.0256910873708872	0.0480134613340875	0.0488609069073599	0.0479791815518299	0.0490674399309101	0.0862573979504047	0.0476854465092394	0.0510915498313279	0.033613957046136	0.0533038753992497	0.065544253404353	0.0600785242532768	0.0369693503836617	0.0506061762421809	0.0412083052499902	0.0435600464088982	0.0465644520329243	0.0358731513191764	0.0633791236862652	0.0722506765291506	0.0821686553497165	0.0504029194216418	0.0458655281393887	0.0433801693304834	0.0419875200802723	0.0346587659846829	0.0452496335321655	0.0658505544381794	0.0225757558865877	0.07031542100034	0.031330122294238	0.035785795870702	0.0338943834775255	0.0498117197361011	0.048522272378556	0.109537068476146	0.0281393330010909	0.0994978681437034	0.0642858167823151	0.0557589996015228	0.0372897381098189	0.0552021961895685	0.0395469613621876	0.0376541207994776	0.0412947012490366	0.0631584545926606	0.0505149496144196	0.0351048431033538	0.0299940767547037	0.0470854047966488
0.0720327262992073	0.0601252226880338	0.0494221194681429	0.0520307499390505	0.0425649904077063	0.0446532919465169	0.0379561050135203	0.0545452049754688	0.0272606203880532	0.0394720644661714	0.0539592147442859	0.0332440726690547	0.0392964470898285	0.0435335243622971	1	0.0301928436233469	0.0594296620469492	0.0645058633318142	0.0285468409751966	0.0453463445623963	0.0424866095577352	0.0457548102929456	0.0278187506139886	0.0502703530413241	0.0847776040440918	0.0354777800923401	0.021492334312615	0.0148773947559151	0.0300341833363878	0.0335909767347595	0.0919570447995535	0.0430595166443364	0.0292023318627982	0.049088857949747	0.0581678057549353	0.0352676234914961	0.0612029057873876	0.0760173797175719	0.0411648523759437	0.0319062686475777	0.0816072078669123	0.0297547895118301	0.0541962237536906	0.0399912927847387	0.0562871348243586	0.0493987757320432	0.0458184571235632	0.0507499395114607	0.048418477534492	0.0395982965340861	0.0465090612808908	0.0426144558403275	0.066832668861723	0.0572395685812277	0.0892643685354904	0.0769074599289076	0.0658961592908571	0.044073561699226	0.0463170065253819	0.0396265840895218	0.0380624546335955	0.0573385451838349	0.0692401162530988	0.0413213732918307	0.0598461174400747	0.0363919336985143	0.0340097584217973	0.0387739639595901	0.0525995335914836	0.076124909267191	0.107743851165333	0.0347656231334917	0.103397187667837	0.0710893221151813	0.0459261387224282	0.0329076990311621	0.0582916989852988	0.0457165249458574	0.0437376609877597	0.0202455699188612	0.0462406502244109	0.0441284820466375	0.0417650339941134	0.0288222080086435	0.0542949333224217
0.0876124701223046	0.0528293580354919	0.0443900178350978	0.0438122256028134	0.0358416314334993	0.058852291324038	0.0284095494863568	0.0351225661223209	0.0420835530625135	0.0488783074100267	0.0436885379632498	0.0279930005513875	0.036398308462513	0.0464324285987735	0.0301928436233469	1	0.0441550954593867	0.0804693788536593	0.0160251471616052	0.023864785253887	0.0440315461434785	0.046783517777446	0.0442465346579245	0.02418850996667	0.0751437324395306	0.0597477648165134	0.0271462644898952	0.0375823014001414	0.03372017297903	0.0282851093371919	0.0847566015930248	0.0296656729443071	0.0245896734757786	0.0578690288000339	0.0293879411487378	0.0296969211225	0.0574820067957808	0.0470662087807007	0.0323518089058186	0.0388071804611245	0.0700643207935554	0.035076814640132	0.0322134012001212	0.0284937760259984	0.0426566633599284	0.0549661233626142	0.0385811963621874	0.0480754414848157	0.0602694794081084	0.0571603578906952	0.0475547266247183	0.0615142003660073	0.0651618062125047	0.0616938042529355	0.054285546466871	0.0633204307116397	0.0305181372616297	0.0583187253582257	0.0585014959859534	0.0333673614935919	0.0400628679040131	0.0462698928408541	0.0615423554066986	0.0434930625399513	0.074776881278604	0.0417867828471096	0.047729570507774	0.0228545919663279	0.0531494003452734	0.0400628679040131	0.0837462980156539	0.0357795952565292	0.0978138446614624	0.0433471850212627	0.0418945248574033	0.036946345144276	0.0515384368511351	0.0360894045897886	0.0334809751537628	0.0545525699495303	0.0438037896297684	0.0504289335095569	0.0324627989966478	0.0312037613200603	0.047895853851223
0.0983203552883132	0.0802832540298836	0.0578213415111024	0.04782902550299	0.0560237092707676	0.0562169974459778	0.0296044623208668	0.0450459447801464	0.0279068350557771	0.0550088726884109	0.0655575680394154	0.0550996316611468	0.0379292305194502	0.0662115839698835	0.0594296620469492	0.0441550954593867	1	0.088046638337957	0.0208739611288063	0.0149211264934045	0.0516189646206862	0.0458835241072766	0.0515319733392333	0.0315073560146599	0.0887448697354458	0.0452805606628451	0.0330027171110503	0.0261086816662652	0.017569225990194	0.0753244587015536	0.0828695421251508	0.0446527158264181	0.0320299016993255	0.0574314426505305	0.0586960103192291	0.0348142287752181	0.0537031923421273	0.0608168235236633	0.0481607630975401	0.0559930434693039	0.102496553854136	0.0443847588326509	0.0419603812493549	0.0539858753637486	0.0740846890103715	0.0650182843561217	0.0509249795657389	0.0612302859778318	0.0757347525581255	0.0620463927042604	0.0495548904503636	0.0507470233561739	0.0462971783573272	0.0662976819229	0.0652717041656631	0.0734818522234745	0.0636034756622126	0.0441975459579551	0.0551561709655178	0.0474147288472732	0.0459227144833738	0.052408713296403	0.062443188687263	0.0332364206146383	0.0813099295428344	0.0319325200326682	0.0497370883113485	0.0476317237660432	0.053077174330414	0.0640134807950059	0.112202599480372	0.0338949946178058	0.103048006728988	0.0645291122617507	0.0369402162170304	0.0481253972032682	0.0588210285872129	0.0676932013291236	0.0418670321209332	0.0355294155217266	0.0507179867744595	0.0414868320027611	0.0366472085745897	0.0397420215020751	0.0499103655742663
0.125587060175945	0.0705424477373051	0.0869344544421776	0.0683451611668162	0.0711046921767445	0.0884806668920349	0.0379349519737742	0.0654177681426593	0.0572153987385748	0.0724024751316299	0.0759156399421504	0.0443007275435324	0.0494859293130213	0.0696148208187162	0.0645058633318142	0.0804693788536593	0.088046638337957	1	0.0342371180924273	0.0203944828149934	0.0568350008313166	0.0587948284461896	0.0611671437282497	0.0387583744406834	0.10970351518485	0.052219975756556	0.0289984813785544	0.0327120277960782	0.0450261678074538	0.0581919110808224	0.126680963281289	0.0610321912334972	0.0481569945853434	0.0510239606206185	0.0854590213593443	0.0370103671872448	0.0635214432906418	0.0656960424054643	0.0789924692978572	0.061651075249396	0.102671822242635	0.0588816500329408	0.0516170308730325	0.0719442099528407	0.0725699379493817	0.0962739290390054	0.0677735251131798	0.0551598013711328	0.0858423020209289	0.07462945907354	0.0537876353442646	0.0620607440326818	0.0674985325490757	0.0906169474032771	0.0936753523251331	0.105560716226371	0.0671766238871373	0.0547466135205635	0.0734046075217924	0.0561663819419593	0.0370902112667962	0.0859598853868195	0.106109010442522	0.0309737585842442	0.0868249815058082	0.0555494327191943	0.047587126568318	0.076729663147196	0.083586649369868	0.0551598013711328	0.116440510266722	0.0486447474210694	0.122476520457646	0.0705597058865909	0.052785625555598	0.0592008470670471	0.0506855151918175	0.0633963277168596	0.0357654157128557	0.0607028610243423	0.086652900347369	0.0661558336867727	0.0770617074977876	0.0370364725470156	0.0651176095314838
0.062127120665399	0.0156091549941692	0.0118040730554558	0.0295883888592782	0.0399390486893318	0.0370959207511047	0.0251819676257931	0.0191583537446543	0.0325548922284737	0.0249553667264916	0.0272624878403135	0.0220557710387683	0.0140784572958427	0.0381246425831512	0.0285468409751966	0.0160251471616052	0.0208739611288063	0.0342371180924273	1	0.0270765180536941	0.0390291641207185	0.0117087492362155	0.0332214166544089	0.025728571663104	0.055061558971406	0.0231097650144279	0.0192497625877255	0.0177667263629675	0.0298892562411757	0.00445718488950418	0.0712319855940447	0.032723144650296	0	0.0234489524805271	0.0208393641145664	0.0210584657571331	0.0224889515026593	0.0427203191048874	0.0262183777893708	0.0254018463861967	0.0363071760209277	0.0390867979985286	0.0380715564920733	0.014694763792571	0.0403311791581885	0.0568856133953361	0.0291823132904926	0.0151515151515152	0.0502798317663778	0.0337776160459353	0.0238035272035077	0.0399854624745335	0.0252038554766231	0.0300766564491117	0.0384945737864297	0.0367374481418403	0.0236081461109117	0.00751900952896712	0.0316069770620507	0.0301142823749995	0.0227272727272727	0.0342371180924273	0.0459373364382515	0.0164487923739942	0.0530252408098165	0.035557849194807	0.0225637650447451	0.0277825419966239	0.0439704044175905	0.0113636363636364	0.0706971055772228	0	0.0564034875820171	0.0556212190219228	0.0274227159047674	0.0305656456553073	0.0139225003045982	0.0375341374672422	0.0237417867624246	0.00967098088642766	0.0310618262460968	0.0112925685223217	0.0191831542129592	0.0147513235809124	0.0370511576815079
0.0474462747372508	0.0223154747377337	0.0187506409019996	0.0282004991885044	0.0259538489492175	0.035908314153701	0.0300009600460825	0.0182597011888259	0.0193924087975273	0.0264275513414062	0.0236215438142997	0.0157659079437909	0.0335452130762361	0.0165165211710932	0.0453463445623963	0.023864785253887	0.0149211264934045	0.0203944828149934	0.0270765180536941	1	0.0232490250725749	0.0232490250725749	0.0219882737020808	0.0204347772971994	0.0402055402284836	0.0275322066637105	0.0229335279463784	0.0141111252222434	0.014243626957572	0.021240568294759	0.0565756148888372	0.0334159439515585	0.0207736856044781	0.0186242022319234	0.0413788773695413	0.025088356843269	0.0301416638178351	0.0127238924065336	0.0117133892626158	0	0.0409785763342824	0.0127000127000191	0.0317500317500476	0.0175068536334701	0.0200205115110635	0.032630785236664	0.0217292743981109	0.0180510120357961	0.0179705165977792	0.0201207650749273	0.00472645531649408	0.0303146787041564	0.0100090121682538	0.0293173607282087	0.0246944691389259	0.0340416034200701	0.0375012818039991	0.0358315931172278	0.0141208136032146	0.0102506160164662	0.00676912951342353	0.023793563284159	0.0519918063912936	0.0146974087813054	0.0357062019622003	0.0188277514709529	0.043010752688172	0.0110330659992535	0.0187088856277891	0.0270765180536941	0.0539047577870375	0.0494624969137464	0.0581165337872045	0.0348764596866763	0.0054450855233629	0.026010639487132	0.0414670113935017	0.0284562250213254	0.0169711058325533	0.0172825282455071	0.0328942474327632	0.0224226519342629	0.0182833383523643	0.0410065532034577	0.0331061392158294
0.0864461445195922	0.049321825545424	0.0324334985620333	0.0467467122349873	0.0523752662536756	0.058926387113604	0.0276765251093675	0.036848357765685	0.029816517437635	0.0609499485313168	0.0510735413884171	0.0242406435442991	0.035459157794284	0.0428536204537403	0.0424866095577352	0.0440315461434785	0.0516189646206862	0.0568350008313166	0.0390291641207185	0.0232490250725749	1	0.0348525469168901	0.0329625581473174	0.0265099466552171	0.0732048707309848	0.0343945434800336	0.0176305569632709	0.0203403340538392	0.0287438582146544	0.0306169953001168	0.0876666038049772	0.0417447882476903	0.0239552096984277	0.0402684926521425	0.0644167626061469	0.0433960198935477	0.0386198990804074	0.0586903097663209	0.0360195042141564	0.029081443059567	0.0761322703841873	0.0317309211239892	0.0366126012969106	0.0454231283438153	0.0554080458112558	0.0607840858599829	0.057631441518745	0.0390291641207185	0.0362647788143639	0.0464045866332724	0.0408773978746182	0.0474422149917865	0.0432821581223677	0.0488328572474017	0.0610210021615177	0.0771082929072963	0.0594614140303944	0.0361543529339366	0.0434225051080326	0.0325064154450682	0.0117087492362155	0.0587948284461896	0.0709986753874403	0.0310719586701686	0.0649292801790771	0.0461364116772846	0.0402983101257966	0.0413490941206957	0.0539354555290102	0.0494369412195767	0.0815854725524566	0.0190125865375442	0.0952900477748442	0.0522832008538191	0.0470925699060522	0.0389924751783658	0.0382542018748677	0.0539092772172607	0.0293553878767703	0.0298940637777976	0.0521565763015917	0.0439564204841614	0.0500732214698569	0.0472867742249264	0.0615064203694036
0.0755035945804034	0.0621883887311868	0.0324334985620333	0.0589415067310709	0.0448930853602934	0.0461855466566086	0.0242169594706966	0.0236882299922261	0.0484518408361569	0.0495218331816949	0.0595857982864866	0.0454512066455609	0.0483533969922055	0.0285690803024936	0.0457548102929456	0.046783517777446	0.0458835241072766	0.0587948284461896	0.0117087492362155	0.0232490250725749	0.0348525469168901	1	0.0304269767513699	0.0412376947970044	0.0768651142675341	0.0396860117077311	0.0308534746857241	0.0244084008646071	0.0164250618369454	0.0275552957701051	0.0846084664629431	0.0289002380176318	0.0449160181845519	0.059060455889809	0.0477161204489977	0.0542450248669347	0.0502058688045296	0.0476858766851357	0.0405219422409259	0.0319895873655237	0.0735070196812843	0.0317309211239892	0.041842972910755	0.0479466354740272	0.0461733715093798	0.0477589246042723	0.0526200118214628	0.0260194427471457	0.0535337211069182	0.0348034399749543	0.0408773978746182	0.0274665455215606	0.0432821581223677	0.061980164967856	0.0366126012969106	0.061686634325837	0.0378390816557055	0.0542315294009049	0.0325668788310244	0.0354615441218926	0.0117087492362155	0.0685939665205546	0.0694209270454972	0.0338966821856384	0.0696802031190095	0.0407085985387805	0.0216990900677366	0.0349876950252041	0.0366761097597269	0.0390291641207185	0.0951830513111994	0.0443627019209364	0.0900543308641385	0.0502723085132876	0.0282555419436313	0.0359930540107992	0.0478177523435847	0.0257826977995595	0.0326170976408559	0.0431803143457076	0.0545273297698459	0.0465420922773473	0.0368960579251577	0.0270210138428151	0.0487809540860787
0.084863077696633	0.046647194718645	0.0332309144739533	0.0403672271844585	0.0636879253098727	0.0481997135429873	0.0392635179751142	0.057253801243527	0.0317245760732707	0.0594461445510555	0.0563545713160149	0.0401207074610587	0.0426825300943288	0.0495363590990511	0.0278187506139886	0.0442465346579245	0.0515319733392333	0.0611671437282497	0.0332214166544089	0.0219882737020808	0.0329625581473174	0.0304269767513699	1	0.0334298154331404	0.0807742912698147	0.0400361740118646	0.0291803481622201	0.0346271680532222	0.0233015419431751	0.0492263774432557	0.0790562066752455	0.0364440425123648	0.0368162652807025	0.0482407558154637	0.0361028512175048	0.0273618229874614	0.0602672627912448	0.0589768711890772	0.040453652307015	0.0192530873597656	0.0757280913827735	0.0392441237936518	0.0346271680532222	0.054893226782024	0.0524033705840202	0.0629629139825204	0.0592458648688467	0.0516777592401916	0.0571636788945245	0.0329161141834701	0.0412380721578435	0.0566772782500568	0.0491220566664022	0.056842759706593	0.0634831414309073	0.0782306248325274	0.0613493805672985	0.058617890822254	0.0513347293147201	0.0558975509450778	0.0295301481372523	0.0444851954387271	0.0641641693574769	0.0240438961364063	0.0793814430436738	0.0333675740545681	0.0410447775772175	0.0481314580729978	0.0550914870233691	0.0516777592401916	0.0936957965055976	0.0299692822435211	0.0881419282992319	0.0513498255448111	0.0386003171360267	0.0312044495250145	0.0587920899903087	0.0332516591883497	0.0339331664386528	0.0376972857635543	0.0448438383780851	0.0366818343445655	0.0423728076465033	0.0255557145398066	0.0481415516996314
0.0601123515859224	0.0282727289059058	0.0267257706780953	0.0558262454318599	0.0493235844652643	0.0542431573182809	0.0380099021091201	0.046268482986076	0.0327591098827877	0.0606871215535716	0.0542435234434833	0.0233038338150449	0.0283335436221328	0.0392357039532332	0.0502703530413241	0.02418850996667	0.0315073560146599	0.0387583744406834	0.025728571663104	0.0204347772971994	0.0265099466552171	0.0412376947970044	0.0334298154331404	1	0.0589816041879547	0.0523231495856257	0.0290557752458472	0.0268172662236377	0.0180460513765069	0.0269108695317	0.0918384953304186	0.0211682685575996	0.0230294309140979	0.0471920966934725	0.0393189186892436	0.0317858490603819	0.0466744270960487	0.0483618428286737	0.0469944450251431	0.019170894603591	0.0778770915653032	0.0321807194683652	0.0459724563833788	0.0499059373968604	0.0431206887586248	0.0381616388486088	0.0605660852623602	0.0285873018478933	0.060714286092419	0.0509842558160705	0.0209587414101054	0.0329206027762685	0.0443834298132397	0.0619063528670024	0.0581040768178816	0.0554518546112318	0.0593906015068785	0.0340477940882802	0.0208721942761398	0.0422080146743017	0.017152381108736	0.0301454023427538	0.0468033212815214	0.0341384506248435	0.0591576378945086	0.0357809044733824	0.0238405735133993	0.0279568225784059	0.0474066769990479	0.034304762217472	0.091771361475619	0.0313334083788704	0.0644272145685478	0.044186946569943	0.0413921089326946	0.0329543407671916	0.0499100425230909	0.0721055810076924	0.0322524714403148	0.0182468384845239	0.0442802936351534	0.0482944801218501	0.0405373303015702	0.0445315770095844	0.046604475652027
0.174792668751438	0.0995426132651671	0.0787209063072033	0.100820139294699	0.0976119434743622	0.109441641218292	0.0708486612381527	0.0838466472123748	0.0661498853959121	0.10401648422057	0.103819055988734	0.0620532070365863	0.063081461424852	0.0910105752216258	0.0847776040440918	0.0751437324395306	0.0887448697354458	0.10970351518485	0.055061558971406	0.0402055402284836	0.0732048707309848	0.0768651142675341	0.0807742912698147	0.0589816041879547	1	0.06983477691891	0.0521527181491868	0.0370267532559039	0.0579303663887505	0.0794209326437232	0.186491629503029	0.0935268793113403	0.0940278790839064	0.081855238144556	0.0836032990171456	0.0658303561056561	0.102816912948232	0.104333552687022	0.0788871075678761	0.0860254333664479	0.150535485663635	0.0844209974234609	0.070218592781732	0.0838349202990749	0.0798495997105258	0.138969858099877	0.0843841588794536	0.0793360097007355	0.122599273340401	0.0834171914276885	0.0694508506817666	0.0897709884403596	0.0695970893772875	0.105988325935071	0.1157086039247	0.130794601643259	0.0811809346293034	0.0810922233338353	0.0765744949820391	0.0793461698309547	0.0479568416847729	0.107919718189974	0.129961246098959	0.0668462191675875	0.123960334044826	0.0765744949820391	0.0536073869713114	0.063690239661847	0.0991638262338616	0.075783651057419	0.194925966502302	0.0634512510529314	0.182516648700943	0.102495406464763	0.0671516285406728	0.0750754079965365	0.0794290891555477	0.0714674086610368	0.062343641172694	0.0665108783598602	0.0841547350014936	0.0870768433705279	0.10074622392835	0.0553365033651015	0.0936249821670123
