1	0.716289861162426	0.730858704990715	0.77754391542288	0.758187932963282	0.67817404240272	0.770591579656518	0.733094867856985	0.78693652236204	0.778431259636754	0.798941274070716	0.708368356816127	0.735446382891551	0.748512303297106	0.747143353088277	0.818150534093334	0.74650507096951	0.727870253484268	0.741577013288424	0.806675056691177	0.781765214197136	0.762032646280418	0.720791793631302	0.745892845709715	0.778269711773123	0.738489154046151	0.74037982031723	0.770573329548959	0.75062062778151	0.755950308460843	0.772867086798579	0.775184930094835	0.7456692756353	0.718510160097817	0.766963170360496	0.694417691050044	0.710094212555276	0.712834888141954	0.760182700779056	0.739002295833696	0.747410662142506	0.777558913444415	0.752093213925095	0.764012346915587	0.698317007105584	0.748294510564532	0.736763687979947	0.707456427402195	0.7756014805497	0.713989324726566	0.690637086024495	0.787164484744915	0.761524908180236	0.78133513258001	0.717857044946973	0.675426416049065	0.705089773730743	0.777594772660546	0.691487859685485	0.74661230066407	0.748673620154145	0.759554044807793	0.733506605632627	0.612742539518554	0.746606056093152	0.781235883474186	0.758204872034042	0.752117398021354	0.747441408154375	0.823867005665434	0.77692279055947	0.57162235985894	0.745042511778901	0.100291540198344	0.808254354057141	0.766368444660215	0.613771906529567	0.646955174891736	0.730233391995038	0.698796055163538	0.755405186425245	0.846021279138318	0.777333180569663	0.730027433816537	0.74542613913875
0.716289861162426	0.999999999999988	0.786235932114322	0.751804093668478	0.808724760471406	0.852466018697685	0.778093595716744	0.756857754498617	0.743335831554637	0.724722828038783	0.791849551122767	0.779752144456477	0.666193690805478	0.766662639436952	0.809936126160875	0.765872169487739	0.803081565313196	0.80811332407585	0.799653882971291	0.752515145276264	0.75482207141889	0.764041407102257	0.846529032180374	0.750735082334934	0.704196832895508	0.78180279193393	0.783553054399758	0.734205841731454	0.793838968645321	0.804866067802726	0.79483886002115	0.799789025411482	0.701612245053325	0.774780412656537	0.745343672638458	0.867777542940086	0.855056664889531	0.853967800247225	0.749982233312967	0.795647751748069	0.724400400861297	0.80508244041786	0.776390635579701	0.732023879636829	0.761923970753437	0.769518769298345	0.772697027403498	0.765821713188962	0.791088797847565	0.690610630441088	0.719060961318289	0.732487591330347	0.770930549901861	0.751579472344071	0.722128387454294	0.742148011110738	0.715671420100036	0.744727719084457	0.695365784420042	0.784691926693598	0.797405085163234	0.769580644792935	0.823928547506233	0.644762067798036	0.793961634777414	0.791503098388444	0.809604179744868	0.802149637601325	0.74253294956839	0.767167829285138	0.764787140425495	0.756051728064062	0.75810594420897	0.100596537450166	0.734889445385169	0.744577453921008	0.775859917607373	0.714084515604898	0.67817644370584	0.677700818223209	0.764302689162061	0.68917342738989	0.784581601039617	0.779035105369108	0.747224401415236
0.730858704990715	0.786235932114322	0.999999999999999	0.77413336477796	0.766529710652716	0.752960586999359	0.80127140396632	0.708106340084688	0.72941030466606	0.754202819873927	0.805771844705831	0.712373799175814	0.716196550697739	0.715778917964065	0.837900763588729	0.797062535861072	0.804545997589429	0.758520687915118	0.797794356264885	0.79677422746179	0.760572605018972	0.758996714453779	0.803001217164114	0.765175459469144	0.762346892855562	0.797262704713242	0.790341996800754	0.767360696486015	0.765629008146149	0.77512543700595	0.803169538212071	0.780003716915338	0.70590551158986	0.727035928078487	0.758591994961327	0.755647151963374	0.740187102790977	0.774914455042244	0.750670624847222	0.760205352689016	0.725020101954783	0.780703179614081	0.783136197820311	0.757921789555292	0.73921127223581	0.79988880009875	0.739497664161119	0.670225329741725	0.766641347379477	0.664831138676231	0.651909137459803	0.753014461587073	0.763203364840162	0.74357030171934	0.666749377697631	0.725277248497425	0.620303319844765	0.762323835650047	0.644215980098285	0.72515183583087	0.75518277525434	0.747634153942076	0.776933472097161	0.549000736539337	0.723210990114166	0.752931545020798	0.736999196563277	0.760620011810891	0.720773689821272	0.804392941604371	0.765515744906839	0.623450012971588	0.707279582806029	0.102799663637863	0.761919792285939	0.723899373258559	0.637121759181454	0.606443502083878	0.629257958277652	0.668931665307777	0.771629090638127	0.655370428217365	0.805966809422797	0.744725783101291	0.776325224180792
0.77754391542288	0.751804093668478	0.77413336477796	1.00000000000001	0.768285601751707	0.739209765398773	0.85364486455672	0.796161348600182	0.819354401283638	0.79787111294024	0.871812955487416	0.784561594376523	0.870228538224304	0.754251687359401	0.756596734513711	0.85497449287715	0.815820249042513	0.807019914750522	0.746007672132798	0.826972965978529	0.853404621233359	0.810472387828414	0.799735583255613	0.837544152967045	0.843159912429911	0.82485320485604	0.787498301012254	0.844853369647618	0.827400631535943	0.780941992957199	0.84420514827867	0.825910916348004	0.84859946751098	0.798613974535151	0.81875916709515	0.738258435838786	0.762879729452326	0.774606859109666	0.805350771498077	0.768106063417604	0.815521012407505	0.82716341616478	0.809802708784317	0.763099548136417	0.781419019701124	0.769717925771509	0.819085434640806	0.757986978308656	0.781244097706301	0.748027571522264	0.727954616891747	0.845436600907587	0.820765521947666	0.809710199668058	0.729088827452392	0.733841124209673	0.709371966457005	0.778859383854356	0.688895060671654	0.764138024634951	0.811438098662513	0.820665453751711	0.78278362251487	0.62729712478635	0.773345349190607	0.799447955109518	0.774232190350254	0.795869210719107	0.826912724429353	0.81802598409648	0.836196080354953	0.597352776417767	0.786025490444358	0.0975583562512854	0.807453324457135	0.831940402812018	0.694747749809082	0.694493070049651	0.681654581230052	0.741120623681833	0.81275703852189	0.751838107761032	0.825666083150725	0.726990122024205	0.81905687022699
0.758187932963282	0.808724760471406	0.766529710652716	0.768285601751707	1	0.749035664442	0.767681618028342	0.768488886037285	0.778064929424683	0.775208041078351	0.818859628655263	0.784248303319763	0.690223248706887	0.783325740996094	0.751304508337465	0.801025051771958	0.837062340357031	0.793802030245077	0.772225282987254	0.796552128983656	0.791027111217073	0.753933129201241	0.778434700183122	0.75747718533072	0.731932656138256	0.789324166519935	0.829184759102299	0.738590963594885	0.847316489766518	0.833179201421705	0.832639212061044	0.777664978978407	0.733561940278502	0.753742704278736	0.785722590558106	0.773444817296813	0.783357300129189	0.793535079919884	0.748974961270729	0.763753362421193	0.740509356602427	0.830536040988677	0.757897711990364	0.73284233618911	0.756506562113749	0.767769187944501	0.792249141146179	0.761504671354282	0.796255017689565	0.708068466347308	0.715524796259356	0.766808552209757	0.766483256006413	0.765068738109541	0.721345317157391	0.675686812353059	0.768415969729499	0.786273472463902	0.740448890951885	0.820462978979689	0.804928800650392	0.79298971464436	0.817846070978477	0.665020113813172	0.793119382966156	0.840373406307998	0.833644209529243	0.790080396327286	0.735868843241457	0.813784852614374	0.802466882981309	0.666740390288072	0.757182342494489	0.0999725798924763	0.760455340783499	0.792998605884931	0.709530448707934	0.706695247396294	0.750867562039921	0.6740245625889	0.758544293250182	0.729129283578989	0.800661001697204	0.934857391805066	0.750695122329911
0.67817404240272	0.852466018697685	0.752960586999359	0.739209765398773	0.749035664442	1	0.746630107952107	0.709550297381518	0.700100285247369	0.67250659605276	0.748652940621931	0.744722576586149	0.661339490495701	0.704873232984828	0.794396319703484	0.727320390266653	0.774965505377499	0.784151468980561	0.779540691025661	0.724980598335214	0.727264536098486	0.746112019412516	0.819118065234511	0.729690907673629	0.689481093228684	0.764547143541949	0.756983952679567	0.721893848196107	0.765861026802111	0.771087383531997	0.774243716417138	0.792113817320274	0.673057170794333	0.739595290914577	0.69604007640727	0.830783692209951	0.821721507759738	0.808125144610619	0.721347904522749	0.760248949357918	0.692643129959632	0.762567256239312	0.758257909824304	0.6992586580039	0.714224971025241	0.741972891014495	0.725078068528179	0.715852463732728	0.744632261512553	0.644922942499179	0.669493772790344	0.693867496848915	0.739963879833475	0.722695802586324	0.672474696826049	0.770354138081513	0.645302792886839	0.688173081239663	0.615268252083267	0.713740683361181	0.750451246625758	0.742412094782895	0.772981458606455	0.559602497628059	0.735813917760615	0.736302784595475	0.753995937872377	0.766242531586308	0.712000280168302	0.73334432934244	0.730683475984429	0.729786116333156	0.72101727002699	0.099027370815591	0.70263658395638	0.699640215507467	0.761458717161464	0.643713480751637	0.610372658545211	0.631041259856107	0.748779361773123	0.651912435923268	0.748423677256185	0.716426477893142	0.729236637394113
0.770591579656518	0.778093595716744	0.80127140396632	0.85364486455672	0.767681618028342	0.746630107952107	0.999999999999993	0.840043092216322	0.778656178793349	0.783765751390513	0.838445632358437	0.778754606418291	0.790844960170926	0.797303344547205	0.795014489625836	0.812349591406453	0.811459645937908	0.784730155904011	0.755131371349171	0.810495777874067	0.81668948683531	0.878937712514635	0.80950714853091	0.877524989330839	0.800748643834033	0.830713023438074	0.791553976695864	0.831417614422506	0.79718206718995	0.799847075713479	0.828550191822646	0.804218911117424	0.779502468663268	0.786803966986793	0.808951088039472	0.758931496394479	0.770763876103101	0.775830363932923	0.856948506871971	0.841662417752385	0.876440702008567	0.811395224230995	0.893343494969555	0.837362037789879	0.755730072700043	0.832690804768314	0.795783177151499	0.745240893100033	0.846682098724552	0.746324773368499	0.788332551308126	0.83067126246974	0.88401887036697	0.804675823659715	0.786068054001658	0.740754184616376	0.681474836998016	0.766501727674105	0.714055826226518	0.766646834363533	0.796697046443865	0.78792053969119	0.778426921951231	0.627083877111075	0.800807426344383	0.79294898129927	0.752619722066291	0.813351490807673	0.833321783177693	0.829259719324758	0.800701819558844	0.610758937883877	0.837487642741237	0.0983394448227977	0.805614171433877	0.792029501772632	0.666675038254664	0.704852017314559	0.668271959201575	0.758112345368843	0.811037006074629	0.722262447201265	0.846822181179806	0.733846159481324	0.863153609441963
0.733094867856985	0.756857754498617	0.708106340084688	0.796161348600182	0.768488886037285	0.709550297381518	0.840043092216322	1.00000000000001	0.771067177907291	0.735802285432569	0.798357355824539	0.797408560525683	0.718542679350511	0.805989442888083	0.71120653140591	0.769338350620001	0.762102095910272	0.764082312380158	0.69939628226866	0.742765042576381	0.773334966320672	0.814412426602222	0.750614590958515	0.82334348919326	0.730105806485727	0.76001683180915	0.7271416668968	0.751214778909147	0.778273054805549	0.776600437380037	0.763905113557779	0.743711114475708	0.771371352690995	0.759422699961141	0.766005280826436	0.742289392479028	0.765431241368203	0.753567791475691	0.803152857718755	0.798700737001306	0.836599282505235	0.788396158070534	0.81773730538029	0.777359260079463	0.742485994654428	0.748148296885778	0.789689154747257	0.781842621399183	0.815537496346606	0.739147727288277	0.815672108469637	0.796655114561497	0.837386259318061	0.769499912874038	0.805475855105144	0.673437390177025	0.743620788184779	0.727648521787909	0.743606741196002	0.783542669284091	0.773930605882327	0.781233863878132	0.759625732986511	0.70293258051182	0.80327262578639	0.789444907004669	0.766148507640289	0.775852851744789	0.778015610911393	0.765643275952972	0.77974781182029	0.635077006579744	0.846032542441668	0.10089793187771	0.741794886469333	0.79350384039081	0.705362738079668	0.772516471028217	0.711812022172116	0.748814965991315	0.758763709144276	0.737047522859411	0.774641643338779	0.731606652886503	0.786365952623312
0.78693652236204	0.743335831554637	0.72941030466606	0.819354401283638	0.778064929424683	0.700100285247369	0.778656178793349	0.771067177907291	1.00000000000001	0.792777480182414	0.812024012561369	0.749501021928136	0.77016436456837	0.769720631918326	0.734807844503224	0.833476869434228	0.775317847876393	0.778443307610071	0.738141044117547	0.807520552253664	0.835773783595944	0.778645769271361	0.747922146380532	0.776239496742132	0.780308066059095	0.776123282152524	0.761352072673665	0.785667171751337	0.798572703314458	0.778142184990341	0.797959150399249	0.791401048955509	0.781744506492201	0.787531635410971	0.80511209280001	0.717652250231135	0.743241796141695	0.756155351344755	0.796160498097105	0.755237310827193	0.763060783406482	0.840780514887796	0.771895375732046	0.746009383407165	0.753107307161515	0.736500059460758	0.792334656383534	0.785369718795324	0.778965431022563	0.794560479554742	0.715653472382448	0.811585754039508	0.770584273588418	0.790671852660927	0.749612595409032	0.686018310869525	0.743337375458442	0.768712481213634	0.705034122734152	0.781885119430964	0.796999697437908	0.797561669637277	0.78280539146545	0.661718962826735	0.750192759762814	0.819917822954685	0.792055991195245	0.768906569614591	0.764553651381324	0.797968901772037	0.81226758872148	0.585708185537827	0.76384601611277	0.0982847843802209	0.816706661625142	0.804997128996044	0.669493156009678	0.701617390489011	0.752157983306637	0.731980458807063	0.801863033059182	0.766368784439105	0.801143415659622	0.746545297848808	0.764943489922102
0.778431259636754	0.724722828038783	0.754202819873927	0.79787111294024	0.775208041078351	0.67250659605276	0.783765751390513	0.735802285432569	0.792777480182414	0.999999999999992	0.821823397268675	0.722065261544205	0.751161727806776	0.745618231509678	0.731893059500122	0.80111538485831	0.778829072711988	0.752427557760902	0.708420201214683	0.81055475664405	0.80782991810316	0.767282542294599	0.749835818449524	0.775713478170874	0.769211390331625	0.781998632242883	0.769565241434007	0.786109277272784	0.790082871376542	0.751737089816156	0.802625002782561	0.77142280954735	0.751379428022966	0.751027822274423	0.803107499461922	0.701284590082144	0.713850274747865	0.741821368101336	0.765172982079799	0.718752847289307	0.769224983198437	0.799597985940178	0.763576176325877	0.73999667452914	0.720164067473937	0.756032042143311	0.775584450558475	0.724135690170651	0.764575512849498	0.737139585075515	0.674177093551758	0.787637171744909	0.762912153795729	0.740778511511939	0.705447354849826	0.655876806302431	0.697141018938374	0.762896787963402	0.701875348720268	0.761949661892534	0.773784261521262	0.770576624391169	0.754304856361807	0.624729472776905	0.74868822215468	0.804431774407804	0.760901439958043	0.759327360595827	0.748308959564368	0.818898526338902	0.791774848858303	0.554374660734194	0.730844458859765	0.0973219408399705	0.802781815169675	0.779101688843228	0.616652130211702	0.668565512017395	0.707876856808661	0.704329013301958	0.760965955734864	0.721423621613142	0.812827727580131	0.742872703247168	0.772379829608974
0.798941274070716	0.791849551122767	0.805771844705831	0.871812955487416	0.818859628655263	0.748652940621931	0.838445632358437	0.798357355824539	0.812024012561369	0.821823397268675	0.999999999999994	0.81008978842568	0.784331591863286	0.794169894764688	0.770040843672939	0.860160814394251	0.811440967080239	0.812300872549107	0.767652721817139	0.856241994795101	0.833605620631903	0.803785009049864	0.799435278109409	0.804787383182083	0.826578377492737	0.823554774602907	0.785701876884807	0.823070342251803	0.824160109458817	0.802280874751559	0.829833011859132	0.822474515666006	0.8177268385073	0.797364452264363	0.829114718346064	0.776184610388859	0.781942889436005	0.787323717911865	0.792400610644792	0.771645988706994	0.799184576186871	0.83181270704601	0.804738886318923	0.784503563702124	0.795385727723957	0.78812990141109	0.824277002424629	0.768410319291216	0.821347864787999	0.746133595884673	0.754902266437163	0.835022091597773	0.818522879163285	0.796387407451232	0.737027492479587	0.697792650414837	0.747519928653758	0.838207638723814	0.745343080148137	0.803384020799202	0.825707966370656	0.81215427136717	0.805318719642809	0.666233955535543	0.822305747552822	0.829675441541777	0.812399897923873	0.810445792636072	0.798753158738707	0.861302850920108	0.854605411322591	0.633189229460735	0.789997009242184	0.0991829171804883	0.826726270368942	0.848002773648578	0.692849755531919	0.715281871968343	0.741507037514254	0.748329902705057	0.795225873796848	0.773478321778691	0.834161279061838	0.784011789672372	0.790643100913515
0.708368356816127	0.779752144456477	0.712373799175814	0.784561594376523	0.784248303319763	0.744722576586149	0.778754606418291	0.797408560525683	0.749501021928136	0.722065261544205	0.81008978842568	1.00000000000001	0.688029606202609	0.781503320141257	0.711744219678663	0.75006148059524	0.785167530509365	0.782389514054737	0.705572741018746	0.741368205360934	0.757862287797224	0.762179168953331	0.75801215339197	0.754679911797939	0.699266849410723	0.769389834175136	0.746118060195617	0.738843130615617	0.801820188477517	0.793586219880029	0.774700190715702	0.754633161998673	0.739019490268829	0.784376150008421	0.747921485845041	0.767063746185901	0.779196672507221	0.766478200483034	0.748488085682743	0.753493506588569	0.75198037275544	0.783859414283545	0.762606827334353	0.721839712764303	0.731758160421253	0.72727890328627	0.783516950165973	0.804075177377403	0.795188939068825	0.724443106609631	0.76952785357002	0.758688500345279	0.773330275537457	0.742499720214353	0.74159390154406	0.675804644903999	0.74545934530718	0.708904927217038	0.731278214057936	0.779782656608987	0.795180656491481	0.780384608763104	0.776942558876904	0.704164583378795	0.802491949472465	0.778147697825244	0.782692808154845	0.764045740200475	0.748356853236757	0.749068247813165	0.790404799467681	0.657037094791766	0.774716253930927	0.12076165631173	0.727204120551684	0.789728121426937	0.73912237059857	0.754781386236879	0.70215412455173	0.718455237381267	0.756606713014021	0.73116301154194	0.756796215776229	0.744658348969545	0.741978610316055
0.735446382891551	0.666193690805478	0.716196550697739	0.870228538224304	0.690223248706887	0.661339490495701	0.790844960170926	0.718542679350511	0.77016436456837	0.751161727806776	0.784331591863286	0.688029606202609	0.999999999999998	0.675002133520674	0.720992606054444	0.809663303391152	0.760187740062003	0.746358145620287	0.699960171284289	0.785777813658665	0.825472293809966	0.768624635939507	0.746062973288097	0.81993016290911	0.830078864960541	0.756031367237396	0.738017465013106	0.820656879707922	0.76575287079429	0.701590689731627	0.799427111669551	0.771614164069916	0.829966326707678	0.726826662652477	0.772457107144668	0.646417764983681	0.683569557513808	0.703375826244584	0.773536078492849	0.710530238475262	0.769123418580064	0.762529141140998	0.755694777768698	0.721448372881838	0.710078016660379	0.723226579483432	0.746303853740354	0.674966703685987	0.697639393512213	0.686047420282471	0.633268252517311	0.8092362034238	0.761589545413527	0.774157799192509	0.682018119699226	0.695045101488441	0.637413443673693	0.712921376817289	0.601860801098501	0.671851732565451	0.73044007044346	0.76167174804563	0.707289548502523	0.541576368311158	0.688561560926819	0.732383083060408	0.691142170088838	0.735815733390381	0.791443142858193	0.769513484784227	0.780538133599139	0.499138319171694	0.722247788326731	0.0943365009642188	0.75428153720639	0.778485196388923	0.610621086862911	0.611230102145532	0.608157467875034	0.658381819115909	0.765241754279273	0.698099687794103	0.781040625985161	0.654608870750027	0.78256421290396
0.748512303297106	0.766662639436952	0.715778917964065	0.754251687359401	0.783325740996094	0.704873232984828	0.797303344547205	0.805989442888083	0.769720631918326	0.745618231509678	0.794169894764688	0.781503320141257	0.675002133520674	1.00000000000001	0.728724605091354	0.775000236667817	0.744759097627852	0.74305648669157	0.714731538654611	0.768641147023509	0.767082053412045	0.796142720510333	0.738831065213234	0.765141450818949	0.723630989045738	0.74810620659224	0.731545423548436	0.737871924835581	0.758717839470287	0.782439160464529	0.755998269494077	0.742723788769087	0.752422402961599	0.736678995838417	0.783820144564239	0.746087011753789	0.750656127105633	0.736764828905982	0.784825693379127	0.776781379587274	0.784355658558936	0.786230780164282	0.783946299398717	0.780436170367814	0.715574271801156	0.783864465383713	0.787107990169966	0.810308308758944	0.862443047209744	0.770779936242208	0.814371137624835	0.79479680594833	0.806453723071046	0.773921634257876	0.773763970562761	0.646071625823848	0.737828778357833	0.744413550073742	0.769475504552029	0.81243972438172	0.790637516653743	0.768689671636177	0.758376093039649	0.708403715662536	0.817694929062044	0.799182737748829	0.766796328769141	0.776703982052093	0.745632735840768	0.791993696829007	0.775734979993872	0.635580272523495	0.815658492394995	0.100813122509567	0.775516027734294	0.778862067199619	0.670198992884929	0.7351133388946	0.720745685206222	0.722727191333108	0.768551861879876	0.749479683998138	0.808632814895134	0.74816680335185	0.740052716560847
0.747143353088277	0.809936126160875	0.837900763588729	0.756596734513711	0.751304508337465	0.794396319703484	0.795014489625836	0.71120653140591	0.734807844503224	0.731893059500122	0.770040843672939	0.711744219678663	0.720992606054444	0.728724605091354	1.00000000000002	0.778382989350799	0.786840586382136	0.750989121592479	0.840496084122346	0.786158843372519	0.755342678707019	0.780266533742308	0.806406053714698	0.762815903469724	0.755939617244257	0.766740353026073	0.785270758398198	0.766412850122127	0.750879460094521	0.776210614198479	0.793470341803561	0.791325856871729	0.706868817260352	0.716009511169513	0.737876632894376	0.787973329205522	0.763346297310108	0.772481348908949	0.769906825327056	0.79029618864697	0.725927690605723	0.776187070658005	0.792767123122891	0.784445178654764	0.70263828507659	0.795000489931805	0.716034151673299	0.676203369548039	0.776663439082138	0.666558764551816	0.672321088995845	0.744995581271512	0.772678825966172	0.761825842702245	0.699503077090214	0.767926246605934	0.629762998315033	0.736778883893317	0.633389146985351	0.714831695578718	0.741130365550684	0.745651260608917	0.761543990109207	0.549922313151394	0.733053446621929	0.749800952639923	0.737767784470628	0.766352874960384	0.740873206367806	0.805597799087322	0.749603095246831	0.667526221577552	0.732936906926734	0.101187532761513	0.760047297019508	0.714641318670171	0.661712260594569	0.61183227215535	0.628123720326613	0.664222960629672	0.767601193785104	0.681364119080708	0.790009545887241	0.72499585365606	0.763766496865461
0.818150534093334	0.765872169487739	0.797062535861072	0.85497449287715	0.801025051771958	0.727320390266653	0.812349591406453	0.769338350620001	0.833476869434228	0.80111538485831	0.860160814394251	0.75006148059524	0.809663303391152	0.775000236667817	0.778382989350799	0.999999999999989	0.803286596891199	0.781534865431271	0.804084143198609	0.859812133660554	0.828108674868478	0.788405348162634	0.771851085912884	0.786785723770677	0.864057330547928	0.793814210541579	0.782791765296517	0.802688381320274	0.792750410674632	0.808550056392727	0.819618283152493	0.817398655641272	0.824566082224225	0.770133208221563	0.822858262471793	0.738207653210475	0.746262863461347	0.762012648395475	0.785230135741477	0.768625160684647	0.775436599833477	0.833565335035436	0.790877393082885	0.783741648854373	0.76536416122601	0.785991867471503	0.7866477679895	0.739947341086501	0.796234589277038	0.743334067894925	0.714732597774707	0.825923295718931	0.795647180533075	0.802901691921275	0.734772581068807	0.707450614684495	0.72876860283923	0.836210872332129	0.714683331499094	0.788146172077877	0.798474134892186	0.810564527737582	0.788842740836762	0.641501015797215	0.7782311670963	0.818295043743396	0.796368270539014	0.788371638836253	0.775428310104099	0.851927294986055	0.832661473987398	0.609437382371613	0.770612672693347	0.103326494404269	0.825818750449893	0.814860058060886	0.669237633512626	0.672260586386683	0.742016249472346	0.733300170575911	0.798528646317703	0.779453074425091	0.813580540665731	0.775628998830172	0.778540307392893
0.74650507096951	0.803081565313196	0.804545997589429	0.815820249042513	0.837062340357031	0.774965505377499	0.811459645937908	0.762102095910272	0.775317847876393	0.778829072711988	0.811440967080239	0.785167530509365	0.760187740062003	0.744759097627852	0.786840586382136	0.803286596891199	0.999999999999996	0.818552572759033	0.780480394577446	0.801562114843422	0.821586522526374	0.791231798689526	0.826718328712655	0.817373602585614	0.756249637419084	0.835737604254727	0.865769162732039	0.782180945234954	0.869737897486692	0.851818817996262	0.879959748025866	0.800701725654932	0.729072878359483	0.788057699369687	0.789755758098533	0.759781833136754	0.782262196626637	0.8108518101285	0.787842363587753	0.788759028185252	0.767190667128166	0.833462881354942	0.801341062737358	0.745835629442122	0.753091832810521	0.802655862751975	0.78620451921468	0.749955055936916	0.785153860268446	0.703770672535081	0.680716149913588	0.790566936669517	0.784144864921899	0.782493643319052	0.722661539339485	0.732707507130994	0.684414194671618	0.74639810234987	0.669062662793529	0.764939728760626	0.800434845787516	0.799575184667743	0.817062856186648	0.593506688593816	0.754833840836444	0.802666145272225	0.790808533772891	0.798457249716354	0.768757787890012	0.812636049820271	0.811261123227901	0.633315962919883	0.756459692239005	0.0981305456054213	0.775783820406382	0.788102981816645	0.707250383704592	0.677423158527498	0.674618150383642	0.683694314669905	0.800555688544252	0.695140368550306	0.836837138736163	0.801980610840658	0.814001502930395
0.727870253484268	0.80811332407585	0.758520687915118	0.807019914750522	0.793802030245077	0.784151468980561	0.784730155904011	0.764082312380158	0.778443307610071	0.752427557760902	0.812300872549107	0.782389514054737	0.746358145620287	0.74305648669157	0.750989121592479	0.781534865431271	0.818552572759033	0.999999999999988	0.749591695814088	0.781670280468111	0.81846085255142	0.790551802904647	0.824641005718988	0.799810093748079	0.744214603525658	0.813852364966985	0.806743100260799	0.78620347153207	0.834986640977033	0.797798460022239	0.83673004607262	0.806898577007641	0.740188157901912	0.806090899072566	0.782105186765702	0.769111683879053	0.802642277867859	0.816516628158049	0.777553930714683	0.768585242461879	0.764229747429258	0.82971761963286	0.781162674278745	0.725526241395178	0.770899027987127	0.757947617959824	0.802201635957112	0.774154870815468	0.774342738256108	0.722432258442244	0.68876640691098	0.774040544345213	0.777878258097159	0.773899457536367	0.721485148152966	0.729234567752432	0.706081448685963	0.726253094553654	0.666193719351039	0.787393409447101	0.808914449700898	0.815886876024721	0.818614831327337	0.61485491360386	0.773797868925437	0.813966082297165	0.8018505791251	0.815354788929964	0.769333339479896	0.782798655703419	0.803413071499605	0.651956936025422	0.764144326116539	0.0980565914325115	0.758965885751867	0.793245832355588	0.750650294828745	0.689267874103685	0.671708449772672	0.687631808492847	0.810138181872692	0.707118829956802	0.815116034831637	0.760277466577622	0.780017924993017
0.741577013288424	0.799653882971291	0.797794356264885	0.746007672132798	0.772225282987254	0.779540691025661	0.755131371349171	0.69939628226866	0.738141044117547	0.708420201214683	0.767652721817139	0.705572741018746	0.699960171284289	0.714731538654611	0.840496084122346	0.804084143198609	0.780480394577446	0.749591695814088	1.00000000000001	0.800469066362272	0.747557651245167	0.739840150725024	0.772177760780292	0.724955080438593	0.755277488048923	0.72906129665891	0.765097894501901	0.719456801252082	0.746858422967718	0.77256126105706	0.775708797579863	0.789596020355875	0.701022332272496	0.697964025806902	0.718704569282187	0.766865325111558	0.7523669403289	0.757998789113317	0.728289169837529	0.778400608752264	0.689012359006064	0.782033904246977	0.754394737939945	0.745821929312753	0.707695263509265	0.768185855351461	0.710403726442897	0.679132503986556	0.753383031067708	0.647578854761997	0.655365397784539	0.71827389786606	0.738741233790725	0.756115795356941	0.683811665546574	0.735489765056008	0.664066696702944	0.770955179589426	0.630679190422294	0.730377746700689	0.737952640022305	0.749393717410155	0.772278138757406	0.55868289880044	0.728695644907673	0.759482029881617	0.770946935860616	0.761440105403129	0.712343721656035	0.795895017755218	0.757906167482514	0.668253072415444	0.715445479192769	0.0987873829251878	0.74386705266274	0.716417087257515	0.678674720626906	0.612707193383998	0.664929880469953	0.631991487759722	0.743729406507945	0.697264247464744	0.76153037477974	0.747618428307292	0.721455212007182
0.806675056691177	0.752515145276264	0.79677422746179	0.826972965978529	0.796552128983656	0.724980598335214	0.810495777874067	0.742765042576381	0.807520552253664	0.81055475664405	0.856241994795101	0.741368205360934	0.785777813658665	0.768641147023509	0.786158843372519	0.859812133660554	0.801562114843422	0.781670280468111	0.800469066362272	0.999999999999984	0.83043957521643	0.790340927900035	0.781988905976425	0.786297423347399	0.827428808182129	0.787469703845829	0.788793421802467	0.802865471811026	0.794752761022211	0.79986253865445	0.839474556103327	0.822856965262505	0.769642275529978	0.745573097375813	0.795150843092417	0.721377980461769	0.738282475168169	0.746290000244889	0.772484871062131	0.762621839982208	0.770850096458535	0.830423084092968	0.782025061095759	0.786341105611918	0.715055796539274	0.807717092832687	0.780016241735	0.716970605202597	0.804195013125766	0.72374219898821	0.689452928017654	0.821679344813917	0.793628834117071	0.801165415956649	0.70792406105942	0.70716526976015	0.704074774902326	0.799204323503878	0.688631821216203	0.784536317103131	0.784538329410444	0.819288911658687	0.7781706905847	0.59432868119526	0.781090617979157	0.818713377587106	0.794994689614761	0.782748835395573	0.771753825904215	0.870268109820076	0.82126208850743	0.591238648316719	0.752168562388516	0.096591618245468	0.820114299192053	0.791309021661669	0.64241176828826	0.634179968381969	0.715427800804791	0.687600621008952	0.792291144835268	0.759884937539603	0.825202376634776	0.76469637609753	0.776382146399231
0.781765214197136	0.75482207141889	0.760572605018972	0.853404621233359	0.791027111217073	0.727264536098486	0.81668948683531	0.773334966320672	0.835773783595944	0.80782991810316	0.833605620631903	0.757862287797224	0.825472293809966	0.767082053412045	0.755342678707019	0.828108674868478	0.821586522526374	0.81846085255142	0.747557651245167	0.83043957521643	0.999999999999992	0.807091687580808	0.799396416880653	0.818804072722258	0.798426307658089	0.81688724988569	0.806015285434347	0.836955132446252	0.833486090677577	0.785866313572647	0.860706175901144	0.819607041915512	0.802827731242379	0.800615019326847	0.825275331155078	0.715028742456405	0.754511153684489	0.776872017388891	0.809692863527187	0.763310351791074	0.806759221400989	0.85098691588478	0.793513179233796	0.747810926404346	0.762607672512899	0.782231699555823	0.835490145646454	0.77596046950188	0.78422134433918	0.771551153183358	0.703381939701805	0.83796436527826	0.79932132955782	0.815046134177811	0.740776560439709	0.713932674178101	0.722262917954265	0.767999844828649	0.686979814024591	0.788035085010425	0.816426307558395	0.831236225499561	0.803901702699966	0.618197221783102	0.767884559401547	0.82613123064716	0.794033296883242	0.804184657084344	0.800917317735668	0.821413861131353	0.835112658656776	0.581595194959558	0.773156100489934	0.0945452913362018	0.832507743482806	0.835046168012224	0.669770352593744	0.690071079332814	0.709172564977644	0.698439244372301	0.832902600719443	0.744621051287349	0.854852703720764	0.753332309765633	0.801964060973663
0.762032646280418	0.764041407102257	0.758996714453779	0.810472387828414	0.753933129201241	0.746112019412516	0.878937712514635	0.814412426602222	0.778645769271361	0.767282542294599	0.803785009049864	0.762179168953331	0.768624635939507	0.796142720510333	0.780266533742308	0.788405348162634	0.791231798689526	0.790551802904647	0.739840150725024	0.790340927900035	0.807091687580808	1	0.789861903009022	0.881711492536246	0.774998942739325	0.830014391819847	0.791797151045064	0.821538508413472	0.80008667935443	0.788594845531047	0.827624075700529	0.79541164561587	0.757843272685101	0.788533028601235	0.795941343431849	0.739937852901978	0.759054086005469	0.763216413829775	0.882469356520358	0.846389952037955	0.85979227106066	0.810641658930856	0.893319500005151	0.840730916162053	0.730920212128966	0.817278320869773	0.770850476830609	0.756333689619528	0.832040565543131	0.753753147910953	0.78512375649621	0.795398046881596	0.888376717514463	0.786328328504211	0.801444234648928	0.735671826032646	0.670530855131365	0.73060620960914	0.680109049184614	0.753682012953514	0.785197762349219	0.776226259167507	0.773247258732883	0.602134411490758	0.775774344288628	0.797852400656518	0.752843813666467	0.81635630031754	0.832875781421259	0.817130372498962	0.775694978047629	0.609037410740212	0.862760461190461	0.0977778573601654	0.80138734495777	0.772387581324647	0.67624894587178	0.703967651953035	0.658329083311533	0.742609249186196	0.807393896806681	0.708369917600388	0.841912470688516	0.720991137812286	0.861508810054578
0.720791793631302	0.846529032180374	0.803001217164114	0.799735583255613	0.778434700183122	0.819118065234511	0.80950714853091	0.750614590958515	0.747922146380532	0.749835818449524	0.799435278109409	0.75801215339197	0.746062973288097	0.738831065213234	0.806406053714698	0.771851085912884	0.826718328712655	0.824641005718988	0.772177760780292	0.781988905976425	0.799396416880653	0.789861903009022	0.999999999999987	0.806326939550267	0.743073341012431	0.81748110167595	0.804002826302601	0.788015509394998	0.810373188118576	0.7920441572134	0.836012854118413	0.816829783669197	0.721515160141984	0.783816151947845	0.777598117758965	0.806800002041402	0.82949559621436	0.850055460797866	0.772571834816722	0.766436313340896	0.756959019291575	0.804560401191577	0.794419446944064	0.739466733499114	0.761709741330065	0.78639905993868	0.791837605967295	0.740777717961288	0.77849873193303	0.692159822739476	0.68300245414175	0.785105630088876	0.779978534817915	0.772221297795971	0.701437389065406	0.759064793721113	0.666863567602558	0.722074405313839	0.659736133719336	0.758180680855863	0.796178148700259	0.783710909481797	0.802532721497532	0.587371124780555	0.765309935359748	0.790389858114653	0.767203890627112	0.792691780204006	0.768968621545565	0.784519995531765	0.790631138138671	0.660508872417902	0.739443962279384	0.0935418099222424	0.758470885170137	0.763891429119706	0.717076033550041	0.659045959733628	0.640965519931484	0.68025938793487	0.794519102892501	0.677941639226922	0.825787473055296	0.744667983821586	0.790905049998489
0.745892845709715	0.750735082334934	0.765175459469144	0.837544152967045	0.75747718533072	0.729690907673629	0.877524989330839	0.82334348919326	0.776239496742132	0.775713478170874	0.804787383182083	0.754679911797939	0.81993016290911	0.765141450818949	0.762815903469724	0.786785723770677	0.817373602585614	0.799810093748079	0.724955080438593	0.786297423347399	0.818804072722258	0.881711492536246	0.806326939550267	0.999999999999998	0.786565236766656	0.834684896389755	0.800535636328799	0.824953640892505	0.817429619946543	0.779140035950482	0.842949321602675	0.783615995220452	0.762743773260818	0.788123150123308	0.812360285958983	0.725734524195657	0.756005972216616	0.773924748697838	0.859877621797291	0.81321403548299	0.861404229395791	0.812887642006601	0.869261393830954	0.809694592328093	0.748453418263708	0.811363945049826	0.787363110323568	0.743253906505032	0.803934736726637	0.72820380326682	0.731427629440651	0.821246226578698	0.855038780866451	0.796880792188462	0.767247996654766	0.732122047741916	0.655728887703272	0.726655375896559	0.667680812226178	0.743613703595779	0.781656624899045	0.78276274336851	0.769306123783232	0.59303568707233	0.761186140765493	0.789206430311517	0.741297232065385	0.810265057518954	0.82831614208964	0.812671786156142	0.792585981231761	0.569910487967002	0.833254934857206	0.0943237549170051	0.781412994187012	0.785277015718187	0.664145340169632	0.690169443185285	0.643382939843801	0.72123181214511	0.804675639101998	0.693023013669571	0.852751140797597	0.722725688764057	0.887363580650554
0.778269711773123	0.704196832895508	0.762346892855562	0.843159912429911	0.731932656138256	0.689481093228684	0.800748643834033	0.730105806485727	0.780308066059095	0.769211390331625	0.826578377492737	0.699266849410723	0.830078864960541	0.723630989045738	0.755939617244257	0.864057330547928	0.756249637419084	0.744214603525658	0.755277488048923	0.827428808182129	0.798426307658089	0.774998942739325	0.743073341012431	0.786565236766656	0.999999999999998	0.762251396017892	0.750625970195063	0.788969438563637	0.751480693416733	0.742954593090096	0.789426868656683	0.776427662586444	0.82125834852411	0.720265292405522	0.779534404098122	0.687504630121452	0.696141230489339	0.708600513194448	0.766782465846732	0.740017655197258	0.759807192194343	0.777057553145004	0.77834499358156	0.773338519189199	0.711768748658032	0.770483534855131	0.737283704286075	0.681784076021234	0.760415340109376	0.689988124629914	0.66866174459837	0.799257583278833	0.780162153997313	0.780346203704908	0.687444583877355	0.689870966443251	0.650305793347952	0.787865035870771	0.645320218084245	0.716198144546515	0.734213380928105	0.762412340084035	0.721967356472257	0.56045746788509	0.736588981310974	0.759978730609392	0.723087194841908	0.757910708492807	0.765691641152705	0.833614841859144	0.787422708545812	0.560049739381705	0.739019628695873	0.0963943117328875	0.79617292897225	0.771464251323771	0.611270902697426	0.606449770925421	0.658279156375858	0.680636841180624	0.777459620681306	0.721009399890097	0.78817576767899	0.700443045572483	0.767755203933014
0.738489154046151	0.78180279193393	0.797262704713242	0.82485320485604	0.789324166519935	0.764547143541949	0.830713023438074	0.76001683180915	0.776123282152524	0.781998632242883	0.823554774602907	0.769389834175136	0.756031367237396	0.74810620659224	0.766740353026073	0.793814210541579	0.835737604254727	0.813852364966985	0.72906129665891	0.787469703845829	0.81688724988569	0.830014391819847	0.81748110167595	0.834684896389755	0.762251396017892	1	0.834611355473605	0.823377732664638	0.840765822241378	0.8353528624988	0.865698686417712	0.805451724101209	0.737728092921921	0.855665623415075	0.815038211180821	0.750412253866942	0.767374041886067	0.797554383258378	0.813345201776143	0.773432635345423	0.793442740522521	0.815832791928004	0.827113976215693	0.755345060756971	0.781764170938709	0.786343044290189	0.804375479740711	0.757222664399767	0.787644767652513	0.744259521475802	0.697063364296991	0.796142251923335	0.812201393566749	0.759512810341097	0.714797746348258	0.73183328603909	0.662680773539809	0.728879673143339	0.66831085703177	0.769031112137243	0.812389749970751	0.790314493477279	0.812621423589555	0.596064308132313	0.761899650748189	0.808574242866221	0.76690175749465	0.80562628469983	0.784404433460195	0.802684442808938	0.797552247899142	0.599058936446665	0.770932946988189	0.0965201883290257	0.797845738122207	0.78883058526413	0.681811731173435	0.67809046641105	0.65701973388008	0.73662689443139	0.81900192702039	0.679392125199859	0.84523968637361	0.756112869035807	0.841272380450186
