1	0.275270783089752	0.295230166924014	0.270360236497509	0.288806027885956	0.23859207129109	0.304069191455992	0.287365601812596	0.30881897968802	0.263685018474345	0.24684368424514	0.301948139458745	0.30134484667371	0.283087285376807	0.303917194862579	0.295673344474467	0.301646342243044	0.269415629695956	0.310832841014839	0.314585304860634	0.293170772046805	0.290253674125055	0.287653111145115	0.294051604951678	0.188435406859301	0.292877747811295	0.313642963165351	0.30959199300127	0.311610895279971	0.302552640036741	0.148599575999999	0.303158350825699	0.299691999513246	0.298048218058621	0.28621843526799	0.30881897968802	0.264477261299824	0.259499630569885	0.280270519823812	0.301194211912202	0.200990024803067	0.283795888975684	0.28578942944989	0.287365601812596	0.28139384705981	0.220358392783234	0.285361066658127	0.286934876534596	0.250073601112094	0.279850429190818	0.292292577680859	0.289528946227077	0.300141874834656	0.259889172098848	0.268071913637031	0.21838406504968	0.294935084322981	0.290689381334955	0.294787653641561	0.296413452585319	0.310522163538452	0.270766081159656	0.239308922243755	0.295082588738173	0.241231071969152	0.291854467479135	0.297304028138473	0.300893168247209	0.276788943510877	0.290980216109441	0.134189808493464	0.306052078602271	0.156296567932682	0.266068894993807	0.302552640036741	0.295673344474467	0.285075848224454	0.282945777114133	0.307125137635272	0.3024014015295	0.289094978365002	0.293757700323533	0.290108583563655	0.303006809538765	0.270766081159656
0.275270783089752	1	0.638904684031916	0.563831404704956	0.622507252567687	0.470951576608223	0.682836386058095	0.628763554467098	0.68591607389602	0.540640895309317	0.496088966697527	0.658033129592179	0.664646472491499	0.608352983811176	0.674354056240444	0.641144768286722	0.657375425369507	0.551286853518727	0.687633009355848	0.706452013929563	0.634447967948228	0.638266098693769	0.620642529293437	0.647912255485351	0.336216493706733	0.630022339941912	0.707158819287271	0.698723625838595	0.694891194742911	0.665977095616065	0.234922407549508	0.668646338926159	0.656390101409171	0.634130823257034	0.614467032944631	0.687976911828979	0.54936072222743	0.52571291721579	0.591555364366815	0.651159929181032	0.377380996896842	0.616005122337645	0.628449251272212	0.625627583156311	0.609570907296309	0.423797301736686	0.621263482247462	0.62970740751161	0.505604770939691	0.606227470186475	0.638904684031916	0.622196076741842	0.650183921476041	0.543622612439217	0.566941021036925	0.40799514669668	0.642749635455531	0.623441714117489	0.63922421625033	0.657046819815057	0.694543835992463	0.552943197352777	0.464404193160092	0.646294497886218	0.46860269582065	0.643071090630356	0.664314232322217	0.667644121268929	0.579551934916321	0.631599366253288	0.207941185767156	0.661662282827848	0.24857765184108	0.558779688882846	0.663318507953708	0.656718378522315	0.615081807313529	0.598397518034554	0.66797802679899	0.674354056240444	0.613852873042817	0.625002268282701	0.634130823257034	0.675028747586133	0.573211798313141
0.295230166924014	0.638904684031916	1	0.620642529293437	0.686602333042301	0.51017575244082	0.749386805147503	0.698374351351574	0.764907781102864	0.58978335761285	0.54389449170959	0.729424071040329	0.741188722409772	0.670320046035639	0.745276491443289	0.708574552186835	0.721444375048613	0.613546023325118	0.764525422809852	0.785448803788985	0.699073075006526	0.699073075006526	0.684545612666278	0.719643016747075	0.360594940173078	0.696282367841771	0.78231328379451	0.772209031049185	0.776467881823738	0.728695011559784	0.253726084840919	0.737492028234604	0.724698190329903	0.698723625838595	0.666976810858474	0.758054497110508	0.596903392674358	0.575797063890464	0.647912255485351	0.724698190329903	0.410450476199384	0.684203425413887	0.69523872721616	0.68249505320539	0.663650250136319	0.461395355221461	0.68591607389602	0.696630596075495	0.546074426639709	0.662655520994483	0.707512487106502	0.68694572004842	0.725060630027441	0.587722724073462	0.622196076741842	0.444191279338792	0.706098876214384	0.693156136482555	0.707866331803857	0.727602788414595	0.76682244288563	0.616005122337645	0.514273527706632	0.711414526557692	0.508647518680314	0.705040521864267	0.732713875869332	0.735650600907253	0.641786233734277	0.695934313678642	0.221684517535819	0.734180770026263	0.266335096967604	0.613852873042817	0.73601851817936	0.731615628946642	0.672334025632657	0.663982158231497	0.744903946341604	0.747515678018091	0.67166202766201	0.696978998466873	0.701524117591467	0.747515678018091	0.630337429877803
0.270360236497509	0.563831404704956	0.620642529293437	1	0.601096374738975	0.453391177333849	0.654751175666434	0.613852873042817	0.664314232322217	0.524138141808335	0.483356887821146	0.63603607217124	0.649534062538189	0.586841800844947	0.651159929181032	0.618474077445272	0.62782111614085	0.533924946246618	0.668646338926159	0.684887971055076	0.613852873042817	0.61754706176468	0.599295787845538	0.635082733245928	0.32758752752369	0.613852873042817	0.683519563976181	0.674691317576872	0.670320046035639	0.639863760185252	0.230962481361527	0.648884853134453	0.628763554467098	0.617238365414316	0.586841800844947	0.662324276052122	0.529405817708695	0.512733019041891	0.575221554629164	0.635082733245928	0.369908352489465	0.593036102929718	0.609266198026327	0.602299770483065	0.581583920589137	0.411683676503538	0.601096374738975	0.61170814345336	0.493121344666296	0.589488539644678	0.615081807313529	0.604411513073553	0.637309417236199	0.521784819117483	0.546894152920681	0.395145985032102	0.619402484692799	0.607441138390496	0.617855912501812	0.635082733245928	0.665311451398028	0.544710945634513	0.457032854037078	0.622818584020348	0.457032854037078	0.620952928151332	0.643392706572956	0.64661772593544	0.569213326702664	0.608048883350721	0.2038236744148	0.639543908274801	0.242440247749333	0.544983369207548	0.643714483363737	0.638585311539677	0.593926324583436	0.58596219801073	0.652137401996139	0.64985891077475	0.588604969678355	0.61018078309068	0.61170814345336	0.653116342120676	0.557384484392921
0.288806027885956	0.622507252567687	0.686602333042301	0.601096374738975	1	0.499573772053545	0.733813771398553	0.675704113960626	0.740077772746708	0.582165795398641	0.530465688861975	0.704335833745186	0.717846156216735	0.647264667078035	0.721083743026607	0.684887971055076	0.699422698942729	0.59125966061673	0.746395245035882	0.762235283468039	0.6831778896199	0.681131427179547	0.672334025632657	0.703280121976341	0.357006960569147	0.678412343264104	0.762235283468039	0.747889529312135	0.749761592239041	0.712126296910112	0.248205064873404	0.717846156216735	0.703983753855621	0.685573201584293	0.651159929181032	0.737860866450591	0.587428936164523	0.559338748054727	0.630022339941912	0.699073075006526	0.397523987816645	0.661331534380437	0.678073221879883	0.670990701353446	0.640824276032319	0.454526073306058	0.66831209932356	0.676718430678921	0.533124659192592	0.644358519811655	0.688665232843956	0.667310382649902	0.702928569810718	0.577238357416424	0.608048883350721	0.429342633217356	0.68591607389602	0.678073221879883	0.690389049799439	0.703983753855621	0.746395245035882	0.587135295112822	0.502580225025428	0.688320986296343	0.500573919411628	0.687633009355848	0.709638211560209	0.717487322854443	0.625314847555148	0.680110495928641	0.221241591574351	0.712482449089192	0.260279298378557	0.598098394062761	0.715695844827902	0.709993119385551	0.654423881908859	0.647588380333143	0.717846156216735	0.720363019705301	0.6524635522279	0.669650061037935	0.67739548758163	0.729788874269057	0.615389425115227
0.23859207129109	0.470951576608223	0.51017575244082	0.453391177333849	0.499573772053545	1	0.537675532607726	0.502077896006773	0.550460543126177	0.44396923921378	0.415613307624088	0.524400276407428	0.532858163492473	0.487726734625731	0.532059475413048	0.51196449604967	0.517627193242026	0.448655475913478	0.548537298866002	0.561299863623192	0.507631240260133	0.503586391306371	0.494108574256142	0.521002728603334	0.278593931499603	0.502580225025428	0.560178385747647	0.551838416107577	0.55377323452105	0.521263295103833	0.209401880534714	0.532325571669275	0.521002728603334	0.505352031744286	0.494108574256142	0.545528625159293	0.443082188082168	0.426134608598149	0.481427321974309	0.519961764457262	0.317429351617496	0.498824973135053	0.498326397491288	0.498077296572962	0.486752255959972	0.353277998792273	0.501074743701449	0.502328997724975	0.411477886117171	0.484082467201367	0.509156420607549	0.497330740684997	0.521263295103833	0.434525781508078	0.451355500743379	0.344900261792768	0.512220542303924	0.504342337711395	0.51043090409964	0.523090913102501	0.54963547127008	0.444191279338792	0.38712795791294	0.516076638657093	0.387902988601111	0.509920728325942	0.527819980201208	0.529935488317569	0.470245678799023	0.506870364199452	0.183691051595961	0.524138141808335	0.215240343170518	0.448879859742717	0.533924946246618	0.522829433021417	0.491644197460965	0.486508940665884	0.531261984467667	0.533658050502991	0.482391140115126	0.506110628597305	0.507377488083333	0.537406762039664	0.462781619644061
0.304069191455992	0.682836386058095	0.749386805147503	0.654751175666434	0.733813771398553	0.537675532607726	1	0.7456492228641	0.813426261456961	0.630337429877803	0.573785296812912	0.78505617755183	0.796124259835454	0.719283285179088	0.795726297204485	0.755028335480208	0.765673071465374	0.640183772061647	0.822834658056018	0.844508903386034	0.747889529312135	0.74714201360297	0.73454795219917	0.773754994559472	0.380031931320964	0.744903946341604	0.839457020769207	0.827786506694734	0.829858561951346	0.783487634262862	0.260019149176459	0.793739466035243	0.774529136560521	0.751262615946886	0.713551974706502	0.810989639433092	0.635400354011125	0.610485949767537	0.692463326808643	0.768357622439228	0.42570868698585	0.722527353642072	0.741559409435011	0.730153859945006	0.705745915023928	0.488214705305032	0.733080324411768	0.742301339747774	0.583623030672253	0.704688089718713	0.753896641959321	0.732713875869332	0.770280919615079	0.622507252567687	0.661000951265913	0.46860269582065	0.753143122140065	0.737860866450591	0.752014254319383	0.772981626313483	0.824481974139108	0.644680779629801	0.534459138244347	0.763379494336853	0.540911283348348	0.756539903215047	0.781531361537005	0.790966233891378	0.68523050066587	0.740818220681718	0.226955798664657	0.785448803788985	0.278176353863876	0.654096751757257	0.786627861066553	0.778022371558957	0.717846156216735	0.71105890820641	0.791361815895584	0.797319342312987	0.714265883576151	0.738229889131799	0.746768535973357	0.797319342312987	0.672334025632657
0.287365601812596	0.628763554467098	0.698374351351574	0.613852873042817	0.675704113960626	0.502077896006773	0.7456492228641	1	0.755783741455725	0.588604969678355	0.537944437594674	0.72000292822582	0.728695011559784	0.665644190301521	0.739338064889532	0.699422698942729	0.711414526557692	0.601396998075916	0.758433619131671	0.777633457609768	0.693502801209756	0.690043941558789	0.684545612666278	0.717487322854443	0.359155441329405	0.691425410450308	0.777633457609768	0.764525422809852	0.767973539656706	0.725060630027441	0.250448992987283	0.733080324411768	0.719643016747075	0.698723625838595	0.662324276052122	0.749761592239041	0.588016658913085	0.569498004529542	0.64661772593544	0.71390883990272	0.409220969952286	0.67065528986263	0.689699005829128	0.679091094926637	0.651811414798732	0.458176865590773	0.681131427179547	0.692463326808643	0.544438658239217	0.652789865575553	0.698374351351574	0.674016963492534	0.714265883576151	0.580712198663146	0.616005122337645	0.441092797721205	0.694891194742911	0.693849639312661	0.698025251458144	0.717487322854443	0.758433619131671	0.603807403665526	0.502580225025428	0.709283481144423	0.501074743701449	0.698723625838595	0.721083743026607	0.727602788414595	0.635400354011125	0.691771209598116	0.222128330235653	0.729059450167624	0.262107645215392	0.615081807313529	0.725060630027441	0.718564361415701	0.666976810858474	0.656718378522315	0.733080324411768	0.737860866450591	0.664314232322217	0.687289278790972	0.689699005829128	0.739338064889532	0.62970740751161
0.30881897968802	0.68591607389602	0.764907781102864	0.664314232322217	0.740077772746708	0.550460543126177	0.813426261456961	0.755783741455725	1	0.640183772061647	0.57810486467052	0.793342695503124	0.803723479444656	0.727602788414595	0.80573530187348	0.769126364368571	0.776856212839313	0.654096751757257	0.836524056877393	0.855987076928929	0.759572123224968	0.763379494336853	0.74378742802018	0.784271513771556	0.383659438043613	0.758812930761241	0.852569967396423	0.839037397173464	0.841137614844623	0.794930968637841	0.261191871995126	0.80211763886163	0.785841626388346	0.76299789999622	0.724698190329903	0.824481974139108	0.638904684031916	0.618164917702926	0.709638211560209	0.778800783071405	0.430632595092349	0.73601851817936	0.75088707853109	0.74304401236194	0.71390883990272	0.492874845623859	0.740818220681718	0.752390355463993	0.593926324583436	0.717128668863986	0.764907781102864	0.738968488258944	0.777633457609768	0.630968082581478	0.668646338926159	0.468837055753661	0.762616496405065	0.748637792910891	0.764525422809852	0.784271513771556	0.834852680696944	0.647588380333143	0.539021403076357	0.772981626313483	0.544983369207548	0.761473429175205	0.795328533505094	0.803321718153627	0.689699005829128	0.75163834117834	0.230501018015971	0.798516218759377	0.280270519823812	0.660340280704983	0.795726297204485	0.792549749346778	0.729059450167624	0.719283285179088	0.806138270258117	0.813833076282921	0.725423250990141	0.749761592239041	0.752390355463993	0.813019649987571	0.678751634251414
0.263685018474345	0.540640895309317	0.58978335761285	0.524138141808335	0.582165795398641	0.44396923921378	0.630337429877803	0.588604969678355	0.640183772061647	1	0.46860269582065	0.614774343282285	0.617238365414316	0.563831404704956	0.620022196981994	0.593629435649563	0.603203898064953	0.51350269568362	0.638585311539677	0.654751175666434	0.592147215607481	0.588604969678355	0.579841783339846	0.609570907296309	0.316636769379053	0.587428936164523	0.650834430597869	0.646294497886218	0.642749635455531	0.617855912501812	0.227751535687459	0.619092860862861	0.608352983811176	0.59125966061673	0.572352625156633	0.639543908274801	0.509156420607549	0.495097780280943	0.547715109713727	0.610791269065884	0.354693940783503	0.57781588448925	0.583623030672253	0.577527048761955	0.562704868806956	0.402323012228762	0.581583920589137	0.582456951079195	0.476160641281989	0.56186144423032	0.592739658995412	0.580712198663146	0.603203898064953	0.501826919808048	0.524924938971396	0.387709085586604	0.589193869048644	0.583623030672253	0.596008708766031	0.608961641072897	0.639863760185252	0.517627193242026	0.439551671473348	0.603203898064953	0.439991442993934	0.591851216005745	0.610791269065884	0.62188505646502	0.540370642430512	0.59125966061673	0.20341643444169	0.62188505646502	0.241231071969152	0.526238893077105	0.614774343282285	0.613546023325118	0.57063814029432	0.562986291591192	0.622196076741842	0.623753512917752	0.564395518119358	0.585669290144794	0.587722724073462	0.626880090412377	0.540911283348348
0.24684368424514	0.496088966697527	0.54389449170959	0.483356887821146	0.530465688861975	0.415613307624088	0.573785296812912	0.537944437594674	0.57810486467052	0.46860269582065	1	0.56186144423032	0.567508245622987	0.515303103995142	0.570067787378013	0.540911283348348	0.554604517679335	0.472130428500624	0.58303969935585	0.596605015578511	0.538482651094168	0.541181806615203	0.529405817708695	0.555437048698018	0.292585016453557	0.536333022612924	0.594817882571635	0.590668696487425	0.586841800844947	0.563549559469784	0.215563445951778	0.565242746659087	0.554327284734507	0.543622612439217	0.51892288015894	0.579841783339846	0.47425980292802	0.453391177333849	0.509156420607549	0.55377323452105	0.332372151365332	0.521263295103833	0.533391288173879	0.532591801006897	0.510686183366188	0.364765717992183	0.534191975471484	0.535529126152081	0.441754933395392	0.515045516845298	0.54389449170959	0.528612304265997	0.550185381650715	0.467432652244966	0.488458873694695	0.359694578743371	0.545528625159293	0.531261984467667	0.544166506953589	0.554881889275295	0.585376528696183	0.469775668164709	0.405757333018615	0.546347532123711	0.405757333018615	0.542536453735095	0.562704868806956	0.568360146757541	0.496337073202333	0.530200522314705	0.194465599089724	0.565525438699537	0.229466093760907	0.476637040082972	0.557942147662476	0.564677786439618	0.526238893077105	0.521263295103833	0.566941021036925	0.569498004529542	0.519961764457262	0.534191975471484	0.543622612439217	0.576373148948877	0.492382217133532
0.301948139458745	0.658033129592179	0.729424071040329	0.63603607217124	0.704335833745186	0.524400276407428	0.78505617755183	0.72000292822582	0.793342695503124	0.614774343282285	0.56186144423032	1	0.767205949975856	0.691771209598116	0.769126364368571	0.730519028159425	0.746768535973357	0.62188505646502	0.795328533505094	0.814647316411415	0.722888707649867	0.727966680774312	0.711414526557692	0.7456492228641	0.367328035667202	0.72000292822582	0.811395235643411	0.801716680290195	0.801315922147935	0.752766644706196	0.25872229825964	0.764907781102864	0.752390355463993	0.726149037073691	0.690389049799439	0.785448803788985	0.617238365414316	0.594817882571635	0.679430725374636	0.7456492228641	0.415613307624088	0.701874967355394	0.721083743026607	0.710703467619858	0.682153890976452	0.478069098216378	0.707866331803857	0.721083743026607	0.569213326702664	0.683861409212356	0.729424071040329	0.710348204709177	0.74378742802018	0.604713794394122	0.642107207087795	0.45475339316794	0.728695011559784	0.716770194155699	0.731981528228313	0.747889529312135	0.797718101665674	0.62188505646502	0.521263295103833	0.738599096370483	0.525450126460346	0.729788874269057	0.758433619131671	0.761473429175205	0.661000951265913	0.721805187431716	0.225147395532674	0.761473429175205	0.273487325516036	0.634765271251418	0.761854261089838	0.756539903215047	0.69523872721616	0.68591607389602	0.770280919615079	0.772981626313483	0.687633009355848	0.716411898639964	0.721805187431716	0.776856212839313	0.657046819815057
0.30134484667371	0.664646472491499	0.741188722409772	0.649534062538189	0.717846156216735	0.532858163492473	0.796124259835454	0.728695011559784	0.803723479444656	0.617238365414316	0.567508245622987	0.767205949975856	1	0.704335833745186	0.783095988365365	0.744531587465909	0.755028335480208	0.63318034006276	0.807348385022681	0.831104283852126	0.737492028234604	0.740447904158223	0.723611957922382	0.759192432094049	0.372879488005405	0.731615628946642	0.823657904268577	0.812207036711939	0.815870204322674	0.769511023707576	0.258205370762927	0.778022371558957	0.760712336355864	0.7363866194561	0.702928569810718	0.799714891867596	0.624689845260824	0.601998695872749	0.683519563976181	0.758433619131671	0.421051552627321	0.71105890820641	0.731981528228313	0.717846156216735	0.695934313678642	0.478547406428841	0.716411898639964	0.729788874269057	0.577238357416424	0.695586433499095	0.741188722409772	0.721083743026607	0.758812930761241	0.614467032944631	0.656390101409171	0.460243307493093	0.739707826354639	0.734180770026263	0.739338064889532	0.765290330622826	0.808156137216488	0.635082733245928	0.53073098802567	0.748263567578565	0.532325571669275	0.741559409435011	0.771437207993982	0.77530405309077	0.672334025632657	0.731981528228313	0.226275951549222	0.772981626313483	0.274034847506551	0.644358519811655	0.771051585803566	0.767205949975856	0.705745915023928	0.699772497734611	0.78505617755183	0.78231328379451	0.703631849961998	0.725060630027441	0.731249912568882	0.783879476032273	0.664314232322217
0.283087285376807	0.608352983811176	0.670320046035639	0.586841800844947	0.647264667078035	0.487726734625731	0.719283285179088	0.665644190301521	0.727602788414595	0.563831404704956	0.515303103995142	0.691771209598116	0.704335833745186	1	0.706805328257749	0.674016963492534	0.688320986296343	0.579551934916321	0.730884379003604	0.744903946341604	0.666976810858474	0.662986931600727	0.655078633111806	0.686602333042301	0.348889509010153	0.666310167424886	0.744903946341604	0.731615628946642	0.734915318009069	0.691771209598116	0.23775845871456	0.700822944119043	0.687976911828979	0.671326280591941	0.639543908274801	0.71820516904057	0.566657621382225	0.546074426639709	0.620642529293437	0.686602333042301	0.390432570261184	0.644358519811655	0.663318507953708	0.649209376685147	0.630022339941912	0.438015929738962	0.655078633111806	0.658033129592179	0.520481986289283	0.62782111614085	0.670990701353446	0.650183921476041	0.681472078048757	0.560738844315974	0.594223361998893	0.426347729178153	0.670990701353446	0.658691491848036	0.669984969788664	0.687976911828979	0.730153859945006	0.571494739793774	0.48287377253123	0.673343283425215	0.486265746999035	0.666643405811253	0.695586433499095	0.699772497734611	0.607441138390496	0.661331534380437	0.216427426544797	0.697676326071031	0.25872229825964	0.587428936164523	0.702928569810718	0.689699005829128	0.640824276032319	0.630337429877803	0.705040521864267	0.708928928049511	0.640824276032319	0.660340280704983	0.660670533401629	0.708928928049511	0.600795901676131
0.303917194862579	0.674354056240444	0.745276491443289	0.651159929181032	0.721083743026607	0.532059475413048	0.795726297204485	0.739338064889532	0.80573530187348	0.620022196981994	0.570067787378013	0.769126364368571	0.783095988365365	0.706805328257749	1	0.7456492228641	0.762235283468039	0.63922421625033	0.812613241773098	0.835687950943158	0.741559409435011	0.742301339747774	0.722527353642072	0.766439127501019	0.379462310746218	0.7363866194561	0.826545757729056	0.815870204322674	0.819549893332926	0.771437207993982	0.2614531945066	0.783095988365365	0.765673071465374	0.743415627264104	0.71105890820641	0.802518797962478	0.631915244899496	0.612626394184416	0.687289278790972	0.759572123224968	0.426347729178153	0.711414526557692	0.737492028234604	0.723973854367915	0.699772497734611	0.478308192534084	0.723250242379842	0.735282867547801	0.575797063890464	0.697327575103003	0.746768535973357	0.721444375048613	0.765290330622826	0.618474077445272	0.661331534380437	0.466498721182848	0.749012205402669	0.731615628946642	0.7456492228641	0.764907781102864	0.814240094567154	0.637309417236199	0.533658050502991	0.754650915675282	0.533124659192592	0.743415627264104	0.774141968792248	0.780359943278034	0.674691317576872	0.741188722409772	0.233283692889384	0.778800783071405	0.281675381650704	0.651811414798732	0.779190280829265	0.76682244288563	0.71177032276261	0.702225992588067	0.786234645448117	0.78505617755183	0.706098876214384	0.731981528228313	0.736754904829499	0.789780673932803	0.668646338926159
0.295673344474467	0.641144768286722	0.708574552186835	0.618474077445272	0.684887971055076	0.51196449604967	0.755028335480208	0.699422698942729	0.769126364368571	0.593629435649563	0.540911283348348	0.730519028159425	0.744531587465909	0.674016963492534	0.7456492228641	1	0.722527353642072	0.615081807313529	0.770280919615079	0.791361815895584	0.706452013929563	0.707158819287271	0.691771209598116	0.723611957922382	0.361497555322336	0.707158819287271	0.786627861066553	0.7795799733847	0.779969860835133	0.732713875869332	0.250073601112094	0.742301339747774	0.72723907795558	0.710348204709177	0.669984969788664	0.762235283468039	0.601998695872749	0.576661407582004	0.652137401996139	0.724335931806916	0.405351778496654	0.678412343264104	0.696978998466873	0.686259117686769	0.663318507953708	0.458406011305224	0.68694572004842	0.699772497734611	0.552943197352777	0.668980745690347	0.711414526557692	0.69211718168873	0.729059450167624	0.591555364366815	0.62188505646502	0.442639327361351	0.705040521864267	0.700472620235252	0.713195287898282	0.726512202375987	0.774916497961081	0.604713794394122	0.507885119344745	0.718923733431926	0.514016455216257	0.708928928049511	0.739707826354639	0.738968488258944	0.643392706572956	0.697676326071031	0.220028102973346	0.741188722409772	0.270225090168658	0.614159876223738	0.740818220681718	0.730519028159425	0.676718430678921	0.666310167424886	0.746022140697222	0.753896641959321	0.671997942647589	0.698723625838595	0.699073075006526	0.75163834117834	0.635718133626414
0.301646342243044	0.657375425369507	0.721444375048613	0.62782111614085	0.699422698942729	0.517627193242026	0.765673071465374	0.711414526557692	0.776856212839313	0.603203898064953	0.554604517679335	0.746768535973357	0.755028335480208	0.688320986296343	0.762235283468039	0.722527353642072	1	0.625002268282701	0.781922224925477	0.800915364334659	0.717846156216735	0.716411898639964	0.702928569810718	0.735282867547801	0.369538629029516	0.712838779388888	0.798516218759377	0.78820269109377	0.787808688257141	0.753519787859717	0.252334421955378	0.755783741455725	0.738968488258944	0.719643016747075	0.68694572004842	0.773754994559472	0.60865723635988	0.588310740756876	0.665311451398028	0.738229889131799	0.419790290808114	0.690043941558789	0.708928928049511	0.702225992588067	0.680790946593197	0.467198994338188	0.699422698942729	0.712482449089192	0.564677786439618	0.679091094926637	0.721444375048613	0.698374351351574	0.734180770026263	0.600495578812266	0.63318034006276	0.451129879403042	0.722888707649867	0.706098876214384	0.721805187431716	0.739707826354639	0.786627861066553	0.614467032944631	0.514530728765392	0.726149037073691	0.522306864915996	0.716053782227209	0.750136566770982	0.754650915675282	0.651811414798732	0.713195287898282	0.22855006266942	0.75088707853109	0.274309019417165	0.628449251272212	0.749761592239041	0.74304401236194	0.687633009355848	0.683861409212356	0.758054497110508	0.759952004248923	0.682836386058095	0.705745915023928	0.709638211560209	0.763761279522364	0.644680779629801
0.269415629695956	0.551286853518727	0.613546023325118	0.533924946246618	0.59125966061673	0.448655475913478	0.640183772061647	0.601396998075916	0.654096751757257	0.51350269568362	0.472130428500624	0.62188505646502	0.63318034006276	0.579551934916321	0.63922421625033	0.615081807313529	0.625002268282701	1	0.653769785129847	0.666976810858474	0.602600995668328	0.603203898064953	0.591851216005745	0.615389425115227	0.324165853708789	0.598397518034554	0.664314232322217	0.657704195267817	0.661331534380437	0.627507284047341	0.230155525672984	0.635718133626414	0.620952928151332	0.601096374738975	0.585376528696183	0.645648526427892	0.515045516845298	0.497330740684997	0.568076037717341	0.619712263373362	0.360594940173078	0.582165795398641	0.595710778900321	0.594223361998893	0.572638873025215	0.407383612741764	0.59125966061673	0.595710778900321	0.481668095823743	0.574646620589466	0.605016226893143	0.588604969678355	0.620022196981994	0.515303103995142	0.5433508690745	0.3953436074261	0.607441138390496	0.593926324583436	0.61018078309068	0.620952928151332	0.654423881908859	0.528348064179391	0.451355500743379	0.605318810646224	0.445525854037927	0.604713794394122	0.626566728714124	0.638585311539677	0.557663246319791	0.595710778900321	0.200688765766626	0.630337429877803	0.243777342752621	0.531261984467667	0.630022339941912	0.624377578411411	0.574359369098028	0.573498475875715	0.631283645506926	0.640503943983988	0.584206945611736	0.59779941961557	0.605318810646224	0.63667242636748	0.546074426639709
0.310832841014839	0.687633009355848	0.764525422809852	0.668646338926159	0.746395245035882	0.548537298866002	0.822834658056018	0.758433619131671	0.836524056877393	0.638585311539677	0.58303969935585	0.795328533505094	0.807348385022681	0.730884379003604	0.812613241773098	0.770280919615079	0.781922224925477	0.653769785129847	1	0.864157703184643	0.767589648867573	0.762235283468039	0.750136566770982	0.789385882301969	0.383851315728059	0.760712336355864	0.857272021011457	0.8470462341894	0.850016090225398	0.794533602503334	0.264477261299824	0.809774066881276	0.788596890981077	0.764907781102864	0.727966680774312	0.829858561951346	0.644358519811655	0.624689845260824	0.708574552186835	0.786234645448117	0.428699102036577	0.739338064889532	0.760332075260882	0.744903946341604	0.720723291275541	0.496088966697527	0.7456492228641	0.754273684533089	0.596008708766031	0.721083743026607	0.769126364368571	0.746768535973357	0.784271513771556	0.63318034006276	0.670990701353446	0.471422763739131	0.76682244288563	0.750511728837068	0.769511023707576	0.790966233891378	0.8419791731685	0.653769785129847	0.545255929026428	0.777244738068946	0.549086110524963	0.770280919615079	0.800515006750229	0.806944811731901	0.696282367841771	0.753519787859717	0.232468627161342	0.801315922147935	0.279850429190818	0.669984969788664	0.80412544166656	0.794533602503334	0.72723907795558	0.725423250990141	0.811395235643411	0.812613241773098	0.727966680774312	0.75163834117834	0.758812930761241	0.816686482598111	0.687976911828979
0.314585304860634	0.706452013929563	0.785448803788985	0.684887971055076	0.762235283468039	0.561299863623192	0.844508903386034	0.777633457609768	0.855987076928929	0.654751175666434	0.596605015578511	0.814647316411415	0.831104283852126	0.744903946341604	0.835687950943158	0.791361815895584	0.800915364334659	0.666976810858474	0.864157703184643	1	0.783879476032273	0.783879476032273	0.76682244288563	0.808560316321452	0.389263027741337	0.780750220810926	0.879853379144644	0.868489311697668	0.869793023204399	0.817912431553859	0.26713530196585	0.830273594981933	0.812613241773098	0.783487634262862	0.750136566770982	0.851717823571951	0.661993196690834	0.633497009393527	0.723611957922382	0.80211763886163	0.439551671473348	0.752766644706196	0.778022371558957	0.764525422809852	0.73454795219917	0.502077896006773	0.76299789999622	0.774141968792248	0.603203898064953	0.7363866194561	0.785448803788985	0.763379494336853	0.801716680290195	0.648560491804976	0.684545612666278	0.481908990090202	0.788596890981077	0.774916497961081	0.785841626388346	0.807752160150563	0.861569114898958	0.667644121268929	0.559059148586391	0.79692078229014	0.557942147662476	0.786627861066553	0.824069836195111	0.824894318203603	0.7082203534678	0.775691802046476	0.234335835051763	0.829858561951346	0.28578942944989	0.681472078048757	0.821190633312658	0.813833076282921	0.75088707853109	0.741559409435011	0.831104283852126	0.834852680696944	0.746395245035882	0.772981626313483	0.778022371558957	0.841558288811773	0.703983753855621
0.293170772046805	0.634447967948228	0.699073075006526	0.613852873042817	0.6831778896199	0.507631240260133	0.747889529312135	0.693502801209756	0.759572123224968	0.592147215607481	0.538482651094168	0.722888707649867	0.737492028234604	0.666976810858474	0.741559409435011	0.706452013929563	0.717846156216735	0.602600995668328	0.767589648867573	0.783879476032273	1	0.697676326071031	0.68249505320539	0.717487322854443	0.358079589589914	0.694196650877979	0.777633457609768	0.769126364368571	0.771823023043703	0.726512202375987	0.248950798108577	0.738229889131799	0.720363019705301	0.699422698942729	0.673680039248868	0.758054497110508	0.590964104681563	0.575221554629164	0.647264667078035	0.71533808635256	0.403935527157516	0.671326280591941	0.691771209598116	0.684545612666278	0.661000951265913	0.456347818660998	0.68591607389602	0.691079784158857	0.540640895309317	0.66001019309341	0.703280121976341	0.682153890976452	0.717128668863986	0.582456951079195	0.618474077445272	0.443303784570714	0.706098876214384	0.688320986296343	0.702928569810718	0.719643016747075	0.762235283468039	0.603203898064953	0.50661699236559	0.709283481144423	0.50661699236559	0.703631849961998	0.731249912568882	0.7363866194561	0.637947045414389	0.693849639312661	0.217947733396677	0.730519028159425	0.267670107196745	0.611402365832409	0.735282867547801	0.724335931806916	0.666976810858474	0.665311451398028	0.738229889131799	0.741559409435011	0.66831209932356	0.690734330637355	0.697327575103003	0.748263567578565	0.634130823257034
0.290253674125055	0.638266098693769	0.699073075006526	0.61754706176468	0.681131427179547	0.503586391306371	0.74714201360297	0.690043941558789	0.763379494336853	0.588604969678355	0.541181806615203	0.727966680774312	0.740447904158223	0.662986931600727	0.742301339747774	0.707158819287271	0.716411898639964	0.603203898064953	0.762235283468039	0.783879476032273	0.697676326071031	1	0.681812899285991	0.721083743026607	0.359155441329405	0.695586433499095	0.779969860835133	0.769895875424341	0.769511023707576	0.725786053308658	0.248205064873404	0.735282867547801	0.725423250990141	0.704335833745186	0.668980745690347	0.760332075260882	0.594520547970194	0.571780558612421	0.648560491804976	0.716053782227209	0.403128463435943	0.671326280591941	0.693156136482555	0.68523050066587	0.658362228424827	0.452259115057975	0.684545612666278	0.687633009355848	0.546074426639709	0.656718378522315	0.703280121976341	0.676718430678921	0.717128668863986	0.586548453287525	0.611096741062052	0.438454164749687	0.700472620235252	0.693156136482555	0.700122471469621	0.720363019705301	0.762235283468039	0.606227470186475	0.506110628597305	0.709993119385551	0.508139125400639	0.702225992588067	0.726875549306338	0.734915318009069	0.632863829027081	0.691079784158857	0.221020460566708	0.7363866194561	0.266335096967604	0.610791269065884	0.730884379003604	0.723611957922382	0.669650061037935	0.657375425369507	0.738968488258944	0.744531587465909	0.668980745690347	0.691425410450308	0.693849639312661	0.74378742802018	0.630337429877803
0.287653111145115	0.620642529293437	0.684545612666278	0.599295787845538	0.672334025632657	0.494108574256142	0.73454795219917	0.684545612666278	0.74378742802018	0.579841783339846	0.529405817708695	0.711414526557692	0.723611957922382	0.655078633111806	0.722527353642072	0.691771209598116	0.702928569810718	0.591851216005745	0.750136566770982	0.76682244288563	0.68249505320539	0.681812899285991	1	0.703983753855621	0.353808313427004	0.681131427179547	0.76299789999622	0.755405944042222	0.754273684533089	0.715695844827902	0.24256149818329	0.721444375048613	0.7082203534678	0.68694572004842	0.651811414798732	0.738599096370483	0.585669290144794	0.563831404704956	0.635082733245928	0.697676326071031	0.396333202923623	0.659350512795439	0.676718430678921	0.673006695937386	0.64661772593544	0.448207044690545	0.672334025632657	0.680110495928641	0.536333022612924	0.642428340968119	0.688665232843956	0.67065528986263	0.703631849961998	0.573211798313141	0.60683400087146	0.435395702702315	0.69211718168873	0.680110495928641	0.690389049799439	0.710348204709177	0.749386805147503	0.586548453287525	0.494602929967057	0.692463326808643	0.501576069066056	0.685573201584293	0.716053782227209	0.722527353642072	0.625314847555148	0.680110495928641	0.217077683722505	0.717487322854443	0.261322500585549	0.598696791605729	0.717846156216735	0.707158819287271	0.659020919944121	0.645648526427892	0.723611957922382	0.727602788414595	0.6524635522279	0.674354056240444	0.680790946593197	0.727602788414595	0.617238365414316
0.294051604951678	0.647912255485351	0.719643016747075	0.635082733245928	0.703280121976341	0.521002728603334	0.773754994559472	0.717487322854443	0.784271513771556	0.609570907296309	0.555437048698018	0.7456492228641	0.759192432094049	0.686602333042301	0.766439127501019	0.723611957922382	0.735282867547801	0.615389425115227	0.789385882301969	0.808560316321452	0.717487322854443	0.721083743026607	0.703983753855621	1	0.363854942640754	0.720363019705301	0.804527604919828	0.794930968637841	0.794533602503334	0.748637792910891	0.25601992640813	0.756918267749906	0.74304401236194	0.722888707649867	0.687289278790972	0.7795799733847	0.611402365832409	0.589193869048644	0.670320046035639	0.735650600907253	0.415405552913282	0.692463326808643	0.715695844827902	0.706805328257749	0.677734270013971	0.462781619644061	0.707512487106502	0.709993119385551	0.564395518119358	0.681472078048757	0.720363019705301	0.699422698942729	0.739707826354639	0.603807403665526	0.63603607217124	0.449104355791924	0.727602788414595	0.709283481144423	0.719283285179088	0.744531587465909	0.787808688257141	0.612932783972572	0.513759511229998	0.732347610505369	0.519442062587048	0.722888707649867	0.750511728837068	0.756539903215047	0.655406254326841	0.711414526557692	0.225485370043486	0.756539903215047	0.266868300187024	0.627507284047341	0.756918267749906	0.7456492228641	0.690734330637355	0.690389049799439	0.762235283468039	0.762616496405065	0.686602333042301	0.713195287898282	0.716411898639964	0.771051585803566	0.648884853134453
0.188435406859301	0.336216493706733	0.360594940173078	0.32758752752369	0.357006960569147	0.278593931499603	0.380031931320964	0.359155441329405	0.383659438043613	0.316636769379053	0.292585016453557	0.367328035667202	0.372879488005405	0.348889509010153	0.379462310746218	0.361497555322336	0.369538629029516	0.324165853708789	0.383851315728059	0.389263027741337	0.358079589589914	0.359155441329405	0.353808313427004	0.363854942640754	1	0.355581784978286	0.389263027741337	0.38231897718535	0.38712795791294	0.372879488005405	0.167210797845682	0.380412153331605	0.374935975345561	0.360775282725046	0.34680243942605	0.381745928613447	0.318861002498346	0.30912795312868	0.336889599575647	0.370093352911961	0.240147970950315	0.350112761735221	0.354339424130589	0.35416229870357	0.340956628137702	0.264609532995642	0.35345468195878	0.356471851560383	0.303006809538765	0.342837056028917	0.358796465405952	0.354693940783503	0.364765717992183	0.314585304860634	0.33303756085575	0.252208286280946	0.361316851724339	0.356115557885351	0.360414687769848	0.369723444544059	0.38231897718535	0.323518169901074	0.284221902239217	0.3618592336867	0.282804339587904	0.360414687769848	0.367144417557721	0.371948453563358	0.337058086493654	0.355404038526113	0.15251382977459	0.371576691022046	0.175520400616997	0.326279794623039	0.371762525822385	0.369908352489465	0.345763591159308	0.340445576579986	0.373625993237814	0.376062472171965	0.346109527689904	0.358079589589914	0.36440113459627	0.37456122677573	0.332372151365332
0.292877747811295	0.630022339941912	0.696282367841771	0.613852873042817	0.678412343264104	0.502580225025428	0.744903946341604	0.691425410450308	0.758812930761241	0.587428936164523	0.536333022612924	0.72000292822582	0.731615628946642	0.666310167424886	0.7363866194561	0.707158819287271	0.712838779388888	0.598397518034554	0.760712336355864	0.780750220810926	0.694196650877979	0.695586433499095	0.681131427179547	0.720363019705301	0.355581784978286	1	0.776079744925137	0.769895875424341	0.767973539656706	0.725060630027441	0.24746156548549	0.733080324411768	0.721083743026607	0.698723625838595	0.665644190301521	0.751262615946886	0.594520547970194	0.571209063848815	0.647264667078035	0.713195287898282	0.399916301507681	0.67065528986263	0.693156136482555	0.68591607389602	0.655734039393442	0.460473486686842	0.679770525680321	0.689699005829128	0.548263098772305	0.659350512795439	0.701173443208572	0.682153890976452	0.714265883576151	0.578972672660804	0.615389425115227	0.438015929738962	0.696282367841771	0.684887971055076	0.700122471469621	0.71533808635256	0.764525422809852	0.601998695872749	0.502580225025428	0.707158819287271	0.507123862750909	0.698723625838595	0.726149037073691	0.740077772746708	0.63667242636748	0.693849639312661	0.223688683411983	0.730519028159425	0.264741870843845	0.605318810646224	0.730884379003604	0.719283285179088	0.666976810858474	0.656718378522315	0.738229889131799	0.746768535973357	0.669650061037935	0.684545612666278	0.693849639312661	0.74304401236194	0.629078014852877
