1	0.147817038639977	0.190159898771918	0.268086673587828	0.216769915406895	0.117895986401817	0.214443344419084	0.203153400671332	0.304082133106106	0.288673427618503	0.290059035612274	0.235166019159087	0.23696676596119	0.219624508666196	0.194133797185731	0.362086175238387	0.183519131774069	0.164854593613224	0.189241740202636	0.298296580902036	0.254869994432624	0.193445949922733	0.130702481216199	0.183203365585628	0.285845154446603	0.171386645678186	0.169388544247067	0.25653084603974	0.204651925864228	0.180072504028739	0.215037381948745	0.246190569412926	0.255679274285332	0.186746820588551	0.225063587255903	0.146028890065836	0.151143870706113	0.14914325619428	0.206098409341281	0.170275935868452	0.190676101795967	0.242113210839548	0.187596075060946	0.228074320893919	0.185635280736504	0.182253136956452	0.202374896660753	0.204938250969797	0.22354191804164	0.204522936308492	0.174355838369382	0.293408449047126	0.202845601811349	0.271254580467188	0.197582071331257	0.142302426533804	0.263160294291654	0.308438933604309	0.220110335189884	0.209609216317422	0.201036825929471	0.225122566168938	0.194183984576482	0.227726908818477	0.230671887719288	0.249186731594052	0.244698447590209	0.195259459246741	0.197657042340973	0.3468474934665	0.245580808622899	0.119297104906527	0.203381518188216	0.379962270634957	0.33347935607063	0.261279885312286	0.170997150682954	0.209321641884967	0.308517150021837	0.207669865339566	0.214251953168902	0.52963698032498	0.240753836708548	0.112634623158693	0.101402671080604
0.147817038639977	1	0.32625682517005	0.174127976306622	0.280745924855913	0.494948236241255	0.212867409735235	0.195112918505858	0.172361285695466	0.166825108036248	0.203321921131556	0.327011284280334	0.1110781049701	0.208568889344463	0.379744065681688	0.192688969252899	0.303344584608345	0.300173999567437	0.304119600884832	0.163022202832289	0.173122001314592	0.196749160440395	0.439146878981201	0.186755195202873	0.12694698455649	0.225334101126971	0.257493474779988	0.170066322388403	0.266398782687653	0.267791519715391	0.271149339879036	0.298461465837586	0.133569647179572	0.238355051652619	0.161590766405919	0.516684045189808	0.471072940129413	0.453993646749189	0.18765435843239	0.252993496204914	0.144066373746035	0.260082782553512	0.22108026076992	0.18305887958383	0.20761124337397	0.237043313007473	0.205479974110435	0.236502670351221	0.239576402911121	0.14334288265203	0.168753432572538	0.160539424297978	0.198564252887818	0.185010768531719	0.185364191763284	0.292830635890299	0.204549915444954	0.17915366845178	0.172485311743372	0.226185530731838	0.25925654594438	0.221980834738023	0.328577059220169	0.206110615472575	0.266599781648041	0.218725983933703	0.288341583069438	0.264516414461681	0.169557005206486	0.208035700604901	0.187420858400906	0.392533193896942	0.198547438600627	0.394734473795153	0.160367358653529	0.172230923333754	0.420610835562234	0.240969773759968	0.156388917228255	0.148149146408239	0.218940325686617	0.146212535360501	0.253043960379762	0.156022337879179	0.0986394071674041
0.190159898771918	0.32625682517005	1	0.232278843805331	0.255424661448526	0.267727438472285	0.255195837770912	0.17929348182797	0.190291587209664	0.212450947015597	0.284009640997027	0.278085230097428	0.15741938115698	0.186042882900699	0.413712122936288	0.277448970185123	0.297582478622174	0.239672549046828	0.322015834843065	0.238970925373863	0.19004053964158	0.185927683746775	0.305786318245189	0.195390163936801	0.204699924615766	0.255970553996012	0.254007674560486	0.213644076893443	0.238912316085221	0.241275490815294	0.265926434834247	0.278643529360829	0.174260231092346	0.215761186028294	0.20757571592826	0.313319733895754	0.26036178936875	0.310336358556538	0.180631898846901	0.209048663749848	0.149258422424194	0.261146868558789	0.228983572510641	0.208817565683191	0.249361077989116	0.274935067865451	0.20810942087442	0.186313175642256	0.222378870712795	0.142910524296457	0.147332126675676	0.203803644329159	0.200246125456319	0.199644206883753	0.145109085930137	0.239933955873062	0.170089457886605	0.248304416240218	0.17996241160564	0.20204095128737	0.240861643389376	0.214159199946553	0.292314496108107	0.185134483957133	0.228676756594966	0.218261803339687	0.235547639023226	0.220820715577237	0.15949509104754	0.277256250099217	0.230485580661469	0.225949408183203	0.163013043223982	0.400177674107224	0.21251473226749	0.186660088541849	0.262241781868136	0.188369981205675	0.174183931248916	0.169080638548887	0.243852456486567	0.166584551353521	0.279744499090336	0.141244411507864	0.12151084310024
0.268086673587828	0.174127976306622	0.232278843805332	1	0.222242378932647	0.149679039586256	0.341048347602371	0.268492903420617	0.365659549094078	0.335532500194914	0.445287464961739	0.343192996102785	0.506352429801374	0.211974003116931	0.183727324118734	0.420006082486598	0.287786694484753	0.278397524194828	0.170502062512675	0.316204870332468	0.410350872368439	0.25017413770761	0.202080020466539	0.327838552211012	0.374513532167156	0.304813394969607	0.231044150631001	0.44019764725152	0.350843092761688	0.204817932453477	0.361197762433216	0.304046150067761	0.419638829337502	0.334488680937506	0.346099970198087	0.17690437864036	0.213015874278143	0.225852611323431	0.255449095243563	0.182090160223625	0.29079331244311	0.342396727975863	0.239001772991672	0.208621209485881	0.295819629431399	0.199570524544417	0.350434293467654	0.289405012670788	0.202922534880632	0.277758507434066	0.191124828145594	0.397531502782945	0.266064091944573	0.29397279988234	0.206001902149398	0.173904548921508	0.273315894321971	0.308100080876209	0.224021648985473	0.243547913519094	0.335643933551047	0.319353934499811	0.271696007136875	0.278079638941652	0.246039073504734	0.278413541739573	0.254442747682754	0.261125267141234	0.314327801237917	0.295236165979396	0.356191520813112	0.11592324761245	0.253146985798766	0.42075393881934	0.32021955921152	0.403273270345091	0.249695953037206	0.297069286708286	0.222022536090947	0.269141934801945	0.295628104912933	0.300187765489016	0.337135684504612	0.106707294467701	0.171561733798245
0.216769915406895	0.280745924855913	0.255424661448526	0.222242378932647	1	0.223759207781091	0.19148669751152	0.22063484159872	0.2439168989637	0.250886083074163	0.287926126689045	0.381464994127931	0.153757825564768	0.236134327997681	0.218073277093098	0.266543050120678	0.409151642325921	0.292028563613432	0.228384874089946	0.244756421398823	0.254637127840875	0.180309972426385	0.218654997522949	0.196945400274381	0.171682355441936	0.266826234293413	0.384834831639223	0.192858018159618	0.435439361185313	0.351337483304478	0.386078385438357	0.250851002771119	0.19846743892747	0.231729138564912	0.238421985308132	0.244835170622815	0.258826132076724	0.270728342087162	0.177819318868422	0.188436842744224	0.166082807043545	0.344882815203427	0.197782211086211	0.168572698378284	0.229761683643574	0.218229537390579	0.258293917125693	0.255688299918428	0.238157114856018	0.171230177088613	0.174894202492014	0.214532934767895	0.189984459932389	0.220980050185822	0.175329824614199	0.16030993503633	0.303699764126819	0.254610662178255	0.235706909082811	0.316598113579836	0.287759227844146	0.275106220191564	0.357158274419534	0.239274905946323	0.275787255440308	0.339333696452842	0.37296799987121	0.245207772412718	0.164919345505655	0.315319838387599	0.28244562947322	0.220406738036077	0.201810277253721	0.401898647757302	0.207561352570928	0.281098427824292	0.311456464861737	0.246940483964467	0.268331103866032	0.143760921650984	0.213728264819066	0.21274979776866	0.28637565184841	0.710038348773884	0.0987190551354061
0.117895986401817	0.494948236241255	0.267727438472285	0.149679039586256	0.223759207781091	1	0.170827592190153	0.144044923094912	0.134332982058922	0.12462737667086	0.158204840728395	0.275115878333117	0.0994589301773412	0.150768171214773	0.343392658663464	0.154110852309345	0.266180469787891	0.260190419933885	0.285001949887952	0.137136959200325	0.145892746009734	0.173982745473669	0.369260721793889	0.158437530050653	0.107064927884941	0.200281217132985	0.23365382316848	0.155693291117666	0.239015412254554	0.228818267529644	0.243154511342314	0.290518391990113	0.104563575343395	0.197039409502636	0.122562398450309	0.441687579519987	0.410492844024582	0.370785923676047	0.153652837811282	0.208610558354444	0.115776245575418	0.209934610720199	0.192550983919086	0.148715737603669	0.160520265988374	0.202325449478188	0.157560652546996	0.190070828563873	0.185335787726572	0.109848691094882	0.127012157537733	0.12134510613501	0.163322911743883	0.15135618740156	0.14280015276423	0.32861672177399	0.148594346030591	0.137306561645035	0.11796716999537	0.158015827100799	0.201225894351822	0.187766215449813	0.249678399656898	0.140634230186814	0.195356270880497	0.164538104235537	0.221021267994623	0.218663468153265	0.136398628291728	0.165851293540943	0.150232967684158	0.33987097243248	0.158584722347697	0.338073337773174	0.132491027788791	0.130925012588388	0.379873699042998	0.17797034130693	0.113213884034173	0.108691321338249	0.197259747370365	0.119868275568481	0.208185466184159	0.120596074492378	0.0881475089542713
0.214443344419084	0.212867409735235	0.255195837770912	0.341048347602371	0.19148669751152	0.170827592190153	1	0.402642012003481	0.226559290664004	0.227954126313141	0.285578826341586	0.328513628866872	0.238896314622481	0.29260071304178	0.237613588495159	0.263892475227196	0.246067875450942	0.216776838290418	0.179956346377504	0.222692491563933	0.239961406442432	0.425857718912444	0.207461160216598	0.437340895095469	0.237935357473752	0.278364492018403	0.209410956369551	0.305876556147828	0.238049745322242	0.221833840046776	0.257836651906268	0.229818865544513	0.225333385442134	0.274965576689154	0.257749059543691	0.211895736612629	0.218260509867894	0.208024358233628	0.373687602570313	0.361682835948123	0.438418718439161	0.270180271343075	0.472507627527718	0.357989547210099	0.219224852297713	0.302962786270025	0.246442212993382	0.250081213732896	0.342046441428231	0.237827987147901	0.330841583196837	0.304289506165188	0.46622970243311	0.26646421004804	0.321621931665946	0.191084724449494	0.194294674388937	0.232173398060937	0.231196376982415	0.20992104516855	0.251507699993671	0.218529136405538	0.23271625924326	0.249586383638805	0.292428272779144	0.216019327313698	0.191916033101579	0.269476844932914	0.322543477946314	0.270764911608862	0.220719622401095	0.149861927418616	0.388940882210048	0.412765471511553	0.258543669092658	0.240666688979656	0.233184729508207	0.297310221553932	0.175453905292727	0.287073490026788	0.270370371086377	0.217510458183144	0.341345435734338	0.0934465488276196	0.286186482948703
0.203153400671332	0.195112918505858	0.17929348182797	0.268492903420617	0.22063484159872	0.144044923094912	0.402642012003481	1	0.24996262192708	0.211720699684027	0.243702375483422	0.358371636942118	0.192400431270917	0.318774599285032	0.174321636366378	0.232824917061754	0.214647990394532	0.212188853674821	0.137453659666634	0.168849587536901	0.233544614798406	0.339997945458706	0.170588329679079	0.38292365279369	0.18146395738152	0.217514591954412	0.177985047945319	0.241815189619267	0.24952938226874	0.214298353342008	0.222271448728201	0.182222515376485	0.243503587867633	0.244735970862415	0.228605983656467	0.186924723655625	0.212381271071712	0.196150713175401	0.325008850565463	0.293068037422592	0.408924550081157	0.264040978885631	0.366533648222427	0.291669438464479	0.211627660415525	0.221299087150644	0.262827704978411	0.305938618301121	0.329754645546739	0.242823803789571	0.367951689491675	0.283945743932001	0.367224602656197	0.250542077678427	0.359170862843581	0.146044585122841	0.25635920074166	0.197120880786625	0.263511730292746	0.252378030381173	0.234590171877793	0.232758611068998	0.23185245062858	0.315000055782898	0.286942331643324	0.238491514590823	0.219491232863964	0.23800333179618	0.25762453583713	0.221239028586737	0.225531594302864	0.158951129075832	0.417746388882029	0.396635967760401	0.204625685153616	0.271685614357856	0.256163606396073	0.38922924235706	0.211935227440159	0.264969705416956	0.22552929666869	0.233827398883347	0.275263277475422	0.1116310687884	0.18254058494054
0.304082133106106	0.172361285695466	0.190291587209664	0.365659549094078	0.2439168989637	0.134332982058922	0.226559290664004	0.24996262192708	1	0.338288183003698	0.313541723056896	0.288296312708581	0.312184946107025	0.250172768534089	0.183745609372864	0.402393600251515	0.231832926102819	0.237608811188687	0.17880738635701	0.317605600101077	0.403303879794966	0.222525668334852	0.16347727172242	0.233969457652359	0.286598058655795	0.224267955900914	0.207731150527148	0.304243388580807	0.295098430131785	0.210782653625823	0.284462691845218	0.272034646555862	0.317160427705651	0.275776708772222	0.300731156378821	0.160464254427594	0.187494607222265	0.19566185178162	0.264939651553349	0.180223509305206	0.218571172215788	0.382992081777032	0.210147125855742	0.200416075147505	0.244260435057735	0.176620126183623	0.294434986850446	0.327434611710391	0.218719775734603	0.348883559961958	0.195397548794203	0.357003747395172	0.20691642251072	0.295893280473966	0.231658954443426	0.155388532533234	0.327370413742122	0.28153627053704	0.230401115039442	0.260284503360131	0.290854258657502	0.30018383798541	0.260920579750738	0.29117127866179	0.224345515420223	0.323545355843117	0.295701876272608	0.211671701387673	0.236813147342219	0.295636627295155	0.309967656330737	0.119910713225764	0.230101430615076	0.410455921810114	0.361349255459724	0.324218132732012	0.222507849566248	0.283211428623338	0.327148365156223	0.24667254262092	0.296646149457778	0.32812220814338	0.308817822937124	0.128831573242078	0.111268517507206
0.288673427618503	0.166825108036248	0.212450947015597	0.335532500194914	0.250886083074163	0.12462737667086	0.227954126313141	0.211720699684027	0.338288183003698	1	0.37194917186885	0.273962111345553	0.261247834155489	0.222451133509795	0.180593644361442	0.331817696209197	0.242667556345443	0.218809465805311	0.155435580435776	0.331039409615282	0.323022200197407	0.204422853531386	0.167875732666263	0.224432724187059	0.268059217566107	0.236711303901676	0.212874935083962	0.301203914256372	0.283960221273529	0.187145256249139	0.286015886557782	0.242694585620986	0.264071206490896	0.257443552737586	0.299952944022893	0.161952142629979	0.171250909830561	0.19450556729374	0.204442022152719	0.150786643235682	0.216353286575865	0.310677140956112	0.202782790847147	0.187980107708392	0.222143429795078	0.191770789199659	0.282178011523191	0.251233555545614	0.205599716259654	0.249058811327201	0.163437891837755	0.30710654712819	0.194008382544714	0.212743136094571	0.180446152909795	0.125587995276659	0.272594325627157	0.291112854166129	0.238819400321527	0.254149341011574	0.265445639628406	0.26210938152739	0.250331717331193	0.260987990056789	0.251517523297364	0.318606776981293	0.271708705435263	0.217605309121493	0.207991603334599	0.342613557920007	0.296089758163342	0.117916762466783	0.188072609420313	0.382089500273229	0.323374795320079	0.295853514993136	0.200996124560482	0.259443833037647	0.287325998873252	0.219621987751445	0.228126809166803	0.279781952448551	0.313082843571095	0.133084410009457	0.119242459728834
0.290059035612274	0.203321921131556	0.284009640997027	0.445287464961739	0.287926126689045	0.158204840728395	0.285578826341586	0.243702375483422	0.313541723056896	0.37194917186885	1	0.367463798942001	0.305580389144955	0.244247254302153	0.201321795154389	0.413902781885876	0.266535615485224	0.276879660432605	0.191276639955864	0.384983816316018	0.341727880571296	0.222744136679418	0.200148883836656	0.248624719697308	0.344713937708415	0.292199972405135	0.226269059794899	0.343432291731184	0.328615567816059	0.229889606435836	0.320212440098789	0.295211490719328	0.344658051170218	0.293167494262497	0.322847367928546	0.202295345110573	0.210287404560781	0.217150394675166	0.217512440126987	0.170938620646007	0.243669610337778	0.323254112406644	0.223588055148518	0.218923928321161	0.290309478873477	0.226669962496655	0.321786566195851	0.256304784377267	0.251829908318504	0.230083697163355	0.20259389786791	0.354820925034869	0.242758169796376	0.254501607276395	0.188166964550482	0.139538376028255	0.288257208868861	0.390210816677442	0.263093786057916	0.272074869113796	0.303261325443658	0.290997220760016	0.282825162928192	0.271637752138088	0.312691283895968	0.307647254449499	0.295146445936484	0.255787020458298	0.243806534487068	0.411522496422707	0.391866501442654	0.137992583500991	0.230273751537033	0.408236560083991	0.341571708891473	0.424265601168581	0.236956029358051	0.262987262145814	0.281108128752298	0.239359751998857	0.254162321823433	0.300591622151938	0.333152705849069	0.153959213125834	0.127449466177474
0.235166019159087	0.327011284280334	0.278085230097428	0.343192996102785	0.381464994127931	0.275115878333117	0.328513628866872	0.358371636942118	0.288296312708581	0.273962111345553	0.367463798942001	1	0.220702008428729	0.335663573025707	0.260438895319735	0.288133640039331	0.387799255946131	0.338356744191174	0.219612630400772	0.248144531680134	0.294950102471147	0.302256616122272	0.272290636062162	0.31198005406903	0.206643291971629	0.332612691373391	0.322485814088712	0.294666858178994	0.446004707209705	0.3624269583038	0.379290120460701	0.294153952516816	0.268321428734066	0.373989036801276	0.283323166372245	0.311185422160854	0.340805438994015	0.318254182827593	0.281145891810773	0.270168668909538	0.285824583244671	0.371533685856939	0.318849353515967	0.25418981509753	0.273381481749459	0.274369029566191	0.346641044006849	0.41710734715119	0.347198581351996	0.275436150614941	0.322879928537475	0.292587621200116	0.303688061834934	0.287078360553484	0.295059213291571	0.21252499247846	0.329100648547539	0.249186445087441	0.306237655490743	0.334984409783884	0.369258400297357	0.338389571013122	0.372010477620588	0.370554298592621	0.364850870028233	0.311370306364652	0.345523792294228	0.31154471012324	0.272001324323916	0.296229078258741	0.349183229820582	0.254746579681912	0.328779850286767	0.530130564370493	0.263967009063079	0.354342625197086	0.424901888211837	0.422785832109787	0.264676251958174	0.265521938904363	0.316161876601915	0.275800408217773	0.350571035439449	0.202155380960011	0.152757177458286
0.23696676596119	0.1110781049701	0.15741938115698	0.506352429801374	0.153757825564768	0.0994589301773412	0.238896314622481	0.192400431270917	0.312184946107025	0.261247834155489	0.305580389144955	0.220702008428729	1	0.153490518857366	0.146042136345167	0.362256834754394	0.189464166007821	0.193248617167871	0.136526416764629	0.274286143582102	0.372772997954352	0.204668478247612	0.144052069817895	0.279554299298665	0.366468518649395	0.200707067453243	0.158953107976453	0.385522744373274	0.24587639041464	0.125060983349094	0.25719892120085	0.238806771543673	0.423982902567835	0.22455314654085	0.275606226830088	0.113592920690806	0.141796636971649	0.151579648736955	0.216250586346157	0.137088624302056	0.226027668832416	0.251125183293806	0.176272896252657	0.171807246333539	0.211455609198626	0.145428328806823	0.249086032716695	0.200010760401696	0.133768838698442	0.204191562742718	0.134481749300082	0.342172755179505	0.199118395326811	0.268190356876832	0.170070651495701	0.134871630576432	0.21656450080084	0.246959503022015	0.151848080224866	0.156160365329248	0.229926401330902	0.237912672120559	0.183742753197577	0.195739915846052	0.176580673862837	0.206456386660261	0.179361667334864	0.193545506996871	0.277897865377201	0.237115897592963	0.281826886190893	0.0739338253860538	0.194977908943787	0.351550149877474	0.258254439793313	0.308078759669632	0.169077482172033	0.206553376382108	0.176503351056098	0.183216984403695	0.223092804274087	0.263659634989362	0.263941384679345	0.0703542269560455	0.121146803936332
0.219624508666196	0.208568889344463	0.186042882900699	0.211974003116931	0.236134327997681	0.150768171214773	0.29260071304178	0.318774599285032	0.250172768534089	0.222451133509795	0.244247254302153	0.335663573025707	0.153490518857366	1	0.188784597487145	0.239672573691395	0.204153347070681	0.20158472069923	0.155752278069977	0.213583074503493	0.234981571744239	0.292969406186254	0.163572424653198	0.26730473553105	0.174093021260531	0.20352057469041	0.182790551325186	0.217692899808694	0.234409015223903	0.224985557975541	0.214444394378944	0.180839750433576	0.216152306439413	0.221486162153546	0.253856070772144	0.195679128997134	0.202385649398383	0.188894316865644	0.287372185106446	0.250365839191236	0.28224729395863	0.264524381925755	0.276111624964762	0.279322580788441	0.180123301814904	0.294856001363879	0.274005824793049	0.383565957946963	0.439003089203122	0.29976117923412	0.351019841389007	0.308734581187619	0.291601304985252	0.281841892276941	0.290094275594496	0.125477585498237	0.25201479270108	0.216085762675718	0.304155445170076	0.293743549374107	0.260859966559064	0.236843555972756	0.237482113025916	0.326312413108636	0.330143712811605	0.253834435119781	0.225910074740541	0.251089495495176	0.20298752064346	0.273595451586703	0.229493259696402	0.16459656090608	0.337375886774533	0.384090959303785	0.260878738646206	0.249469398990802	0.233323677788736	0.319532829918348	0.231558945396624	0.22160954338755	0.265754985924704	0.251087857518465	0.361827578625324	0.121631947202182	0.119887949827744
0.194133797185731	0.379744065681688	0.413712122936288	0.183727324118734	0.218073277093098	0.343392658663464	0.237613588495159	0.174321636366378	0.183745609372864	0.180593644361442	0.201321795154389	0.260438895319735	0.146042136345167	0.188784597487145	1	0.235433970596436	0.248045252987582	0.200888692353749	0.410903452409236	0.198052522043779	0.169509814461502	0.203777454449324	0.302541604642487	0.186859627715626	0.179936642073834	0.19602888260706	0.231269252579755	0.200335796876478	0.199644743059921	0.219419913299896	0.223313748458287	0.275684826881987	0.15413044010809	0.184222799155062	0.171152745907257	0.385755308860238	0.292895181704429	0.293765627759449	0.202433057401503	0.25996458612663	0.142568655720139	0.226438373572296	0.235516638348774	0.248466948070267	0.190265275090737	0.257251624200784	0.157784361063483	0.172946780766497	0.230429053387322	0.135761116235396	0.165000242234071	0.176550206201113	0.210758313047404	0.20573897973542	0.175315901483751	0.313144905098661	0.16813726583265	0.209793665975339	0.160180897802792	0.171627068545206	0.197725593280252	0.183372759705509	0.243327749008196	0.181593843647231	0.223048835195951	0.197290996667953	0.22413636857791	0.219551991120583	0.17129858547949	0.262806776678067	0.184430581934566	0.293957679177276	0.182404377784821	0.422721025008285	0.203391641569746	0.153384383910982	0.282368145248858	0.184651810067136	0.164591626096551	0.163312838995645	0.211816010271496	0.17655694530472	0.24393940112022	0.113504047349898	0.111832865876931
0.362086175238387	0.192688969252899	0.277448970185123	0.420006082486598	0.266543050120678	0.154110852309345	0.263892475227196	0.232824917061754	0.402393600251515	0.331817696209197	0.413902781885876	0.288133640039331	0.362256834754394	0.239672573691395	0.235433970596436	1	0.262450903651473	0.233697945505096	0.273650650007939	0.420190224868474	0.351238817608753	0.213131018692116	0.177828504852914	0.222325946502733	0.476363168309412	0.232864499052976	0.218894638393639	0.306869224155285	0.262151819050136	0.250737184695206	0.29342030924662	0.314517314421374	0.392030466470815	0.252244259353028	0.323709926910366	0.184043482139306	0.18721518130059	0.200112303889389	0.221194936290654	0.188347877348602	0.216670523550429	0.338623377843635	0.214113807325316	0.25222296677354	0.248072913165784	0.232978151590947	0.269244814798253	0.24153568232817	0.240624781941873	0.240346490373338	0.183484774355908	0.364341826969011	0.228724939260944	0.304410610463616	0.207195261758829	0.169544042259175	0.296714859566343	0.423594853114007	0.246636489152604	0.266441872281641	0.278810725283534	0.310089838266425	0.262044019381549	0.267557919006338	0.276107989310771	0.299853341317	0.294551505867223	0.23894265751515	0.227699764401953	0.408599560667935	0.370528655397483	0.142129584656154	0.221534046203704	0.459638169461173	0.355441491882031	0.351030730910917	0.222698130123987	0.233104313462709	0.325922446836858	0.235891830624986	0.277879827644157	0.368108288475245	0.294219509446787	0.140774880099881	0.110755072197995
0.183519131774069	0.303344584608345	0.297582478622174	0.287786694484753	0.409151642325921	0.266180469787891	0.246067875450942	0.214647990394532	0.231832926102819	0.242667556345443	0.266535615485224	0.387799255946131	0.189464166007821	0.204153347070681	0.248045252987582	0.262450903651473	1	0.325671224284608	0.237434169978536	0.238070404562305	0.291687251987349	0.209383340248537	0.287641074484443	0.254259356052503	0.171401902298762	0.319248296415657	0.44652650441698	0.227646936160601	0.474009909049051	0.407100021744554	0.489407304827196	0.281408764418409	0.168029245103223	0.286506589274954	0.232906684615936	0.244278954130101	0.273604511259812	0.311378568467597	0.201627563054721	0.225790486002663	0.179549491361832	0.368712115334158	0.234232514834844	0.171080540775824	0.226600981214119	0.259839407715749	0.25999973285531	0.265042367279722	0.218410142882848	0.168116786191612	0.144997847845446	0.235459557129783	0.206061040898769	0.226229625552155	0.17788599739017	0.205392343510038	0.217695450566861	0.211821811724896	0.174283235979617	0.242917247844336	0.306786240656966	0.289431241308902	0.358343847703802	0.192269915391765	0.233348300084684	0.267343816939776	0.314346530378273	0.257972831063679	0.191640115805991	0.268035089161325	0.275365112577992	0.208205654865209	0.200281729694641	0.393351048195573	0.211801349338645	0.251429511164417	0.339081653202341	0.251604501279577	0.192430135587903	0.158797659205621	0.255675128227058	0.184098042254332	0.339349932750503	0.248983181150862	0.143239212257682
0.164854593613224	0.300173999567437	0.239672549046828	0.278397524194828	0.292028563613432	0.260190419933885	0.216776838290418	0.212188853674821	0.237608811188687	0.218809465805311	0.276879660432605	0.338356744191174	0.193248617167871	0.20158472069923	0.200888692353749	0.233697945505096	0.325671224284608	1	0.185822933583815	0.213356299210507	0.301289631815156	0.234593877070316	0.304909139705078	0.258760166525077	0.165605082016439	0.296449430671849	0.310186536507127	0.265872252167702	0.394566145465172	0.255444847405268	0.387685511221605	0.296624329224577	0.184705144100423	0.315352502135976	0.234808036763011	0.249646135147184	0.307051057045012	0.340476164266748	0.211265225017307	0.192365038270868	0.197908135468906	0.353496668163775	0.217911495497625	0.163310716296962	0.250547442108657	0.208846485262304	0.305100948894817	0.294277298649989	0.206133028213978	0.194451413127551	0.1509615137408	0.226240943130609	0.20356644922977	0.211336924757319	0.178205603971165	0.196344721619836	0.233597794059081	0.19361359249172	0.171518201438768	0.278129432386716	0.323740029807552	0.32263238871288	0.35517130212731	0.206523920171462	0.251700321357432	0.292353026731887	0.310588500394581	0.308514662531164	0.211101120120085	0.229352929632563	0.253695088222055	0.189976930861228	0.217887636022354	0.364262835799254	0.198343601231784	0.270847422758561	0.375001133763749	0.248404898172183	0.170152973372289	0.163780327820007	0.286697084900169	0.176499397448866	0.34163164608248	0.165135246451497	0.122203478163829
0.189241740202636	0.304119600884832	0.322015834843065	0.170502062512675	0.228384874089946	0.285001949887952	0.179956346377504	0.137453659666634	0.17880738635701	0.155435580435776	0.191276639955864	0.219612630400772	0.136526416764629	0.155752278069977	0.410903452409236	0.273650650007939	0.237434169978536	0.185822933583815	1	0.232425418202378	0.162722984262373	0.149979432919899	0.224789555226638	0.134783784695995	0.18551348292353	0.141828429883662	0.204408601941868	0.147877310647828	0.180051372307842	0.204540675471668	0.202842296056929	0.282311700231234	0.142060137434447	0.139912118878499	0.136745553167015	0.277263126994466	0.229068320481703	0.230332795895896	0.146779070220832	0.216729245793493	0.105519103583939	0.222116373887142	0.175145681368745	0.195592735386864	0.15717071478913	0.21413990573575	0.137513841093099	0.145265869156084	0.185283879984385	0.109148466259594	0.120834950665959	0.14378731379436	0.156272527405286	0.187898542988175	0.141243511586283	0.260778218710046	0.176397147636648	0.246547940650172	0.131787631828916	0.17328421675433	0.17652109825054	0.183313137391626	0.231922561901267	0.149374655847696	0.194255791424082	0.189225655391068	0.246720074014275	0.192014366626056	0.128774229889425	0.256808868658466	0.190119287817324	0.232414785271018	0.14420584736532	0.353478445279179	0.180090030757377	0.149455601154208	0.239059736165492	0.143226508789063	0.180401379960588	0.11402743522056	0.176458495703073	0.182045770465914	0.201200256804244	0.129180543620664	0.0757386842071861
0.298296580902036	0.163022202832289	0.238970925373863	0.316204870332468	0.244756421398823	0.137136959200325	0.222692491563933	0.168849587536901	0.317605600101077	0.331039409615282	0.384983816316018	0.248144531680134	0.274286143582102	0.213583074503493	0.198052522043779	0.420190224868474	0.238070404562305	0.213356299210507	0.232425418202378	1	0.325127028790579	0.18246333501649	0.170909952635958	0.191224729514502	0.327917719547405	0.206822020379016	0.201251802135654	0.267786651104908	0.248113814597515	0.214167991758468	0.299928676305828	0.289845943451181	0.243308176553683	0.208849508760787	0.244025212194515	0.148480733222193	0.159498830007861	0.168465808357054	0.168408165116364	0.156378763796714	0.175913234865668	0.323387049091982	0.1727554411676	0.201257366561604	0.175452438762781	0.234910694411954	0.251007181533313	0.204893025560058	0.216190929729654	0.197849050120678	0.13724543627053	0.316642056052963	0.195047730216784	0.255882326243483	0.148959734698151	0.139103060933111	0.23876000940395	0.321596457798668	0.193072392464963	0.250785693450942	0.241324213103434	0.302089108507082	0.237124989501261	0.192769739527553	0.258941245100147	0.284134490685395	0.286950532624256	0.207228680779519	0.183956493150453	0.39981961451036	0.304555210256282	0.114650222401868	0.171521374127661	0.343606342025872	0.319308367962314	0.275858808058713	0.18366445520189	0.173968699845512	0.264823136610312	0.161170006960974	0.230686349798867	0.294822741396863	0.295538772810761	0.136468528716691	0.0997660959881857
0.254869994432624	0.173122001314592	0.19004053964158	0.410350872368439	0.254637127840875	0.145892746009734	0.239961406442432	0.233544614798406	0.403303879794966	0.323022200197407	0.341727880571296	0.294950102471147	0.372772997954352	0.234981571744239	0.169509814461502	0.351238817608753	0.291687251987349	0.301289631815156	0.162722984262373	0.325127028790579	1	0.231596771521272	0.200920406760728	0.265638412270578	0.266106897350399	0.272237016659919	0.245480061853072	0.368839125849866	0.356288009785342	0.203812193373752	0.383129279119075	0.292671291891286	0.309945469223735	0.309723958082337	0.307807830040769	0.148744223238319	0.192107736644131	0.220253846657649	0.242023539902045	0.169087326287239	0.244283942648093	0.400722987293973	0.204470634586254	0.171131406450266	0.247283065352813	0.203308172870767	0.391595208615665	0.327606940526043	0.201299652838395	0.285512159880899	0.168399378185917	0.386505813069533	0.217377676647622	0.299514872629675	0.202363344677612	0.152383432156715	0.299643554390988	0.270650779209707	0.204015367137835	0.280049947542438	0.338299166325112	0.366505766288614	0.312889176779857	0.239279624659783	0.242223832825915	0.326238484021487	0.309744313432356	0.25790081028167	0.252858569531949	0.287645987841333	0.340201694413857	0.116065653055108	0.223149383260626	0.391777555297781	0.348816816228716	0.378777534401803	0.231801452627711	0.278625157335039	0.259581218370713	0.185103579595063	0.320179113147251	0.277911202802619	0.398623925223527	0.131879252733738	0.116222008150869
0.193445949922733	0.196749160440395	0.185927683746775	0.25017413770761	0.180309972426385	0.173982745473669	0.425857718912444	0.339997945458706	0.222525668334852	0.204422853531386	0.222744136679418	0.302256616122272	0.204668478247612	0.292969406186254	0.203777454449324	0.213131018692116	0.209383340248537	0.234593877070316	0.149979432919899	0.18246333501649	0.231596771521272	1	0.190338888587119	0.458232903873886	0.189687567757356	0.287209462837659	0.210351380492119	0.301738811037251	0.251032232807684	0.202707663240141	0.266388578604115	0.217469382444734	0.198192968896978	0.281005226584376	0.230657355442797	0.18087224481403	0.205873385668962	0.196731762863743	0.46891473840914	0.382606804085234	0.400269722689888	0.269927977143872	0.497499443922828	0.36532835474154	0.1898131765975	0.262333984725645	0.216156462839244	0.284370644651423	0.319592716413902	0.237755707099552	0.33098053655692	0.242298171320408	0.483210096645207	0.232245183775526	0.354903807062899	0.181882230537279	0.188242801807793	0.174665004576594	0.187591223085117	0.194994084314395	0.233607034991939	0.206465729025815	0.222260583076616	0.210316910966268	0.253995272718609	0.229683572490311	0.1969020964732	0.277460378935391	0.332491987989613	0.238573832064009	0.18012928693197	0.147904539745065	0.466390565524119	0.387626514915007	0.241314423538588	0.210327891550324	0.246448461743816	0.305662980544133	0.160129144380541	0.259358535875094	0.269264632049886	0.189188743755805	0.333271976309458	0.086063768022497	0.280775223717936
0.130702481216199	0.439146878981201	0.305786318245189	0.202080020466539	0.218654997522949	0.369260721793889	0.207461160216598	0.170588329679079	0.16347727172242	0.167875732666263	0.200148883836656	0.272290636062162	0.144052069817895	0.163572424653198	0.302541604642487	0.177828504852914	0.287641074484443	0.304909139705078	0.224789555226638	0.170909952635958	0.200920406760728	0.190338888587119	1	0.204536000368093	0.129097306962109	0.24063326346411	0.242236074355992	0.208496548044631	0.263701831748277	0.208153528946133	0.284743037405697	0.297246944754913	0.128949742268481	0.240597526694109	0.181336980092414	0.364519594949436	0.403684090485094	0.446023398206884	0.168414147558921	0.17794785318247	0.145806242151864	0.245762499124834	0.197272073473959	0.155677237693849	0.209222274993919	0.213540322420605	0.226561939198986	0.218028911621927	0.188817224784921	0.1347971519046	0.128139882019801	0.185154971958792	0.171922577813496	0.180436708694065	0.142352920069158	0.253367786361323	0.166522960094304	0.150837175235371	0.141964640735881	0.195748552195215	0.256729519681536	0.213546602704863	0.284960755584499	0.170120596159219	0.215461707868247	0.21130157891409	0.226172224612311	0.224483877529942	0.166936612953838	0.185636459246359	0.196736195792114	0.231224738014046	0.152459727443215	0.337750905105165	0.162921042837887	0.170151734889249	0.329793228177147	0.19304161529989	0.13057209251672	0.137393178295788	0.224128725211585	0.133668682707407	0.280678807839754	0.119172824421614	0.110377252850987
0.183203365585628	0.186755195202873	0.195390163936801	0.327838552211012	0.196945400274381	0.158437530050653	0.437340895095469	0.38292365279369	0.233969457652359	0.224432724187059	0.248624719697308	0.31198005406903	0.279554299298665	0.26730473553105	0.186859627715626	0.222325946502733	0.254259356052503	0.258760166525077	0.134783784695995	0.191224729514502	0.265638412270578	0.458232903873886	0.204536000368093	1	0.206695819237086	0.308390515220452	0.230892570062895	0.31566822794915	0.291539800703166	0.2009811839034	0.301835398802668	0.208579957790977	0.212068316300568	0.289297525066027	0.274938023272167	0.175182695736025	0.20552764205044	0.209703710944868	0.388175148799014	0.301211834038668	0.407448302201011	0.292928731346898	0.424726705312903	0.303062123695366	0.22328932934382	0.260614850794258	0.257078530388583	0.289098960776541	0.27684634429625	0.223303389809928	0.259313520405147	0.289391682379014	0.389616734530035	0.261821621542748	0.284668672342638	0.174597552971621	0.181378276614739	0.183114363740254	0.190892957788968	0.197657763248434	0.250897613221503	0.220839279591888	0.230044311797077	0.221779835828244	0.246901692354829	0.22566091878041	0.191315324787915	0.276191086296743	0.32521781396842	0.242106103331871	0.219961746291312	0.120172113559635	0.399677137090867	0.376813559424392	0.226087875007965	0.238962639310698	0.234297688612287	0.311263395811297	0.155110035827914	0.236149952715222	0.264508311345747	0.186943880530002	0.382492221137231	0.0970958771576846	0.348534144404297
0.285845154446603	0.12694698455649	0.204699924615766	0.374513532167156	0.171682355441936	0.107064927884941	0.237935357473752	0.18146395738152	0.286598058655795	0.268059217566107	0.344713937708415	0.206643291971629	0.366468518649395	0.174093021260531	0.179936642073834	0.476363168309412	0.171401902298762	0.165605082016439	0.18551348292353	0.327917719547405	0.266106897350399	0.189687567757356	0.129097306962109	0.206695819237086	1	0.18123701960955	0.159285519794081	0.269122494944469	0.187404168919667	0.150510781136055	0.213605046811235	0.224347877892811	0.372316297603062	0.183647730144179	0.256001500266136	0.128625368908886	0.129967535291138	0.133273202540241	0.185815599356956	0.149508957540501	0.186759922896263	0.233368919912527	0.181911542364771	0.22074463714265	0.180639815515079	0.190945939760618	0.191166194364998	0.169833795249683	0.185151582785918	0.176666013827467	0.139445703739031	0.292213491806544	0.206639118977057	0.252609602235581	0.149865584176266	0.127789388855364	0.192884643850436	0.335570982919453	0.17499778987762	0.17200883181261	0.181656792392336	0.206017168844606	0.164314617605266	0.185755644025603	0.216294293442271	0.212498598178567	0.185519100774833	0.188880720329024	0.201747021375424	0.34188289579889	0.257667970287997	0.0996265463487011	0.182194452241996	0.349493703723387	0.300329984523775	0.263649430692116	0.152572342549485	0.160418346898168	0.212621381839712	0.177699427001679	0.223965433290175	0.270438775517415	0.242106052327189	0.0841559303608008	0.109564604463371
0.171386645678186	0.225334101126971	0.255970553996012	0.304813394969607	0.266826234293413	0.200281217132985	0.278364492018403	0.217514591954412	0.224267955900914	0.236711303901676	0.292199972405135	0.332612691373391	0.200707067453243	0.20352057469041	0.19602888260706	0.232864499052976	0.319248296415657	0.296449430671849	0.141828429883662	0.206822020379016	0.272237016659919	0.287209462837659	0.24063326346411	0.308390515220452	0.18123701960955	1	0.324376466805629	0.3120302311091	0.374814967024637	0.321868112137642	0.404555587054879	0.245528203765238	0.181318142444439	0.462957967130117	0.277833515478867	0.195084194774516	0.225371081426098	0.253758093964158	0.242011651379566	0.196495235065131	0.23606604091463	0.295069397202167	0.276668060421212	0.18565490950393	0.269730227742153	0.219963909755882	0.290444895388758	0.272710148755412	0.216619476762238	0.218393200846613	0.168070025865236	0.254723887867941	0.250209011161961	0.203073632081731	0.169514467707759	0.172556660533266	0.182403071119761	0.173693259140338	0.170321062573742	0.229334210931922	0.301753392654954	0.248848652301319	0.300728640009617	0.188210678713715	0.237946206669415	0.275158390349012	0.230243499998853	0.261060523973352	0.231092115587809	0.252800815938295	0.232958183585373	0.133904939960046	0.220078983032849	0.357266358669268	0.243923883523086	0.256945791649223	0.254977108468842	0.241264614882046	0.161593028295428	0.228716977038938	0.30450650979425	0.159506481015733	0.349258488172967	0.146602382657868	0.218545327040205
