1	0.354031712962215	0.324636355778531	0.335786974783879	0.317015381151884	0.368203814745936	0.315507939052901	0.274873021082388	0.328647199833583	0.460153348809784	0.36484853434761	0.303263861579632	0.341109039015903	0.403900260593056	0.325998454196518	0.33827606408776	0.30203010070702	0.429823237973693	0.320879311011118	0.326543352726753	0.326399633868339	0.366554954846097	0.369498014797319	0.37841931554374	0.322182734890976	0.310746695644984	0.319653690514919	0.335405951709063	0.337755885003786	0.299857182555686	0.398153772643139	0.239717104421251	0.262841341379882	0.322578320420415	0.344972993239843	0.324565602440081	0.322368006961354	0.340783097423776	0.344061218196034	0.316669749096903	0.307103458902521	0.443958790715777	0.345517245820251	0.019352268415469	0.325319160073248	0.412562795514911	0.367659628417896	0.344963511131872	0.402835477793224	0.329068577712177	0.378341453652925	0.341079485752484	0.019352268415469	0.338914119735708	0.350318367022161	0.363556176668962	0.370063751141244	0.317524873659737	0.443933644842204	0.315065754089114	0.309133705353415	0.334894133468815	0.379101299643996	0.411823081549822	0.340402439152389	0.38079202115375	0.350812418726385	0.3270953076782	0.326662200080492	0.368575792944353	0.34750675856216	0.355336357792603	0.345555078603638	0.383679411532403	0.34500921150515	0.317010972474444	0.385842688768344	0.397671955287766	0.335244336073162	0.413438873446394	0.281049601980516	0.324713993242288	0.332026631782576	0.481223453550951	0.352539783749337
0.354031712962215	1	0.377158178741398	0.516179005852844	0.447490579532948	0.357475184337435	0.401449332477096	0.302106187573055	0.485413811402301	0.355896804143962	0.404028955964508	0.477805573935479	0.401411048021168	0.352952905746116	0.348112520507545	0.327376401683949	0.268559444516751	0.33976712145573	0.540123823805434	0.391654124223301	0.383653270914624	0.321852838058218	0.363944627997441	0.292464110215078	0.381777461811412	0.492266493970694	0.511096114976048	0.460244087520995	0.518577087801096	0.415994483105283	0.467620304443863	0.346308078518357	0.458173186540022	0.508406509631815	0.393362186522985	0.549524392283455	0.36801242183631	0.334571052999228	0.460084947607131	0.363266292494211	0.394847969476864	0.394276285159329	0.374636388142979	0.0152373607332946	0.504082600720985	0.403383003270807	0.380434883328352	0.465564461054288	0.322713656493512	0.509517116818979	0.349054657892326	0.429231669626378	0.0152373607332946	0.412325632891798	0.417636236824357	0.465359858199201	0.491176143126309	0.487642783514836	0.480903574927917	0.463708318514298	0.512989116246525	0.499131127970059	0.462132445052131	0.473496450276918	0.421089913901992	0.370507659519474	0.368141268666176	0.503584941236496	0.421667547244853	0.366392492892384	0.392213509767921	0.420279539820834	0.402072407890371	0.419021163818433	0.495604437262074	0.414098443402262	0.513584675291553	0.413690736328837	0.55126857829123	0.388512250231576	0.46035592322059	0.35636656272106	0.422482584478984	0.323161704712376	0.589083565645557
0.324636355778531	0.377158178741398	1	0.379642895306585	0.318622253012603	0.285663097322579	0.341003422532653	0.302142211132585	0.360331605087084	0.307752050550706	0.388066083503605	0.399758579486549	0.399099323925802	0.311059185079829	0.331588796176999	0.285155422684003	0.23990559513681	0.288897098814043	0.369356648983565	0.274783472986654	0.37618619863898	0.274036758850898	0.292667987450308	0.272829482226057	0.317053057320531	0.370426485792931	0.351039817415814	0.361514155452787	0.364648283566148	0.305502002336857	0.406600586698041	0.292767851954433	0.284552180591532	0.305499417426224	0.383390274506624	0.379632697445522	0.294312910120472	0.274265325031508	0.375249443789408	0.315217894484026	0.327005006265095	0.340605540842879	0.322050663490566	0.0173180592689232	0.404668833515799	0.314178651423357	0.312383240669457	0.375382255728037	0.268936895149879	0.332028371860935	0.304658349926902	0.349845726940703	0.0173180592689232	0.463657218335031	0.372515292372134	0.47583493073827	0.430485297172698	0.361632963435244	0.40517568386447	0.438002224682559	0.400468109046192	0.380549648578521	0.438521733301351	0.405634764167981	0.365374386138802	0.327761728260258	0.337179434282863	0.359922018594086	0.448116010657835	0.357021638081694	0.321300526506229	0.344726812110626	0.341732493856546	0.370363011166774	0.386225377657277	0.352453472966196	0.441070940520219	0.364472829572587	0.43472743170335	0.326403063514941	0.371364413714637	0.307921379350455	0.395706654761272	0.289835776476977	0.392271515725207
0.335786974783879	0.516179005852844	0.379642895306585	1	0.377641704134917	0.358325996103666	0.373034308355313	0.299967494591634	0.429198281346682	0.346628536519723	0.394324614992272	0.46362156888299	0.432306006981163	0.340022002962697	0.35101106617577	0.314889465818513	0.271790099062445	0.349564580349894	0.616006107233703	0.355120299879089	0.389811750343858	0.307962254493156	0.338244661779716	0.286197525489678	0.373154318464584	0.565054694531975	0.500967256719988	0.461862301175915	0.449849655827844	0.416538135383801	0.512289555917746	0.298279795690662	0.384761104885371	0.43606026578279	0.407264335418094	0.421331190792874	0.370663159366058	0.308137671961506	0.511116693390226	0.384951040552773	0.365542639551071	0.407314199976855	0.386027549391301	0.0150225003924325	0.471126235891697	0.391965566943961	0.365498013217941	0.43888950743747	0.310227496856924	0.455026920800862	0.349079042373885	0.432695675531841	0.0150225003924325	0.368169503788291	0.396289868260797	0.441915299663828	0.518072682081638	0.402832650932211	0.491540722879571	0.462555389987917	0.407501532880308	0.474655067663006	0.480176298808916	0.513578823916957	0.458760693403776	0.381697440805146	0.354937393788976	0.431890621772302	0.419225377192187	0.397351412690466	0.415488808542824	0.43775093367697	0.457611559076935	0.461704298232492	0.502371283946243	0.424321508708864	0.524209317123143	0.440658900257278	0.498426234600736	0.374653881535164	0.383762071178712	0.348978693383764	0.434438661956605	0.32664390888629	0.601956688359269
0.317015381151884	0.447490579532948	0.318622253012603	0.377641704134917	1	0.384009859813814	0.301241636755576	0.276004448766826	0.338299048338411	0.361237388859238	0.309749824590881	0.392040916310177	0.333719910639387	0.405426500698702	0.338549428908661	0.256760515207796	0.245845860713373	0.382500476069212	0.396123841702736	0.366190605888267	0.34287323573488	0.381196760716109	0.392062136915814	0.321061798678265	0.348565735519333	0.405588073294739	0.520959839276731	0.534507273936015	0.399231636525795	0.471500735227356	0.371827982948411	0.244449151783189	0.352955464056357	0.407854350135537	0.375634658924319	0.369756606613088	0.337039399685942	0.270840832594152	0.374151458261031	0.32072069014962	0.302179634428415	0.395967969284727	0.355389389472295	0.0172602668003138	0.350400036527831	0.412206531902265	0.395162961849706	0.348538837588853	0.371820637691985	0.532346341087694	0.353256398428784	0.302385399592047	0.0172602668003138	0.358137094020041	0.332458993088881	0.392557588464717	0.407569761953865	0.38108795382244	0.389299630745091	0.365323705154926	0.345206818963123	0.396777428432244	0.359531581535033	0.404136931604056	0.408074152016204	0.306504150015229	0.292128706547755	0.425756029965207	0.365245691723058	0.355057549353027	0.30734019130724	0.388348168131528	0.345370888982454	0.337755934533855	0.429891831680873	0.369386498327993	0.422082007595904	0.367244990191296	0.376637569191819	0.394080366797004	0.336410194552745	0.425309987484055	0.309170264475512	0.29338464951125	0.365691241815703
0.368203814745936	0.357475184337435	0.285663097322579	0.358325996103666	0.384009859813814	1	0.285226963437463	0.270139508167887	0.295689538036808	0.508048987879587	0.31293366213873	0.345867706257419	0.318920187482244	0.544004252830627	0.313466538715032	0.288460345329742	0.269719925890866	0.469651876383749	0.328859911180559	0.357067263167299	0.318046368838063	0.479637983378538	0.459432620992918	0.428361757428511	0.342468634584798	0.329246431736979	0.384872591268634	0.392400462330786	0.347529741261815	0.353482580861723	0.355596413496095	0.212860002629678	0.306225380649345	0.329499864659529	0.358381782658876	0.329238979634377	0.354053331766475	0.285202569343238	0.287055871436308	0.324244011437507	0.292239858976907	0.480645285571501	0.37468261013682	0.0171798353236437	0.296420224692495	0.59242026142278	0.414687473501581	0.301065393641284	0.467821798553533	0.374948295987618	0.421155417916581	0.29762261408638	0.0171798353236437	0.29596555360525	0.332744540513971	0.35502974487747	0.354232729507155	0.313969991599124	0.409224600350027	0.297637756697994	0.290792735266028	0.340971789856205	0.329281608487172	0.394740013298621	0.332585763356847	0.330915026268103	0.321876227829312	0.329964620404549	0.300337190659806	0.359053473002524	0.322499753881366	0.347652933595662	0.341040731010215	0.365785909984137	0.366223792352696	0.334360803310845	0.350380820793784	0.393474645523248	0.316747584639586	0.450874546079335	0.26794907476597	0.443833207611532	0.283919545503968	0.380726264794257	0.340388343065452
0.315507939052901	0.401449332477096	0.341003422532653	0.373034308355313	0.301241636755576	0.285226963437463	1	0.353866729133683	0.464505332302192	0.321820222407205	0.364194092996643	0.322628246216212	0.43254810081413	0.298755254861324	0.241077289996065	0.372486732291742	0.235677930480479	0.278060350821069	0.375060146529077	0.358790063173278	0.522403583507509	0.249907118818378	0.275165012510718	0.266446350797829	0.396200016932433	0.346140980158317	0.351182203713299	0.351272284813523	0.405541494548815	0.323746675442785	0.375518987611656	0.480363201748803	0.290809925440909	0.343187265864419	0.269402009347632	0.509820022009328	0.274093527159495	0.324399551527372	0.366273475539697	0.249726253158345	0.434813349533854	0.327107470606454	0.396410677679342	0.0164872093682664	0.465017752631285	0.30148450413599	0.281692728337457	0.500998737076374	0.267188017402455	0.359093557444874	0.28882738025773	0.480573787297664	0.0164872093682664	0.401973676304373	0.482976048703939	0.428440581811928	0.448778432771061	0.354118220674486	0.35542453172069	0.430187377339291	0.458050308341242	0.385913293312499	0.476489854026185	0.355429068666752	0.318993986153924	0.331846220884724	0.36220598773235	0.320104228264135	0.432503440198119	0.266968312032989	0.378272163356584	0.281239615950487	0.305060802381121	0.352418130440127	0.310695254484908	0.302861506462204	0.441094969546624	0.30426587923402	0.495674391958373	0.323109016500505	0.484017164244402	0.264119489932993	0.500703290661779	0.282854195678095	0.464825814051746
0.274873021082388	0.302106187573055	0.302142211132585	0.299967494591634	0.276004448766826	0.270139508167887	0.353866729133683	1	0.307623551666047	0.276679651213244	0.295991431773542	0.288485372578815	0.357761059805405	0.275563567218666	0.234155061935592	0.278240104964247	0.235967371748074	0.256245867387828	0.293760616939497	0.263198708546689	0.397828613977816	0.226677239389451	0.253104756749501	0.235326646004035	0.359540706179536	0.293974087426117	0.277596428233803	0.285994422902474	0.304133224115622	0.266982519750192	0.32981348674865	0.322568523166668	0.253511263912743	0.268556976423995	0.252947244847037	0.352156694809153	0.244481025076904	0.275873863572414	0.307298265660733	0.230127428767695	0.569309190304906	0.27278019688139	0.343372018853247	0.0176330633407344	0.347671438388212	0.272325345990433	0.254837973128635	0.338498257624501	0.235884523550509	0.265795899851525	0.260808992106625	0.329256020197576	0.0176330633407344	0.331494154332195	0.352310061993457	0.352936310861219	0.347596223075263	0.290383568639032	0.294461415893423	0.320955539011262	0.330567608383123	0.308789110773234	0.339682789217722	0.299091848777184	0.289786666759765	0.283012722231559	0.295475726500377	0.256954735839557	0.325879260310484	0.240684429774814	0.325702067773422	0.259109276612385	0.288420851191539	0.304693715079583	0.278201886135626	0.257218575798282	0.351668454285874	0.276154994843019	0.359673483275684	0.271080373614996	0.325943986893812	0.253120466549636	0.354473438537564	0.251789679896542	0.312404927022005
0.328647199833583	0.485413811402301	0.360331605087084	0.429198281346682	0.338299048338411	0.295689538036808	0.464505332302192	0.307623551666047	1	0.314022290006268	0.386498076395067	0.370943093052828	0.408648937853893	0.305240110554312	0.261233959501238	0.357400006880054	0.238683092087497	0.297226109535623	0.448303780376043	0.319082468004443	0.411775529685272	0.273480223091475	0.324574056451592	0.282343556909205	0.349108856426894	0.40081352086316	0.39656805054483	0.347637904926373	0.436143105439676	0.311882678612926	0.431189209218757	0.409208962755216	0.339732879443446	0.397922790997311	0.311617949570352	0.564508355722231	0.285253739934929	0.312579695151069	0.414916228532161	0.27220302716886	0.3872114594254	0.357956631075634	0.375357940849715	0.0148210084351315	0.504370565456816	0.331692311654457	0.326291010834429	0.465846504810408	0.281158377977196	0.379913042373893	0.323139414516934	0.46599130419107	0.0148210084351315	0.407878864197305	0.42779389385134	0.437149375325577	0.475193682028352	0.42484640154512	0.388654056363344	0.438280643317834	0.480866400975015	0.456389979399775	0.465779911821909	0.372659779591417	0.355983622065896	0.342483965242154	0.367637040435106	0.393134906033352	0.425128990595302	0.291227174217825	0.378383120885334	0.326581505219005	0.334414837282095	0.380418883268017	0.368553479125405	0.333624387476609	0.460798629510128	0.331110508978797	0.543228399459271	0.358340095879875	0.456098409067485	0.300771978161855	0.458276451487473	0.294273315291371	0.505441920958712
0.460153348809784	0.355896804143962	0.307752050550706	0.346628536519723	0.361237388859238	0.508048987879587	0.321820222407205	0.276679651213244	0.314022290006268	1	0.355778920816407	0.321109590861363	0.335637867497538	0.518506871708344	0.324903866766594	0.363434416189392	0.334746952365572	0.51736385531981	0.332107017211216	0.400711054213416	0.338137926608868	0.436263492272796	0.434920214501298	0.435941834019904	0.377481282736672	0.331203576586818	0.347788117627601	0.382825396669549	0.354762007001352	0.352207164863035	0.388152398149729	0.220298763173485	0.269731993372879	0.331148711122124	0.358420513247417	0.327969254236253	0.352185599396907	0.354882334218552	0.319186899646104	0.33300102270851	0.315338310541638	0.49967262121347	0.398330828514596	0.0219835461394652	0.313772250009625	0.495965199408105	0.388210425263556	0.341238930090799	0.499728692928535	0.380335449056703	0.449732916667869	0.326812044457627	0.0219835461394652	0.327005534213838	0.364728379322805	0.362490806044117	0.367821793024871	0.327203806904295	0.442894929240313	0.310975536894337	0.303094534853293	0.341793109442955	0.373133480567505	0.428776412603499	0.339743878605602	0.38237214072389	0.389882122585757	0.346420847604082	0.315002178876798	0.38719915872124	0.359104755521689	0.346630697421198	0.35934809659398	0.403414789725713	0.367709037323789	0.338357125767408	0.383857593067665	0.430050409192787	0.33301377468134	0.46536167412331	0.279550708644088	0.411074724025763	0.319731223550421	0.442522530844665	0.341058909891869
0.36484853434761	0.404028955964508	0.388066083503605	0.394324614992272	0.309749824590881	0.31293366213873	0.364194092996643	0.295991431773542	0.386498076395067	0.355778920816407	1	0.351765498977618	0.395001264336018	0.3245554093303	0.299136871730419	0.35718027040252	0.264603632287654	0.326706700709178	0.376751737167689	0.317164231212591	0.344927204883901	0.297739301028485	0.314590537264812	0.286257833822215	0.352277564781372	0.374311548417264	0.354123214849064	0.34835359623263	0.368420940236325	0.308861993672734	0.435384850776446	0.295259573574924	0.316946372080495	0.336159222382317	0.359571253556687	0.373749786332848	0.314046669990469	0.301703613488448	0.362034745287506	0.306031422693707	0.336223122282351	0.362015569023064	0.36935894851563	0.015307113701547	0.394603617894429	0.362693639292499	0.319607682843609	0.38376166726227	0.306232540469535	0.341548504737779	0.325267658077742	0.385473533192152	0.015307113701547	0.377582954077439	0.383858561427375	0.391992388626101	0.406820961107587	0.362442195461438	0.408304919751885	0.379451231886654	0.357800330884227	0.352659438429265	0.408806392388135	0.395833663135233	0.345486123851039	0.346780723076925	0.389502957516297	0.338925509461486	0.38680344755013	0.345499851116526	0.366973482892183	0.362890523779111	0.35344617675847	0.382892421074699	0.364864693041217	0.342362537021138	0.413778760898538	0.398899867862036	0.41770115018447	0.353949999319482	0.345601863720961	0.309959504210452	0.359708782173391	0.323204411569569	0.388431941799446
0.303263861579632	0.477805573935479	0.399758579486549	0.46362156888299	0.392040916310177	0.345867706257419	0.322628246216212	0.288485372578815	0.370943093052828	0.321109590861363	0.351765498977618	1	0.360767558509436	0.343379511846474	0.36684673980511	0.242271923583999	0.238964530948858	0.31281994753863	0.479496344707739	0.347547739581352	0.365341084486796	0.29789553587417	0.306191888894745	0.273373039842845	0.358398463073386	0.477525240908405	0.490030691789802	0.444145784406191	0.423775438811913	0.452321929893972	0.418847250479882	0.275620485864973	0.352378734475837	0.393966158779944	0.467102033261946	0.414579520524339	0.411819140655156	0.277007784208067	0.416248279071545	0.400067647357714	0.312298850637615	0.32911245431515	0.345908957071514	0.0221947990403042	0.381623547217763	0.358382956497565	0.36770524981601	0.35230082898343	0.292930681234101	0.440209098236098	0.314963856290597	0.318354161629268	0.0221947990403042	0.34127094046315	0.345701654883367	0.41779248762523	0.42557413007014	0.39248699602087	0.399637587607513	0.416960410957343	0.378360680253009	0.506482478272103	0.384406168921574	0.420503850620013	0.408000140142025	0.31665073276146	0.308041486847609	0.493710489256253	0.356278746562541	0.408802252362717	0.31921920100004	0.396666748061893	0.384642624431104	0.400930422237997	0.453444795129383	0.455169340918919	0.473048691938501	0.41510457482826	0.454583566337562	0.353705950742911	0.379043401782006	0.37726196662051	0.350145009125635	0.298926314690556	0.45965215217911
0.341109039015903	0.401411048021168	0.399099323925802	0.432306006981163	0.333719910639387	0.318920187482244	0.43254810081413	0.357761059805405	0.408648937853893	0.335637867497538	0.395001264336018	0.360767558509436	1	0.315167600102857	0.307725836511727	0.354859011740995	0.296239288386925	0.30448258134593	0.406308244062756	0.329201848779359	0.441390874147193	0.271763346103358	0.31152912652967	0.270674407592814	0.36976852723217	0.378382675425909	0.358404879701074	0.346309032721269	0.406342835426403	0.319114646058807	0.452987840288589	0.344061916165125	0.300588483447778	0.339246557838361	0.352500539832588	0.435234843358277	0.317014530306424	0.322255169641508	0.415805343192641	0.304298719009056	0.411358375659889	0.371407684578583	0.374405555585677	0.0180346816386137	0.461960476978059	0.350227892201564	0.320883988921862	0.435149944487763	0.281575285831138	0.345798878488836	0.325983904759882	0.445891794457352	0.0180346816386137	0.428486589722157	0.409164393258219	0.441793242963426	0.472948156626003	0.356212946898053	0.412145896789098	0.411596377624546	0.392446560127966	0.403445648703412	0.479518469788358	0.449946113147884	0.366759227347031	0.382465428940277	0.368946914633658	0.360300332701461	0.426203745682701	0.327244568623857	0.400594669265045	0.339800446746336	0.359747231864411	0.453655920704134	0.380285046850105	0.367711610549998	0.474430144563455	0.385206141624489	0.497472049314183	0.342374044948213	0.428226689752132	0.288895077062088	0.441473203430494	0.324802763148634	0.457307259511303
0.403900260593056	0.352952905746116	0.311059185079829	0.340022002962697	0.405426500698702	0.544004252830627	0.298755254861324	0.275563567218666	0.305240110554312	0.518506871708344	0.3245554093303	0.343379511846474	0.315167600102857	1	0.35343497427412	0.296389494497165	0.281284017950953	0.516573453214511	0.318055878283877	0.353103298266886	0.327894774934199	0.492559860852933	0.490262655737188	0.508148688439282	0.348953147410702	0.330080797092385	0.3934309443219	0.42607936436784	0.345201285170402	0.382860684097564	0.372796929592048	0.215813215823683	0.291103617609264	0.336684427289545	0.369829860483225	0.331265959752381	0.354517318901565	0.298195337841345	0.318545064153514	0.337569188647366	0.27822323900717	0.543175014702724	0.408943706861067	0.0172831933484998	0.293155035570802	0.530956823891479	0.488152463902585	0.301345488198473	0.560026831764302	0.380628793768765	0.464464463359916	0.288171855833808	0.0172831933484998	0.330109448782535	0.345455953976756	0.355513339363242	0.379621783673776	0.333517358345601	0.391234375126766	0.315190669908008	0.300021532875451	0.350532071323655	0.328902218929022	0.398118413015169	0.37731397095879	0.328559337122649	0.322207695262487	0.367651187550001	0.326829403963014	0.36737677331964	0.340832871143647	0.343709056826641	0.347140621379992	0.367220041550455	0.37607360199965	0.356184161533546	0.381898570949042	0.380068481185963	0.326144099753012	0.537959811658	0.282228118186979	0.463740118621087	0.292585581095475	0.367152269852773	0.320479581911634
0.325998454196518	0.348112520507545	0.331588796176999	0.35101106617577	0.338549428908661	0.313466538715032	0.241077289996065	0.234155061935592	0.261233959501238	0.324903866766594	0.299136871730419	0.36684673980511	0.307725836511727	0.35343497427412	1	0.2065048492529	0.280803787482137	0.334249844617202	0.324202577774725	0.276791279707335	0.267167038610672	0.323842516517597	0.29732904640934	0.313659674708457	0.27345331136389	0.338309269926319	0.357739259449436	0.376997489972442	0.306472751865728	0.338583223338752	0.393659505836972	0.188954432146406	0.288483630789334	0.303178841373923	0.520494352456301	0.298506908308086	0.465532790357381	0.265383662139294	0.344113084286508	0.526941375431777	0.266488393454846	0.349822893613531	0.29224227908696	0.0168917408011311	0.30573469655182	0.328874681276089	0.320789846577177	0.275806056470138	0.337021119790841	0.342839612032855	0.293703492431933	0.249638180863811	0.0168917408011311	0.299938749529467	0.266372926389443	0.327359702084126	0.356799267903712	0.301491162261738	0.390152952876947	0.348390909490876	0.282847387565478	0.345164346009095	0.294840693107047	0.412596959273559	0.400450811145216	0.304399928529021	0.243736277088489	0.437340754611379	0.291562655600898	0.4716708772904	0.331720784386342	0.366468455607606	0.398611177395644	0.440965525957107	0.394635159284258	0.425652878372291	0.392266787366947	0.50189026784488	0.323557896720105	0.345867694373	0.26916154996309	0.317138700229772	0.26797995285649	0.286516783035015	0.31856281399808
0.33827606408776	0.327376401683949	0.285155422684003	0.314889465818513	0.256760515207796	0.288460345329742	0.372486732291742	0.278240104964247	0.357400006880054	0.363434416189392	0.35718027040252	0.242271923583999	0.354859011740995	0.296389494497165	0.2065048492529	1	0.249408586525218	0.290548409681082	0.313370560534249	0.313171902518197	0.337670256789102	0.254874288726453	0.324362133536333	0.263726751248	0.341285701358596	0.28853015876225	0.268497840225572	0.262290659673756	0.326950839345514	0.234134420113478	0.347829872653779	0.260790270491474	0.222198246532361	0.272718323879262	0.233559980946518	0.347555962560416	0.239816014028024	0.33960513221193	0.309404474652587	0.204705319256218	0.353104468998722	0.353673559310281	0.36012017258072	0.0150438241033306	0.338722897693667	0.335684867152254	0.257695796577019	0.38320983818909	0.277507505753923	0.27712378704696	0.302052217476089	0.45004478030179	0.0150438241033306	0.317514275295178	0.471830293688574	0.33611781144667	0.335889705456026	0.307536822140016	0.327441450926574	0.283232662283212	0.314243849828934	0.280483941169984	0.460897135466124	0.320998707679338	0.257377053114261	0.366801490376639	0.538559240491794	0.246626641383603	0.35833295863691	0.237454518825714	0.34506890879678	0.251633367012244	0.277737881870628	0.322234334540332	0.275727341628967	0.250321237692991	0.325197448403151	0.279138788444733	0.333098330774825	0.331610269940437	0.293141085509761	0.27531498794394	0.389410187143127	0.31335687790163	0.344391135672165
0.30203010070702	0.268559444516751	0.23990559513681	0.271790099062445	0.245845860713373	0.269719925890866	0.235677930480479	0.235967371748074	0.238683092087497	0.334746952365572	0.264603632287654	0.238964530948858	0.296239288386925	0.281284017950953	0.280803787482137	0.249408586525218	1	0.278604448722492	0.258431194014462	0.270437714703878	0.251202537129754	0.237488357817031	0.270743021474581	0.245310169510763	0.267310177385929	0.263823781554649	0.251180734907964	0.258249832923204	0.250766120356922	0.233472725063462	0.348035526656429	0.184494931733856	0.203288361613631	0.240072755063484	0.290078137784395	0.240903435393672	0.272825981626353	0.278834671057652	0.258732057115809	0.277091976429072	0.250626875985905	0.313739156667108	0.291582981868358	0.0190920341940467	0.257332846735681	0.293071801714456	0.246393488180691	0.268497654223503	0.26932795817826	0.259847875292576	0.273521132079997	0.244468742583024	0.0190920341940467	0.24816828204482	0.26354661252839	0.258817848901164	0.26761532860893	0.253194629108554	0.304731322522972	0.238793190123786	0.229514312008345	0.267375364684872	0.292647773881978	0.314235954717094	0.267135946589006	0.337435585602842	0.261800694208174	0.258417881683483	0.246384428037033	0.276836352562939	0.298508002788049	0.24040863720458	0.32915694454063	0.362326511380736	0.258420671082114	0.288980314857985	0.296201307371508	0.329851766827662	0.25729569736935	0.280800215745311	0.225817188656953	0.261306601675009	0.246546304050495	0.286328681472412	0.256295510977138
0.429823237973693	0.33976712145573	0.288897098814043	0.349564580349894	0.382500476069212	0.469651876383749	0.278060350821069	0.256245867387828	0.297226109535623	0.51736385531981	0.326706700709178	0.31281994753863	0.30448258134593	0.516573453214511	0.334249844617202	0.290548409681082	0.278604448722492	1	0.32520041298752	0.344545886307752	0.306044780614319	0.482776407549665	0.437274331277386	0.413071812941502	0.340579913419599	0.337372832276128	0.370515365496485	0.412670741922735	0.331025395452655	0.360777497093476	0.361845935573346	0.219578851264429	0.281004362777406	0.331329834733181	0.375433960750646	0.302406852997532	0.344911305988535	0.302167152096278	0.317477356109688	0.335305706947632	0.28386639762159	0.471840368151816	0.356591415587295	0.0235786097966679	0.291822596517032	0.492615090035717	0.495452365831738	0.295535902108055	0.511707782917008	0.386151390780607	0.416427888399863	0.294338099073017	0.0235786097966679	0.313438665648265	0.32275795554954	0.343200530722214	0.348257590785755	0.330383667530286	0.426795070572739	0.287114724880805	0.273385530356516	0.319808802618822	0.338344004433909	0.393422064291058	0.341522455846792	0.348142094939992	0.333026213377628	0.344227314705013	0.308038279248599	0.401450342480851	0.311721049792026	0.354167671079914	0.365171576048717	0.365869739548681	0.353360339832524	0.330711013649604	0.350558009256329	0.417340691186379	0.307524811034962	0.467873672413262	0.25891444580511	0.411134895742522	0.308413146683471	0.41225116801202	0.328262372614537
0.320879311011118	0.540123823805434	0.369356648983565	0.616006107233703	0.396123841702736	0.328859911180559	0.375060146529077	0.293760616939497	0.448303780376043	0.332107017211216	0.376751737167689	0.479496344707739	0.406308244062756	0.318055878283877	0.324202577774725	0.313370560534249	0.258431194014462	0.32520041298752	1	0.372879517296064	0.406270439344736	0.288264230667955	0.347956978924256	0.26451914094666	0.381093765825744	0.836570122882476	0.505956005541848	0.441859861313309	0.488352404241608	0.427231473794384	0.480314125904736	0.324548613033994	0.377687073969888	0.452313434270893	0.380950420352068	0.461969380401539	0.355784691242817	0.310026781476121	0.495822296356488	0.351491459485641	0.376170851939721	0.367404307471569	0.392750677705702	0.016662324266503	0.484111670100194	0.387249573047768	0.384382176471473	0.45114466065536	0.298398937438183	0.472874731273787	0.33284975482897	0.415853324006267	0.016662324266503	0.367061601742343	0.408716112752848	0.466623155485091	0.494692145819924	0.402941662488742	0.46103112855764	0.452481150200637	0.433288929036799	0.48658514745722	0.469359732074058	0.459229210337519	0.405139167375987	0.372151133614692	0.352228875318297	0.445139389760977	0.422661431577747	0.372962207593297	0.373753839914641	0.406693750853399	0.417236227943199	0.416984288659404	0.472807146352225	0.416961012737309	0.492517752858746	0.403195489374327	0.52500027742668	0.379131928937157	0.410313273377274	0.324969135993293	0.427206527693968	0.307538405294209	0.601966038446144
0.326543352726753	0.391654124223301	0.274783472986654	0.355120299879089	0.366190605888267	0.357067263167299	0.358790063173278	0.263198708546689	0.319082468004443	0.400711054213416	0.317164231212591	0.347547739581352	0.329201848779359	0.353103298266886	0.276791279707335	0.313171902518197	0.270437714703878	0.344545886307752	0.372879517296064	1	0.37841304510576	0.283406514689857	0.355795720728081	0.314609721300995	0.376840713147665	0.379559403960372	0.409456187634819	0.406020496064949	0.391786167666315	0.408297885457304	0.355959628328294	0.242110248482202	0.296219192661716	0.341181719620398	0.313789712348288	0.370012650473341	0.299405599855189	0.332793140742672	0.307645725861943	0.283001145639477	0.306754272907269	0.378008235053325	0.397859156147886	0.019783678399476	0.336044754644683	0.366754494238548	0.319693307732241	0.375406349608878	0.331921990830301	0.432701029757578	0.313237305707764	0.320650611518242	0.019783678399476	0.32264197441967	0.360858226324731	0.357170350746702	0.371835415251349	0.34267042523173	0.393408890183317	0.335260322409393	0.323268555096151	0.366922145685893	0.356942415363761	0.373808494438402	0.334666853353931	0.3604602212756	0.354508781576567	0.350543634216485	0.321932825367912	0.325379042267979	0.318810049018519	0.324266009611606	0.341911207725435	0.337332959971433	0.341874783876229	0.34501405789872	0.390268733231531	0.349158917614238	0.352488326633055	0.363315954609086	0.341542133920496	0.321865206214514	0.325199597906371	0.32043507404148	0.346740594738
0.326399633868339	0.383653270914624	0.37618619863898	0.389811750343858	0.34287323573488	0.318046368838063	0.522403583507509	0.397828613977816	0.411775529685272	0.338137926608868	0.344927204883901	0.365341084486796	0.441390874147193	0.327894774934199	0.267167038610672	0.337670256789102	0.251202537129754	0.306044780614319	0.406270439344736	0.37841304510576	1	0.262113685978679	0.309973912393077	0.280694486303066	0.429666622753491	0.380549262835281	0.398644401025866	0.379369783735558	0.460376107166661	0.378681974406904	0.382579308140697	0.438721167077681	0.297988936834879	0.339286229801092	0.288768092961232	0.474868209251404	0.296968590277885	0.339433172379618	0.379413157356408	0.263878726589225	0.434795126890399	0.359532486622596	0.439820655019466	0.0199466927882201	0.443068715421068	0.342513041852844	0.319110139524886	0.471247927457529	0.298257165689686	0.373552965263652	0.316284892730383	0.410751824421091	0.0199466927882201	0.423349716628417	0.450763948231961	0.462847257346134	0.47685885605556	0.355655749634725	0.381130542516099	0.425126194908748	0.440146620514317	0.407059944736215	0.457348765147099	0.371881068476852	0.335971975668436	0.345900852762047	0.366378196820025	0.314979245216702	0.439547182958356	0.298352867942843	0.36369012017915	0.300047512206083	0.332651255887539	0.374485087388338	0.332066520913832	0.32693454750788	0.448838304211146	0.319639261001212	0.472995352379526	0.336823789102066	0.472056333971711	0.276245061686383	0.444000141831141	0.297028484974091	0.446494015558868
0.366554954846097	0.321852838058218	0.274036758850898	0.307962254493156	0.381196760716109	0.479637983378538	0.249907118818378	0.226677239389451	0.273480223091475	0.436263492272796	0.297739301028485	0.29789553587417	0.271763346103358	0.492559860852933	0.323842516517597	0.254874288726453	0.237488357817031	0.482776407549665	0.288264230667955	0.283406514689857	0.262113685978679	1	0.432802371715568	0.42683359190935	0.289949466948079	0.294091520770912	0.355750557123927	0.387386275914476	0.312580674441838	0.322542415758568	0.328366083097907	0.206461495746943	0.26867602945768	0.307191854061546	0.347169104343466	0.279624855029368	0.312627211850992	0.254241426605741	0.307207345424711	0.293168625360949	0.248784995517645	0.411148586260817	0.324704458918752	0.0176252877578235	0.272374466870322	0.520105248167616	0.427639734580578	0.266733517692867	0.514083628633722	0.35010925805602	0.398998565335667	0.261987932155375	0.0176252877578235	0.294862531559711	0.277133629872481	0.313727620752312	0.31072731965377	0.301929219730536	0.366513302405399	0.27587166171881	0.26012004116999	0.307527431604356	0.289017527661664	0.374744895904321	0.342405661478973	0.286890433978731	0.271077980603416	0.325748377343292	0.286156960560776	0.3397351666674	0.278000299773176	0.341562491640326	0.296942765992974	0.299449677245249	0.352019553028246	0.289950953434874	0.340865527505548	0.356005639732633	0.293078507801051	0.435090384908387	0.234627469915932	0.427506905097395	0.252424198518207	0.332600802250588	0.290106558013995
0.369498014797319	0.363944627997441	0.292667987450308	0.338244661779716	0.392062136915814	0.459432620992918	0.275165012510718	0.253104756749501	0.324574056451592	0.434920214501298	0.314590537264812	0.306191888894745	0.31152912652967	0.490262655737188	0.29732904640934	0.324362133536333	0.270743021474581	0.437274331277386	0.347956978924256	0.355795720728081	0.309973912393077	0.432802371715568	1	0.477073579294136	0.338556370785692	0.343604981121619	0.386165209946172	0.383120490974836	0.379365621063144	0.349379614445484	0.364265182873435	0.222967117491653	0.297555455439089	0.345790409645916	0.334496714496356	0.327041018263693	0.298471849788673	0.313351323304204	0.325975424152728	0.278728579231432	0.30106656860791	0.524478784152533	0.375466547486457	0.0181184377359327	0.329650662188977	0.514154800089685	0.411796273810875	0.320510634691955	0.462401812918844	0.371176179096916	0.410062653900523	0.318384999759931	0.0181184377359327	0.318261577315772	0.341790953838251	0.354149330348391	0.35227254961516	0.336564563948033	0.395990339542361	0.312804448083223	0.30007608890817	0.347869950520426	0.355113576558536	0.371873574451429	0.336957838199509	0.343953486426439	0.339331436336255	0.346793200202363	0.316560140140055	0.331192776341849	0.307745787230674	0.336334623660374	0.327110491130531	0.332311810354086	0.354642146072907	0.336531736777417	0.370204454308996	0.358472571349918	0.333364780675428	0.502381092271345	0.286092950785827	0.40802977357495	0.307665568447173	0.357721586892472	0.340035959423675
0.37841931554374	0.292464110215078	0.272829482226057	0.286197525489678	0.321061798678265	0.428361757428511	0.266446350797829	0.235326646004035	0.282343556909205	0.435941834019904	0.286257833822215	0.273373039842845	0.270674407592814	0.508148688439282	0.313659674708457	0.263726751248	0.245310169510763	0.413071812941502	0.26451914094666	0.314609721300995	0.280694486303066	0.42683359190935	0.477073579294136	1	0.288309202093325	0.277637395617315	0.31551216792364	0.359578620784794	0.315792687140598	0.306605295432852	0.330025386479438	0.198803865621724	0.251932849888512	0.280124174482073	0.314643341155316	0.287695740821566	0.289859708391612	0.266676165025848	0.290909288704029	0.273724011469982	0.249006842122562	0.467813907836599	0.320542727704681	0.0183404916607736	0.266952181677315	0.41790508137685	0.357756103755763	0.263203822034164	0.466792677083906	0.31025128699886	0.374591074208141	0.265672756468714	0.0183404916607736	0.300616287006046	0.293963742864232	0.313984457433244	0.327687721287038	0.293662546135122	0.351433691985077	0.296655198470582	0.261567575718037	0.298740926564836	0.293798538884594	0.352849520928993	0.346408599435532	0.297637782581158	0.290624032136328	0.311885770434967	0.279251223328618	0.323491218864779	0.295093993289828	0.326390687699325	0.292583228614743	0.315314031606896	0.339573854639964	0.30860019197922	0.342234278191709	0.320775433000574	0.287948739654374	0.469404007304637	0.247136863552785	0.368584952888575	0.263876299520439	0.327303638929672	0.281392064630635
0.322182734890976	0.381777461811412	0.317053057320531	0.373154318464584	0.348565735519333	0.342468634584798	0.396200016932433	0.359540706179536	0.349108856426894	0.377481282736672	0.352277564781372	0.358398463073386	0.36976852723217	0.348953147410702	0.27345331136389	0.341285701358596	0.267310177385929	0.340579913419599	0.381093765825744	0.376840713147665	0.429666622753491	0.289949466948079	0.338556370785692	0.288309202093325	1	0.373955238610359	0.38981534208761	0.378310960909766	0.419689759489043	0.375456120062521	0.393385126855116	0.305631566758368	0.293393449701512	0.339830730385265	0.318584766364484	0.380228863089492	0.320436859828533	0.329518888083866	0.334262855929517	0.278696586680737	0.392893396077552	0.367020998042135	0.47466652118115	0.0186069643900583	0.370181652518979	0.36825045099369	0.322364311393694	0.39498363717158	0.300138076947642	0.378316282814583	0.328727201615079	0.361311381111111	0.0186069643900583	0.350197738577658	0.395274272748274	0.390984223733763	0.410807368220245	0.351939661864523	0.394769914380595	0.343777594461624	0.343152173124975	0.365277657449194	0.421385961524215	0.361006102291643	0.323639883011447	0.336811801915564	0.361174156564278	0.330867668720874	0.393544280489122	0.320870399875408	0.366359509411861	0.301598163115058	0.350477103856553	0.365451646218281	0.332093327689563	0.341568122320386	0.406720610150773	0.374983329348265	0.38248067014217	0.357774625037544	0.349016477416177	0.322526253986149	0.372389174779508	0.319336151760733	0.388266551679231
0.310746695644984	0.492266493970694	0.370426485792931	0.565054694531975	0.405588073294739	0.329246431736979	0.346140980158317	0.293974087426117	0.40081352086316	0.331203576586818	0.374311548417264	0.477525240908405	0.378382675425909	0.330080797092385	0.338309269926319	0.28853015876225	0.263823781554649	0.337372832276128	0.836570122882476	0.379559403960372	0.380549262835281	0.294091520770912	0.343604981121619	0.277637395617315	0.373955238610359	1	0.519613713506871	0.457785597131264	0.442101951373931	0.431693130776158	0.463316281823696	0.292160722382659	0.372984835732785	0.437473505411605	0.389508214381814	0.434796499808308	0.361886002122002	0.290587434951108	0.462751606300826	0.339930435512708	0.335386386780383	0.369978797874285	0.396201149531246	0.0196539470829074	0.439183222072915	0.379517711297792	0.365768756777429	0.391618090987894	0.308583393666656	0.435749129878593	0.329448059957699	0.357221629151195	0.0196539470829074	0.371667027296626	0.383393398285775	0.461504569875821	0.475498266901927	0.42066340866473	0.432971808169323	0.45524877240789	0.391569995692961	0.45956460085547	0.422968440621421	0.456733596072303	0.420459176606712	0.354574863761246	0.341121852192145	0.454506890708468	0.405221305034589	0.391144131166561	0.357561005907732	0.440890885500837	0.418358317544917	0.416264872003117	0.50938602969245	0.441906920585211	0.488484668188337	0.400412390284679	0.480620944485321	0.396491670962714	0.395318429296919	0.346010142181404	0.38755263129626	0.312781705610199	0.505321449864761
