1	0.351164677104544	0.370648909504607	0.351340303345998	0.367879441171442	0.306205142904458	0.384619786574204	0.368431674404581	0.388485279693152	0.338239856687832	0.319659152276111	0.380983199739337	0.381936849303949	0.3618592336867	0.38251018447178	0.373439226936661	0.382701487385759	0.340615841931066	0.388485279693152	0.39297864775543	0.368800290356243	0.373999806106335	0.365130666153843	0.3753110988514	0.254743021698082	0.372506794895013	0.391801478449	0.388291085605873	0.391801478449	0.383084380287688	0.200387958279993	0.381745928613447	0.376626989162119	0.37889354396183	0.364765717992183	0.385968314374242	0.347844408917087	0.336216493706733	0.357185508682741	0.378514839801507	0.274309019417165	0.358258674152119	0.364218979571523	0.367328035667202	0.354693940783503	0.28923956199708	0.365313277135861	0.3618592336867	0.323518169901074	0.357185508682741	0.368984736609142	0.366044634804015	0.375874487935855	0.332039945344661	0.341127149078453	0.279710538951696	0.371762525822385	0.369908352489465	0.375498801322533	0.374748554217075	0.388679570901753	0.348540793887764	0.308510315066365	0.371019743800356	0.308664608794115	0.372506794895013	0.374748554217075	0.379272627015729	0.348018374609345	0.371762525822385	0.1840588013263	0.385582538979713	0.216319239880444	0.345936516182541	0.38136437349419	0.376062472171965	0.361497555322336	0.362040208543487	0.385968314374242	0.38231897718535	0.363673060643722	0.368800290356243	0.367328035667202	0.385197149167755	0.352395906869619
0.351164677104544	1	0.706098876214384	0.650834430597869	0.695934313678642	0.549910357721602	0.747515678018091	0.705393130269954	0.754273684533089	0.620332285596178	0.577527048761955	0.727966680774312	0.731249912568882	0.683861409212356	0.737492028234604	0.711414526557692	0.729788874269057	0.631599366253288	0.748263567578565	0.76299789999622	0.703983753855621	0.716053782227209	0.690734330637355	0.725060630027441	0.42021029106405	0.704688089718713	0.76682244288563	0.758433619131671	0.755405944042222	0.734915318009069	0.315057536903413	0.729424071040329	0.721083743026607	0.7082203534678	0.68523050066587	0.750136566770982	0.641144768286722	0.613546023325118	0.672334025632657	0.716770194155699	0.479985204266536	0.68523050066587	0.697327575103003	0.695586433499095	0.681131427179547	0.508647518680314	0.69523872721616	0.696978998466873	0.586841800844947	0.681131427179547	0.705745915023928	0.686259117686769	0.71820516904057	0.61631320191229	0.638904684031916	0.482150004833912	0.712482449089192	0.697676326071031	0.706805328257749	0.724698190329903	0.755405944042222	0.626566728714124	0.548537298866002	0.71177032276261	0.545528625159293	0.716053782227209	0.725423250990141	0.730519028159425	0.653769785129847	0.7082203534678	0.279990389392548	0.732347610505369	0.334038173707135	0.642749635455531	0.730153859945006	0.725786053308658	0.687289278790972	0.671997942647589	0.730153859945006	0.737860866450591	0.684545612666278	0.697676326071031	0.704688089718713	0.7456492228641	0.650834430597869
0.370648909504607	0.706098876214384	1	0.699422698942729	0.748637792910891	0.586841800844947	0.801716680290195	0.762616496405065	0.815462371187293	0.663318507953708	0.61631320191229	0.785448803788985	0.796124259835454	0.734915318009069	0.793342695503124	0.76682244288563	0.7795799733847	0.682836386058095	0.809774066881276	0.824069836195111	0.755783741455725	0.767205949975856	0.74304401236194	0.787021273341959	0.444413430511627	0.760332075260882	0.822423343564182	0.817503577560099	0.818321490025732	0.790570849628736	0.333537492051693	0.787021273341959	0.775691802046476	0.760332075260882	0.731981528228313	0.805332534922672	0.687633009355848	0.662655520994483	0.718923733431926	0.777244738068946	0.511197124977781	0.741559409435011	0.75088707853109	0.744531587465909	0.723973854367915	0.546074426639709	0.75088707853109	0.748263567578565	0.626880090412377	0.733446956224289	0.76299789999622	0.744903946341604	0.775691802046476	0.657704195267817	0.688665232843956	0.515560819970764	0.762616496405065	0.754273684533089	0.762616496405065	0.781922224925477	0.813426261456961	0.680110495928641	0.591851216005745	0.765673071465374	0.581583920589137	0.766439127501019	0.781140693531376	0.78505617755183	0.704688089718713	0.762616496405065	0.293170772046805	0.791757595740247	0.350813687951265	0.69211718168873	0.794136435002232	0.786234645448117	0.738599096370483	0.72723907795558	0.790966233891378	0.797718101665674	0.732713875869332	0.754273684533089	0.755783741455725	0.807752160150563	0.701524117591467
0.351340303345998	0.650834430597869	0.699422698942729	1	0.686602333042301	0.544710945634513	0.735282867547801	0.699422698942729	0.749386805147503	0.615697196764285	0.575509237321158	0.721083743026607	0.730884379003604	0.675366346352585	0.729788874269057	0.704688089718713	0.714980506711743	0.627507284047341	0.744159414723116	0.756539903215047	0.698025251458144	0.709993119385551	0.684203425413887	0.723250242379842	0.414161203711607	0.699422698942729	0.757296821514336	0.752766644706196	0.748263567578565	0.729424071040329	0.312390897114213	0.725423250990141	0.712126296910112	0.702225992588067	0.674691317576872	0.74304401236194	0.632547476207363	0.61018078309068	0.664646472491499	0.714980506711743	0.477830123415948	0.674016963492534	0.69211718168873	0.688320986296343	0.665977095616065	0.504846932304353	0.687289278790972	0.689699005829128	0.586548453287525	0.682153890976452	0.696282367841771	0.687289278790972	0.714980506711743	0.612932783972572	0.634765271251418	0.479026193188751	0.702225992588067	0.693849639312661	0.705040521864267	0.717846156216735	0.746768535973357	0.627507284047341	0.547167668370306	0.705745915023928	0.543079261547503	0.707866331803857	0.72000292822582	0.725786053308658	0.650834430597869	0.700122471469621	0.278454669352292	0.729059450167624	0.328900501831768	0.63922421625033	0.731249912568882	0.718923733431926	0.678751634251414	0.673006695937386	0.730519028159425	0.733813771398553	0.676718430678921	0.693849639312661	0.693156136482555	0.741559409435011	0.64985891077475
0.367879441171442	0.695934313678642	0.748637792910891	0.686602333042301	1	0.581293201314718	0.788596890981077	0.749386805147503	0.802920157693031	0.658362228424827	0.609266198026327	0.771051585803566	0.779969860835133	0.717846156216735	0.7795799733847	0.750511728837068	0.766056003726194	0.669650061037935	0.798915576699922	0.810584245970187	0.74714201360297	0.756918267749906	0.738229889131799	0.776467881823738	0.436703851051835	0.744159414723116	0.813019649987571	0.803321718153627	0.804929969305001	0.778411480013744	0.330714438344624	0.776467881823738	0.76299789999622	0.752390355463993	0.720723291275541	0.792946123306684	0.679770525680321	0.64661772593544	0.710703467619858	0.761473429175205	0.501826919808048	0.725060630027441	0.740077772746708	0.737492028234604	0.707866331803857	0.536601256177033	0.735650600907253	0.738229889131799	0.619092860862861	0.718564361415701	0.747515678018091	0.729059450167624	0.760712336355864	0.648884853134453	0.679430725374636	0.50661699236559	0.752390355463993	0.7456492228641	0.75163834117834	0.765290330622826	0.798516218759377	0.660340280704983	0.579262231380782	0.750136566770982	0.573211798313141	0.755405944042222	0.766056003726194	0.772209031049185	0.691771209598116	0.749386805147503	0.293317394085284	0.778800783071405	0.34438329921894	0.682153890976452	0.781922224925477	0.774141968792248	0.725060630027441	0.713195287898282	0.776467881823738	0.78231328379451	0.718564361415701	0.737492028234604	0.740447904158223	0.792946123306684	0.690043941558789
0.306205142904458	0.549910357721602	0.586841800844947	0.544710945634513	0.581293201314718	1	0.613239326993927	0.587428936164523	0.630022339941912	0.524924938971396	0.493121344666296	0.604411513073553	0.612626394184416	0.570067787378013	0.610485949767537	0.592443363246025	0.600495578812266	0.537138125823294	0.62188505646502	0.632231281524518	0.587428936164523	0.592739658995412	0.571780558612421	0.609875768959022	0.35987447100206	0.584499122122582	0.632863829027081	0.62782111614085	0.628449251272212	0.604713794394122	0.28365402649977	0.608048883350721	0.601096374738975	0.58978335761285	0.574072261196436	0.624065467656397	0.536601256177033	0.516592973420104	0.566657621382225	0.596903392674358	0.413954174871274	0.574072261196436	0.576661407582004	0.580421915140742	0.564395518119358	0.436485553705193	0.578393989378008	0.579262231380782	0.495593125692651	0.568360146757541	0.58889934575108	0.573211798313141	0.596903392674358	0.516334741496754	0.537406762039664	0.418323593008688	0.591555364366815	0.583914915152629	0.588604969678355	0.601096374738975	0.625314847555148	0.524400276407428	0.467432652244966	0.59511536587755	0.4620879675837	0.592147215607481	0.605318810646224	0.605924432217188	0.549910357721602	0.590373435960464	0.24808099336143	0.608048883350721	0.290689381334955	0.537944437594674	0.616621435565238	0.604411513073553	0.570067787378013	0.565242746659087	0.60683400087146	0.611402365832409	0.567224562426884	0.583331292097639	0.58274825237399	0.620332285596178	0.546894152920681
0.384619786574204	0.747515678018091	0.801716680290195	0.735282867547801	0.788596890981077	0.613239326993927	1	0.804929969305001	0.862431114942045	0.700122471469621	0.647264667078035	0.834852680696944	0.843664816596384	0.781140693531376	0.839037397173464	0.810179055153348	0.824481974139108	0.712838779388888	0.860707976425058	0.877656492948738	0.801716680290195	0.812207036711939	0.78820269109377	0.83318464392833	0.464868829632768	0.802518797962478	0.873279162928479	0.866320800187245	0.868055175584892	0.838617983337074	0.342665680348393	0.835687950943158	0.821190633312658	0.8089646975665	0.774141968792248	0.853422963790934	0.720723291275541	0.697327575103003	0.762616496405065	0.817912431553859	0.530465688861975	0.776467881823738	0.792549749346778	0.787414882372688	0.766439127501019	0.572925264053518	0.789385882301969	0.792153573524314	0.659020919944121	0.772595232106928	0.803723479444656	0.787021273341959	0.817912431553859	0.690734330637355	0.725423250990141	0.540911283348348	0.810584245970187	0.792946123306684	0.80412544166656	0.822834658056018	0.863725732334762	0.707158819287271	0.61170814345336	0.813833076282921	0.611402365832409	0.813833076282921	0.824481974139108	0.83443535869579	0.74304401236194	0.802518797962478	0.300893168247209	0.839037397173464	0.36440113459627	0.729788874269057	0.838198779155184	0.828200503438642	0.778022371558957	0.770666156376051	0.835687950943158	0.841137614844623	0.770280919615079	0.795328533505094	0.79692078229014	0.85513151770291	0.739707826354639
0.368431674404581	0.705393130269954	0.762616496405065	0.699422698942729	0.749386805147503	0.587428936164523	0.804929969305001	1	0.817912431553859	0.667310382649902	0.620022196981994	0.787021273341959	0.795328533505094	0.737860866450591	0.798117060447891	0.769895875424341	0.783487634262862	0.680110495928641	0.813833076282921	0.8290291181804	0.764143255648199	0.771823023043703	0.748263567578565	0.792549749346778	0.443082188082168	0.763379494336853	0.8290291181804	0.821601331295254	0.824069836195111	0.794533602503334	0.334539606948608	0.792549749346778	0.7795799733847	0.767973539656706	0.733446956224289	0.808560316321452	0.683519563976181	0.661993196690834	0.725423250990141	0.775691802046476	0.515303103995142	0.7363866194561	0.753896641959321	0.748263567578565	0.723973854367915	0.544438658239217	0.75088707853109	0.755783741455725	0.626253523657556	0.731249912568882	0.759952004248923	0.742672583220782	0.777244738068946	0.658362228424827	0.689354242524222	0.517109824776131	0.764907781102864	0.761092787628934	0.764907781102864	0.781140693531376	0.816686482598111	0.671997942647589	0.585376528696183	0.772595232106928	0.580421915140742	0.767205949975856	0.780359943278034	0.787414882372688	0.702577193377242	0.765673071465374	0.296413452585319	0.798915576699922	0.348366567051159	0.698374351351574	0.793342695503124	0.784663747578722	0.742301339747774	0.726512202375987	0.794136435002232	0.799315134369365	0.734180770026263	0.756539903215047	0.756539903215047	0.810179055153348	0.708574552186835
0.388485279693152	0.754273684533089	0.815462371187293	0.749386805147503	0.802920157693031	0.630022339941912	0.862431114942045	0.817912431553859	1	0.714980506711743	0.656390101409171	0.849166499001584	0.856415177483614	0.792153573524314	0.853422963790934	0.825719625106483	0.837779784522994	0.730884379003604	0.877217774391044	0.890920572237078	0.817912431553859	0.833601340415735	0.803321718153627	0.847469863204923	0.469071532895939	0.821190633312658	0.890030096976678	0.882055764427033	0.883821641244078	0.852143788966211	0.34680243942605	0.848317756944339	0.836105899397036	0.822012234678187	0.78899128801761	0.870663251269116	0.730884379003604	0.705745915023928	0.781922224925477	0.831935803826672	0.538482651094168	0.792946123306684	0.806944811731901	0.80412544166656	0.774916497961081	0.579841783339846	0.80211763886163	0.807348385022681	0.673006695937386	0.785841626388346	0.820780140627725	0.798117060447891	0.831104283852126	0.703280121976341	0.737123374391628	0.545255929026428	0.821190633312658	0.809774066881276	0.821190633312658	0.837779784522994	0.878534588416246	0.714980506711743	0.621574191659465	0.827786506694734	0.618164917702926	0.824481974139108	0.841137614844623	0.84959118841459	0.754273684533089	0.817094927942237	0.30881897968802	0.85513151770291	0.366960891234346	0.739338064889532	0.851717823571951	0.844086754480363	0.791361815895584	0.781531361537005	0.853422963790934	0.859847698659206	0.784271513771556	0.811395235643411	0.8089646975665	0.869793023204399	0.752390355463993
0.338239856687832	0.620332285596178	0.663318507953708	0.615697196764285	0.658362228424827	0.524924938971396	0.700122471469621	0.667310382649902	0.714980506711743	1	0.548537298866002	0.687976911828979	0.693156136482555	0.647588380333143	0.691425410450308	0.669650061037935	0.682836386058095	0.597500594618237	0.706452013929563	0.719643016747075	0.666643405811253	0.674691317576872	0.654751175666434	0.690043941558789	0.398319831370551	0.666643405811253	0.716770194155699	0.716053782227209	0.712482449089192	0.694543835992463	0.304982768711059	0.689354242524222	0.678751634251414	0.669984969788664	0.652137401996139	0.709638211560209	0.602902371503842	0.583914915152629	0.635400354011125	0.680110495928641	0.454526073306058	0.652789865575553	0.658362228424827	0.655406254326841	0.637947045414389	0.49090728398805	0.662324276052122	0.657375425369507	0.56186144423032	0.643071090630356	0.666976810858474	0.656390101409171	0.6760420504947	0.586548453287525	0.60683400087146	0.464404193160092	0.667310382649902	0.66001019309341	0.671997942647589	0.684887971055076	0.708928928049511	0.598696791605729	0.526238893077105	0.674691317576872	0.515560819970764	0.671326280591941	0.679430725374636	0.689009651557881	0.616621435565238	0.669984969788664	0.272940897475187	0.695586433499095	0.320459299924619	0.613546023325118	0.691425410450308	0.687976911828979	0.648236292615625	0.638904684031916	0.694891194742911	0.700822944119043	0.643071090630356	0.662655520994483	0.661331534380437	0.706805328257749	0.621263482247462
0.319659152276111	0.577527048761955	0.61631320191229	0.575509237321158	0.609266198026327	0.493121344666296	0.647264667078035	0.620022196981994	0.656390101409171	0.548537298866002	1	0.638585311539677	0.640824276032319	0.599295787845538	0.640503943983988	0.620952928151332	0.635718133626414	0.554050190371503	0.654423881908859	0.665311451398028	0.615697196764285	0.628763554467098	0.606530659712633	0.63667242636748	0.373812852945467	0.620022196981994	0.662655520994483	0.660670533401629	0.658033129592179	0.642749635455531	0.289963565529403	0.637947045414389	0.629392632508163	0.62188505646502	0.601697771762109	0.649534062538189	0.567508245622987	0.544166506953589	0.58625525236722	0.625627583156311	0.43171052342908	0.598696791605729	0.60865723635988	0.608961641072897	0.58978335761285	0.447982997184744	0.609266198026327	0.608961641072897	0.517886071552831	0.601697771762109	0.619092860862861	0.603203898064953	0.626253523657556	0.544438658239217	0.564960195929326	0.431926432663605	0.62188505646502	0.612626394184416	0.620642529293437	0.632547476207363	0.656718378522315	0.545801457674318	0.486022674898624	0.62188505646502	0.483840486467991	0.62188505646502	0.636354169725087	0.639543908274801	0.571780558612421	0.613239326993927	0.26527188442244	0.640503943983988	0.302855344003535	0.567224562426884	0.638585311539677	0.637309417236199	0.602299770483065	0.600795901676131	0.641786233734277	0.644680779629801	0.594520547970194	0.608352983811176	0.618164917702926	0.655406254326841	0.573211798313141
0.380983199739337	0.727966680774312	0.785448803788985	0.721083743026607	0.771051585803566	0.604411513073553	0.834852680696944	0.787021273341959	0.849166499001584	0.687976911828979	0.638585311539677	1	0.824894318203603	0.759952004248923	0.822012234678187	0.792153573524314	0.810179055153348	0.703280121976341	0.842400268020024	0.856415177483614	0.783879476032273	0.799714891867596	0.772209031049185	0.814647316411415	0.454071774420053	0.786234645448117	0.854704058817685	0.84959118841459	0.848742021880207	0.817503577560099	0.340105301169467	0.817912431553859	0.803723479444656	0.792549749346778	0.757675564602974	0.836942423488768	0.709638211560209	0.6831778896199	0.750136566770982	0.800515006750229	0.523876138243781	0.762235283468039	0.778022371558957	0.772981626313483	0.74714201360297	0.563549559469784	0.771051585803566	0.776856212839313	0.650183921476041	0.757675564602974	0.789780673932803	0.770280919615079	0.800515006750229	0.67739548758163	0.710703467619858	0.530465688861975	0.793342695503124	0.780750220810926	0.790175663008809	0.805332534922672	0.8470462341894	0.693502801209756	0.601697771762109	0.797319342312987	0.598397518034554	0.793342695503124	0.809369281052726	0.813426261456961	0.724335931806916	0.788596890981077	0.302855344003535	0.822834658056018	0.359514776408329	0.717128668863986	0.822012234678187	0.813833076282921	0.761473429175205	0.751262615946886	0.822012234678187	0.826545757729056	0.752390355463993	0.780750220810926	0.777633457609768	0.839457020769207	0.728330755125702
0.381936849303949	0.731249912568882	0.796124259835454	0.730884379003604	0.779969860835133	0.612626394184416	0.843664816596384	0.795328533505094	0.856415177483614	0.693156136482555	0.640824276032319	0.824894318203603	1	0.76874189731116	0.832351875737895	0.802920157693031	0.815462371187293	0.707158819287271	0.850441204540233	0.866320800187245	0.793739466035243	0.8089646975665	0.781140693531376	0.821601331295254	0.458406011305224	0.794533602503334	0.862000007170499	0.855987076928929	0.859417882272927	0.828614707232681	0.341297755300994	0.823246178256523	0.812207036711939	0.796124259835454	0.76874189731116	0.845776617288844	0.714980506711743	0.689009651557881	0.758812930761241	0.813019649987571	0.526238893077105	0.76874189731116	0.785448803788985	0.777244738068946	0.757296821514336	0.566091246995234	0.779190280829265	0.786627861066553	0.655078633111806	0.765673071465374	0.794930968637841	0.77530405309077	0.810584245970187	0.68249505320539	0.722527353642072	0.535529126152081	0.798516218759377	0.790570849628736	0.796124259835454	0.814647316411415	0.852569967396423	0.703631849961998	0.609875768959022	0.801716680290195	0.602902371503842	0.801716680290195	0.817094927942237	0.822834658056018	0.734915318009069	0.796124259835454	0.302099151278283	0.8290291181804	0.358975908495689	0.723250242379842	0.8290291181804	0.820780140627725	0.771051585803566	0.761473429175205	0.829858561951346	0.83443535869579	0.765673071465374	0.786627861066553	0.786627861066553	0.844086754480363	0.735282867547801
0.3618592336867	0.683861409212356	0.734915318009069	0.675366346352585	0.717846156216735	0.570067787378013	0.781140693531376	0.737860866450591	0.792153573524314	0.647588380333143	0.599295787845538	0.759952004248923	0.76874189731116	1	0.770666156376051	0.7456492228641	0.759572123224968	0.661331534380437	0.787414882372688	0.800515006750229	0.7363866194561	0.745276491443289	0.721805187431716	0.761473429175205	0.4356134549872	0.7363866194561	0.798915576699922	0.792549749346778	0.794136435002232	0.767205949975856	0.317270676613744	0.761473429175205	0.752014254319383	0.741559409435011	0.713195287898282	0.780750220810926	0.659350512795439	0.638585311539677	0.701874967355394	0.747515678018091	0.491152799003683	0.71105890820641	0.729424071040329	0.721083743026607	0.703280121976341	0.525187467067436	0.726512202375987	0.725423250990141	0.606530659712633	0.708928928049511	0.740447904158223	0.717846156216735	0.749012205402669	0.638904684031916	0.670990701353446	0.500323695013234	0.74378742802018	0.731981528228313	0.739338064889532	0.752014254319383	0.788596890981077	0.648884853134453	0.566941021036925	0.741559409435011	0.564395518119358	0.742301339747774	0.755028335480208	0.761854261089838	0.679770525680321	0.738599096370483	0.289673746897341	0.769126364368571	0.340445576579986	0.673680039248868	0.769895875424341	0.756161727815168	0.716053782227209	0.704335833745186	0.767589648867573	0.773368213765449	0.71105890820641	0.731981528228313	0.726875549306338	0.779969860835133	0.680790946593197
0.38251018447178	0.737492028234604	0.793342695503124	0.729788874269057	0.7795799733847	0.610485949767537	0.839037397173464	0.798117060447891	0.853422963790934	0.691425410450308	0.640503943983988	0.822012234678187	0.832351875737895	0.770666156376051	1	0.798516218759377	0.816686482598111	0.7082203534678	0.850016090225398	0.868489311697668	0.794930968637841	0.806138270258117	0.777633457609768	0.822834658056018	0.460934190487037	0.796522421497492	0.862431114942045	0.856415177483614	0.857272021011457	0.826545757729056	0.341127149078453	0.824481974139108	0.810989639433092	0.798915576699922	0.771437207993982	0.8470462341894	0.716053782227209	0.696282367841771	0.756918267749906	0.808560316321452	0.52914118096454	0.764525422809852	0.784271513771556	0.779190280829265	0.759192432094049	0.560178385747647	0.778800783071405	0.786234645448117	0.650834430597869	0.764525422809852	0.795328533505094	0.773368213765449	0.810989639433092	0.686259117686769	0.721444375048613	0.536333022612924	0.800515006750229	0.786234645448117	0.797319342312987	0.814240094567154	0.855559190371018	0.700472620235252	0.610791269065884	0.805332534922672	0.605016226893143	0.802920157693031	0.818321490025732	0.824069836195111	0.73601851817936	0.799714891867596	0.307125137635272	0.830273594981933	0.364583380721303	0.725060630027441	0.828614707232681	0.818730753077982	0.772209031049185	0.761092787628934	0.830273594981933	0.832351875737895	0.763761279522364	0.787808688257141	0.787808688257141	0.845353834684659	0.734180770026263
0.373439226936661	0.711414526557692	0.76682244288563	0.704688089718713	0.750511728837068	0.592443363246025	0.810179055153348	0.769895875424341	0.825719625106483	0.669650061037935	0.620952928151332	0.792153573524314	0.802920157693031	0.7456492228641	0.798516218759377	1	0.787021273341959	0.68591607389602	0.819959770740405	0.83443535869579	0.767589648867573	0.779969860835133	0.752390355463993	0.795328533505094	0.446864438472754	0.774529136560521	0.832768155737091	0.830273594981933	0.829443736385404	0.798915576699922	0.331376529091363	0.79692078229014	0.783095988365365	0.772981626313483	0.737492028234604	0.815462371187293	0.691425410450308	0.666310167424886	0.727966680774312	0.779969860835133	0.508901906031192	0.742672583220782	0.754273684533089	0.752390355463993	0.727966680774312	0.545801457674318	0.752014254319383	0.759952004248923	0.632863829027081	0.744159414723116	0.770280919615079	0.754273684533089	0.787021273341959	0.664646472491499	0.69523872721616	0.518404216653756	0.772981626313483	0.764525422809852	0.774529136560521	0.787808688257141	0.823657904268577	0.676380156039289	0.587428936164523	0.778411480013744	0.588310740756876	0.776079744925137	0.790175663008809	0.792549749346778	0.709993119385551	0.76682244288563	0.293904615899528	0.803321718153627	0.35345468195878	0.694543835992463	0.800915364334659	0.789780673932803	0.7456492228641	0.734915318009069	0.800114849294554	0.807752160150563	0.736754904829499	0.759192432094049	0.759192432094049	0.817912431553859	0.709638211560209
0.382701487385759	0.729788874269057	0.7795799733847	0.714980506711743	0.766056003726194	0.600495578812266	0.824481974139108	0.783487634262862	0.837779784522994	0.682836386058095	0.635718133626414	0.810179055153348	0.815462371187293	0.759572123224968	0.816686482598111	0.787021273341959	1	0.699422698942729	0.832768155737091	0.847469863204923	0.781922224925477	0.793739466035243	0.767205949975856	0.810179055153348	0.45475339316794	0.782704538241868	0.84662281693544	0.841558288811773	0.840717151161881	0.818730753077982	0.333204121272812	0.810989639433092	0.796124259835454	0.786627861066553	0.756539903215047	0.830688835580923	0.700122471469621	0.679430725374636	0.745276491443289	0.79692078229014	0.526238893077105	0.752014254319383	0.772209031049185	0.771051585803566	0.749012205402669	0.555437048698018	0.768357622439228	0.770280919615079	0.649209376685147	0.752766644706196	0.780750220810926	0.761473429175205	0.794533602503334	0.676380156039289	0.705393130269954	0.527028843731596	0.790570849628736	0.773368213765449	0.785841626388346	0.800915364334659	0.836524056877393	0.68694572004842	0.597201918996056	0.78820269109377	0.598696791605729	0.783487634262862	0.80412544166656	0.809774066881276	0.721805187431716	0.782704538241868	0.303006809538765	0.816686482598111	0.360775282725046	0.712482449089192	0.815054741917509	0.806138270258117	0.758812930761241	0.75163834117834	0.815870204322674	0.821190633312658	0.750511728837068	0.772595232106928	0.771051585803566	0.831519939899404	0.720723291275541
0.340615841931066	0.631599366253288	0.682836386058095	0.627507284047341	0.669650061037935	0.537138125823294	0.712838779388888	0.680110495928641	0.730884379003604	0.597500594618237	0.554050190371503	0.703280121976341	0.707158819287271	0.661331534380437	0.7082203534678	0.68591607389602	0.699422698942729	1	0.722888707649867	0.734915318009069	0.679430725374636	0.687633009355848	0.665977095616065	0.699073075006526	0.403935527157516	0.680110495928641	0.733446956224289	0.728330755125702	0.729059450167624	0.706452013929563	0.307740002570523	0.703280121976341	0.691771209598116	0.680790946593197	0.658033129592179	0.720363019705301	0.613239326993927	0.590964104681563	0.652137401996139	0.693156136482555	0.462781619644061	0.655406254326841	0.670320046035639	0.668646338926159	0.653442981944887	0.494355690317137	0.666976810858474	0.668646338926159	0.570352892542054	0.657375425369507	0.680450636204588	0.666310167424886	0.694543835992463	0.594223361998893	0.617855912501812	0.469540839042799	0.68694572004842	0.674016963492534	0.682836386058095	0.696630596075495	0.725423250990141	0.608961641072897	0.533658050502991	0.682153890976452	0.523876138243781	0.682836386058095	0.697327575103003	0.705745915023928	0.630337429877803	0.678751634251414	0.273213974888613	0.708928928049511	0.323033256422253	0.615389425115227	0.706805328257749	0.700472620235252	0.656061988393556	0.655078633111806	0.706098876214384	0.712838779388888	0.658033129592179	0.6760420504947	0.671997942647589	0.71533808635256	0.629392632508163
0.388485279693152	0.748263567578565	0.809774066881276	0.744159414723116	0.798915576699922	0.62188505646502	0.860707976425058	0.813833076282921	0.877217774391044	0.706452013929563	0.654423881908859	0.842400268020024	0.850441204540233	0.787414882372688	0.850016090225398	0.819959770740405	0.832768155737091	0.722888707649867	1	0.889140511746448	0.813833076282921	0.822834658056018	0.796124259835454	0.842400268020024	0.467666427009909	0.812207036711939	0.884705904943484	0.879413562418416	0.879413562418416	0.845353834684659	0.34680243942605	0.845776617288844	0.828614707232681	0.817094927942237	0.782704538241868	0.866320800187245	0.72723907795558	0.704335833745186	0.774141968792248	0.826959133943362	0.532591801006897	0.78899128801761	0.805332534922672	0.796124259835454	0.774141968792248	0.576373148948877	0.798117060447891	0.800114849294554	0.668980745690347	0.782704538241868	0.815054741917509	0.794136435002232	0.827786506694734	0.697676326071031	0.731249912568882	0.540370642430512	0.819549893332926	0.803321718153627	0.817094927942237	0.833601340415735	0.874152878876572	0.713551974706502	0.620952928151332	0.822012234678187	0.616929823373547	0.821190633312658	0.836105899397036	0.844508903386034	0.749012205402669	0.811395235643411	0.305746179498712	0.850016090225398	0.365130666153843	0.739338064889532	0.850016090225398	0.839037397173464	0.784271513771556	0.779190280829265	0.847469863204923	0.853849781968482	0.780359943278034	0.802518797962478	0.803321718153627	0.867187554292255	0.750136566770982
0.39297864775543	0.76299789999622	0.824069836195111	0.756539903215047	0.810584245970187	0.632231281524518	0.877656492948738	0.8290291181804	0.890920572237078	0.719643016747075	0.665311451398028	0.856415177483614	0.866320800187245	0.800515006750229	0.868489311697668	0.83443535869579	0.847469863204923	0.734915318009069	0.889140511746448	1	0.828200503438642	0.83987685422921	0.812613241773098	0.857272021011457	0.472602795073046	0.829858561951346	0.901225297421205	0.894938748929031	0.894044257500357	0.862862438321375	0.349762823971529	0.858988280741123	0.84662281693544	0.832351875737895	0.801315922147935	0.881614846783416	0.740818220681718	0.712482449089192	0.784663747578722	0.83987685422921	0.540911283348348	0.798915576699922	0.817912431553859	0.812613241773098	0.785448803788985	0.583623030672253	0.811395235643411	0.814240094567154	0.675366346352585	0.794136435002232	0.826959133943362	0.806541440177327	0.83987685422921	0.708574552186835	0.743415627264104	0.549910357721602	0.834852680696944	0.821601331295254	0.827372716897456	0.84662281693544	0.888696052614617	0.723250242379842	0.63318034006276	0.837360999335754	0.624689845260824	0.834852680696944	0.85427681360848	0.857700764198828	0.759952004248923	0.827372716897456	0.310832841014839	0.872842632488719	0.371205300057455	0.748637792910891	0.863293977416319	0.852143788966211	0.802920157693031	0.792153573524314	0.863293977416319	0.869793023204399	0.794930968637841	0.819140220812924	0.819959770740405	0.883379840882751	0.764143255648199
0.368800290356243	0.703983753855621	0.755783741455725	0.698025251458144	0.74714201360297	0.587428936164523	0.801716680290195	0.764143255648199	0.817912431553859	0.666643405811253	0.615697196764285	0.783879476032273	0.793739466035243	0.7363866194561	0.794930968637841	0.767589648867573	0.781922224925477	0.679430725374636	0.813833076282921	0.828200503438642	1	0.770280919615079	0.746768535973357	0.787808688257141	0.441313399265856	0.761092787628934	0.824894318203603	0.819140220812924	0.819959770740405	0.791361815895584	0.329229566838682	0.790175663008809	0.776467881823738	0.767205949975856	0.739338064889532	0.808560316321452	0.681472078048757	0.66001019309341	0.721805187431716	0.771823023043703	0.50661699236559	0.734915318009069	0.747889529312135	0.749012205402669	0.728330755125702	0.54389449170959	0.752390355463993	0.749012205402669	0.623130071177658	0.729059450167624	0.762235283468039	0.741188722409772	0.774916497961081	0.655734039393442	0.689354242524222	0.515045516845298	0.76874189731116	0.749761592239041	0.764143255648199	0.778800783071405	0.814240094567154	0.671997942647589	0.584206945611736	0.771051585803566	0.583331292097639	0.767973539656706	0.781922224925477	0.787414882372688	0.701874967355394	0.761854261089838	0.292292577680859	0.794930968637841	0.352572148879884	0.691425410450308	0.793342695503124	0.785448803788985	0.735650600907253	0.729424071040329	0.789385882301969	0.798516218759377	0.734180770026263	0.755783741455725	0.756539903215047	0.810179055153348	0.708574552186835
0.373999806106335	0.716053782227209	0.767205949975856	0.709993119385551	0.756918267749906	0.592739658995412	0.812207036711939	0.771823023043703	0.833601340415735	0.674691317576872	0.628763554467098	0.799714891867596	0.8089646975665	0.745276491443289	0.806138270258117	0.779969860835133	0.793739466035243	0.687633009355848	0.822834658056018	0.83987685422921	0.770280919615079	1	0.753519787859717	0.802920157693031	0.447982997184744	0.772595232106928	0.836524056877393	0.832351875737895	0.830688835580923	0.801716680290195	0.331210882241981	0.799714891867596	0.790570849628736	0.7795799733847	0.74304401236194	0.821601331295254	0.695934313678642	0.669984969788664	0.735650600907253	0.783487634262862	0.514273527706632	0.746022140697222	0.765290330622826	0.760332075260882	0.734915318009069	0.5433508690745	0.757675564602974	0.756539903215047	0.635082733245928	0.742301339747774	0.773754994559472	0.749386805147503	0.781922224925477	0.666310167424886	0.694196650877979	0.519182406475192	0.774141968792248	0.771051585803566	0.770280919615079	0.78899128801761	0.825719625106483	0.682836386058095	0.59125966061673	0.7795799733847	0.585083913591707	0.776467881823738	0.789780673932803	0.798516218759377	0.71177032276261	0.770280919615079	0.298794270781101	0.811801034702544	0.351164677104544	0.697676326071031	0.802920157693031	0.793342695503124	0.747515678018091	0.73454795219917	0.804527604919828	0.809774066881276	0.744531587465909	0.765673071465374	0.762616496405065	0.819959770740405	0.715695844827902
0.365130666153843	0.690734330637355	0.74304401236194	0.684203425413887	0.738229889131799	0.571780558612421	0.78820269109377	0.748263567578565	0.803321718153627	0.654751175666434	0.606530659712633	0.772209031049185	0.781140693531376	0.721805187431716	0.777633457609768	0.752390355463993	0.767205949975856	0.665977095616065	0.796124259835454	0.812613241773098	0.746768535973357	0.753519787859717	1	0.773754994559472	0.43911233950447	0.747515678018091	0.810179055153348	0.802920157693031	0.802920157693031	0.777244738068946	0.320139000800948	0.772209031049185	0.762616496405065	0.751262615946886	0.721083743026607	0.791757595740247	0.674691317576872	0.648884853134453	0.71105890820641	0.757296821514336	0.497579468232045	0.725423250990141	0.737492028234604	0.7363866194561	0.71177032276261	0.53526142851899	0.739707826354639	0.737123374391628	0.61754706176468	0.717487322854443	0.746395245035882	0.731615628946642	0.760332075260882	0.644036421083141	0.676380156039289	0.506870364199452	0.757296821514336	0.740077772746708	0.749761592239041	0.76874189731116	0.799714891867596	0.655406254326841	0.573211798313141	0.751262615946886	0.573498475875715	0.748263567578565	0.76874189731116	0.774141968792248	0.687976911828979	0.752014254319383	0.290253674125055	0.781531361537005	0.34524533456219	0.679770525680321	0.778411480013744	0.767589648867573	0.724698190329903	0.712126296910112	0.776856212839313	0.784271513771556	0.71533808635256	0.740818220681718	0.740077772746708	0.792549749346778	0.690389049799439
0.3753110988514	0.725060630027441	0.787021273341959	0.723250242379842	0.776467881823738	0.609875768959022	0.83318464392833	0.792549749346778	0.847469863204923	0.690043941558789	0.63667242636748	0.814647316411415	0.821601331295254	0.761473429175205	0.822834658056018	0.795328533505094	0.810179055153348	0.699073075006526	0.842400268020024	0.857272021011457	0.787808688257141	0.802920157693031	0.773754994559472	1	0.454071774420053	0.793342695503124	0.855559190371018	0.84959118841459	0.850441204540233	0.821601331295254	0.338747597183034	0.81627824142561	0.804527604919828	0.793342695503124	0.759952004248923	0.837779784522994	0.7082203534678	0.684545612666278	0.750136566770982	0.800515006750229	0.521784819117483	0.762235283468039	0.781922224925477	0.778411480013744	0.75088707853109	0.556827378507896	0.778022371558957	0.776079744925137	0.650183921476041	0.760712336355864	0.786627861066553	0.767205949975856	0.801315922147935	0.682153890976452	0.710703467619858	0.530465688861975	0.794930968637841	0.779969860835133	0.788596890981077	0.808560316321452	0.845353834684659	0.690734330637355	0.600495578812266	0.798915576699922	0.599595510663922	0.794930968637841	0.806944811731901	0.817503577560099	0.72723907795558	0.788596890981077	0.299841882980747	0.825306868491682	0.35416229870357	0.710703467619858	0.822834658056018	0.809774066881276	0.766056003726194	0.758054497110508	0.819549893332926	0.825719625106483	0.756918267749906	0.783095988365365	0.779969860835133	0.839457020769207	0.728330755125702
0.254743021698082	0.42021029106405	0.444413430511627	0.414161203711607	0.436703851051835	0.35987447100206	0.464868829632768	0.443082188082168	0.469071532895939	0.398319831370551	0.373812852945467	0.454071774420053	0.458406011305224	0.4356134549872	0.460934190487037	0.446864438472754	0.45475339316794	0.403935527157516	0.467666427009909	0.472602795073046	0.441313399265856	0.447982997184744	0.43911233950447	0.454071774420053	1	0.442639327361351	0.473548946499235	0.466498721182848	0.470716159679056	0.460243307493093	0.227410164476343	0.463244632731665	0.455663810067704	0.445303146792359	0.430847965227942	0.466498721182848	0.405554505063321	0.39672973435922	0.420630711530312	0.451129879403042	0.323356451249156	0.434308572923995	0.436267365479943	0.436922257574441	0.424858120461925	0.343351697497566	0.434091472917058	0.436922257574441	0.380983199739337	0.427842560659395	0.440651925396386	0.435831316175452	0.450228521302789	0.398120721236547	0.414782911681581	0.320940349571544	0.44352549188521	0.439551671473348	0.447535238104412	0.451581234922592	0.467900318691462	0.399916301507681	0.362221273910329	0.447982997184744	0.360955715470836	0.446194644286272	0.450678975013409	0.456119701785639	0.416862019678508	0.438234992464949	0.20929720576532	0.458176865590773	0.241834904124773	0.412301665394089	0.458635271621179	0.454071774420053	0.43171052342908	0.425495885847075	0.455891698940208	0.4620879675837	0.426987730653026	0.438673446647968	0.447535238104412	0.463708109063939	0.412095566090511
0.372506794895013	0.704688089718713	0.760332075260882	0.699422698942729	0.744159414723116	0.584499122122582	0.802518797962478	0.763379494336853	0.821190633312658	0.666643405811253	0.620022196981994	0.786234645448117	0.794533602503334	0.7363866194561	0.796522421497492	0.774529136560521	0.782704538241868	0.680110495928641	0.812207036711939	0.829858561951346	0.761092787628934	0.772595232106928	0.747515678018091	0.793342695503124	0.442639327361351	1	0.824894318203603	0.824069836195111	0.823246178256523	0.795328533505094	0.32758752752369	0.789385882301969	0.777244738068946	0.767973539656706	0.737123374391628	0.809369281052726	0.68694572004842	0.661331534380437	0.725423250990141	0.773368213765449	0.507631240260133	0.738599096370483	0.756161727815168	0.755028335480208	0.722527353642072	0.548263098772305	0.748637792910891	0.750511728837068	0.630022339941912	0.734915318009069	0.763761279522364	0.7456492228641	0.776467881823738	0.660340280704983	0.687289278790972	0.515045516845298	0.764907781102864	0.751262615946886	0.764143255648199	0.7795799733847	0.819959770740405	0.668646338926159	0.586548453287525	0.770280919615079	0.583331292097639	0.770280919615079	0.784271513771556	0.796124259835454	0.705393130269954	0.763379494336853	0.29789923119941	0.798117060447891	0.349063997383116	0.687289278790972	0.794930968637841	0.783095988365365	0.740077772746708	0.728695011559784	0.796522421497492	0.802518797962478	0.7363866194561	0.752766644706196	0.760332075260882	0.812613241773098	0.705040521864267
