1	0.104298322554025	0.0213970974356835	0.0144508795176878	0.0285956691770067	0.00647051225321395	0.00199621977387981	0.0240408695260607	0.000953377133159759	0.510686183366188	0.00841280776862466	0.0049691821984928	0.0317456363780679	0.216535667316007	0.00156557830388143	0.000903711848539309	0.000179560205425833	0.0248971982978687	7.13855630669085e-06	0.00757804521340593	0.00436996621948273	9.05598137644029e-05	0.000254935496425125	0.210031029427796	0.0171458348629639	0.0356502186108136	5.44624001442259e-05	4.7927082627115e-07	0.00277806676906004	0.000371671558849882	0.624689845260824	0.0376847415453497	0.00121622923205672	2.79270471451684e-06	0.00330770726097648	5.08312111157009e-05	0.00199123545743666	0.00136036803754789	0.00101740501129297	0.116251422271031	0.00316532355355377	4.97087385673792e-07	0.0220928776650624	0.000475568322835991	0.00488786341707585	0.00926510579990728	0.0482914863454531	0.000147011462211129	4.14857887959963e-09	0.0156779501944534	0.00536156161634235	9.98926042076269e-06	0.00519270771565074	0.000149084097274601	0.0414196447427923	0.00348077607500463	0.0321932009290204	0.0109819748526266	4.90093236197558e-05	0.000180821536371694	0.218711886952215	0.0166141589230613	0.00435034555110877	0.000221187455731227	0.00536960999354069	1.94906726001045e-10	0.0201409544912886	0.00462397756261261	0.107045639294287	0.000225430195785641	0.0085399510760315	3.73753186700802e-05	0.0184627516663539	0.20929720576532	1.540220310516e-05	0.243655484548335	0.0187417804252715	0.00409086025396955	3.23952095335576e-05	0.00352279700926021	0.0044382283608206	0.000973123068714698	0.00101893226396305	2.37364195369321e-05	0.00600297559612833
0.104298322554025	1	0.346455810330057	0.438892838214613	0.385968314374242	0.135741898704563	0.0356145862113719	0.000150808460477799	0.146021705575281	0.0697735695964436	0.00412165704949771	0.276097835397194	0.357185508682741	0.090040113715514	0.218274900310614	0.150845370993955	0.00563645475869983	0.22958085549583	0.00522918418836934	0.157237166313628	0.158420878432781	0.0120824656162146	0.0220156877543764	0.0266757597626831	0.449104355791924	0.131138665545383	0.00302906890125593	0.000169696332097018	0.000102823153675225	0.00575895064821679	0.0312417480521976	0.232934029663032	0.0789847881594397	0.000107180095807984	0.215240343170518	0.00974013793230838	0.105030972093642	0.0964722381106364	0.0180429545507502	0.0724759859692476	0.28083162177838	0.000485660858340389	0.350287861887479	0.0168990140329599	0.213205241946844	0.105083500710748	0.270360236497509	0.00966252768376497	1.41271100642925e-06	0.21140067765351	0.0273784245760819	0.00125264244866892	0.146314041224635	0.0163014698563299	0.119612252148415	0.0859491015825198	0.426774290152271	0.336889599575647	0.000586111800938638	0.0214828572306698	0.00219735700982221	0.196321825395682	0.11429185163559	0.020465801610057	0.0514831865177825	4.97627064461298e-08	0.335041792904337	0.0510985069703856	0.270090011396081	0.0102754266124695	0.00556365507007221	0.00395806503760572	0.00891072207337694	0.142630201742691	0.00304120944175457	0.00710113960548557	0.420420448744624	0.0247606395879244	0.00345131486588666	0.14313028207888	0.157237166313628	0.108772144734558	0.0871172819295411	0.00711891466406466	8.1900947351399e-05
0.0213970974356835	0.346455810330057	1	0.442418063018366	0.141847888965323	0.0198808166425165	0.342665680348393	1.95035334351718e-06	0.151677306259232	0.0324031382923359	0.0413989400970138	0.335209355687995	0.451807081997117	0.0734977856814617	0.257689476088041	0.252208286280946	0.0233653762456464	0.310832841014839	0.0166141589230613	0.378325629688077	0.0249096500096862	0.0567556538653422	0.0721505767522521	0.013759854784289	0.405149153267934	0.128670552225192	0.0142571035747769	0.000913250814883185	1.33110650895307e-06	0.104037902408457	0.0102857071785082	0.674354056240444	0.174383217860772	0.00215923777825611	0.0754715133913378	0.00861285004187059	0.421683603876189	0.0835341290078504	0.147489248114228	0.181681522700042	0.197108685368063	2.84034483327697e-05	0.296413452585319	0.176841752497345	0.596008708766031	0.0105460910954112	0.345763591159308	0.00784012892687947	1.04490447000012e-05	0.366410862522159	0.000518277367768119	0.0114759699428234	0.598098394062761	0.110858573794219	0.360414687769848	0.18581569195613	0.388873959280249	0.047548739465768	0.0183523068222225	0.0807417087637015	0.000253917791206801	0.707512487106502	0.579262231380782	0.0756982678931988	0.0116494070180973	6.3097474435512e-07	0.620952928151332	0.494602929967057	0.0465140900713817	0.070228574964269	0.0389490849453654	0.0417523308709231	0.049267039081515	0.0782771143748271	0.0143716178497328	0.0012059350956432	0.58187478525954	0.207733348517334	0.0614826658497615	0.28650479686019	0.723973854367915	0.0263707457176726	0.0796192007314733	0.00203552806978178	1.39167847964211e-06
0.0144508795176878	0.438892838214613	0.442418063018366	1	0.342152067134083	0.0410280212745404	0.102848319741259	5.67749751874396e-06	0.355404038526113	0.0131675474900798	0.00454830792409441	0.319339652900148	0.280550930525619	0.0398752280010023	0.435395702702315	0.382892885975112	0.00622613203594994	0.205152843417977	0.034286623030173	0.20361995261826	0.0918131266268617	0.0338268639754544	0.0570116298216787	0.00993690177058644	0.445303146792359	0.150468728565674	0.00293220669850159	0.000437252380424147	8.85967921486425e-06	0.018732411877391	0.00556365507007221	0.28779697366332	0.123440008755258	0.000479627882265772	0.182957754960576	0.0161311999044382	0.24857765184108	0.149718262651102	0.0338607077585011	0.0538259277212543	0.401117851836535	0.000554468810903085	0.292146467922503	0.0595463665592699	0.398519041084514	0.0384075970159104	0.19879124996279	0.0117841484772356	8.40654490619221e-06	0.111191648878421	0.00310575014556802	0.00598798690081376	0.202807099597632	0.0503377493124172	0.0989639140342579	0.0858202745745571	0.356293660186159	0.177550536129554	0.0019275606256988	0.0558547895364847	0.000231947385188233	0.293317394085284	0.176664999136257	0.0354192436716194	0.0176150786897089	6.40831041867848e-07	0.467198994338188	0.103467264637562	0.0920429465986957	0.0179260556790844	0.00669094606528051	0.0139190064825931	0.00857417929112821	0.0660066357726416	0.00968671422355197	0.00108519020847936	0.862431114942045	0.0471698670603144	0.036901613596105	0.183507452359283	0.332372151365332	0.148673894366042	0.134929885787125	0.00619198230759093	6.22149703066991e-06
0.0285956691770067	0.385968314374242	0.141847888965323	0.342152067134083	1	0.0185738611715392	0.0367359294039469	0.000130713846742997	0.164145836393724	0.0201711885929328	0.00220175612148715	0.145148198483624	0.122272881305228	0.0363522201441418	0.105083500710748	0.0749075943805611	0.00269192157564384	0.0906726056506222	0.00668760142847675	0.171701117955854	0.196223689019122	0.00398586869212829	0.0138011963299542	0.0371422553228328	0.357900594547609	0.284648555002151	0.00104107650522375	5.60369087224696e-05	0.000425817375338487	0.00269326787297795	0.0116435837705215	0.0829099665751727	0.0171201353900928	5.71403520498611e-05	0.0673400582659069	0.00187433752873364	0.05138032304251	0.0326634030697067	0.00467278511826864	0.0303943057186967	0.0852642518214322	0.000189902457349631	0.381745928613447	0.00645758416110899	0.0798584169786263	0.0208166943753059	0.0803791873591797	0.011453040939584	6.84210649247343e-07	0.0846694861670968	0.0154677201127395	0.00124889015258126	0.0716472862867167	0.00599697562101975	0.0549957153231354	0.0167559811645466	0.13365412134803	0.0929215212131989	0.00023545282100803	0.0135482214306821	0.00135832901514069	0.181772386175368	0.0521307652845539	0.0121795130131464	0.00330440120701798	5.40152188247938e-08	0.148154445301894	0.0292756255987487	0.517368444338022	0.00277529009086147	0.00206113186096713	0.00159162463722203	0.00350873396606029	0.24304710662623	0.00160360669856537	0.0110039607809315	0.28779697366332	0.0102702901833775	0.00201325996015345	0.10774370219637	0.090808716616802	0.0345102119566614	0.114577938724537	0.0012211038918049	0.0004260303372622
0.00647051225321395	0.135741898704563	0.0198808166425165	0.0410280212745404	0.0185738611715392	1	0.000476520411252717	2.17151583458685e-05	0.0314297620183677	0.00186498923130915	6.85121127404941e-05	0.100660682238943	0.0594571139656111	0.0103631399924333	0.064829145532956	0.0647319747109926	0.00174064420763936	0.0662380637605753	0.00137885752931592	0.0037425053954557	0.0233653762456464	0.0143644338369607	0.00603004985771167	0.00121258601192317	0.113324488016397	0.00988734126624537	0.00256063501120074	0.000793942116903368	5.74891164615556e-06	0.000374844231858279	0.000908241723031001	0.014009774701863	0.0988155794419635	1.24723046473968e-05	0.412301665394089	0.0200705843701172	0.0211418667135494	0.185351732916684	0.0061334370061594	0.00258895748434187	0.180865792617122	0.0139259677260002	0.0145233148527069	0.00255807565608038	0.0428735582878824	0.522045776761016	0.0831590699431226	0.000815670568164406	1.41129900154293e-06	0.028212221736928	0.106033520895348	0.000158223811307967	0.0164735370617855	0.00657487310976232	0.00616109966699327	0.0848389945913524	0.188152965632889	0.12319337545326	1.56037388898398e-05	0.00484649265286477	4.81832070049915e-05	0.00750639466286468	0.0109655142388943	0.00663763203721172	0.367695547428124	1.45598222843144e-08	0.0473352508478244	0.00157894243656521	0.00709758992317735	0.00754402062269119	0.000247401013848733	0.000950996667149198	0.000230214287041263	0.00137885752931592	0.00173023161141996	0.00013242422008972	0.042404533512305	0.000987336149019129	0.000285862394797409	0.0109655142388943	0.00645435617609194	0.20877461625997	0.0188263084826733	0.20638746062626	2.30829823437383e-06
0.00199621977387981	0.0356145862113719	0.342665680348393	0.102848319741259	0.0367359294039469	0.000476520411252717	1	6.99489602593802e-08	0.064829145532956	0.0124815964942963	0.131927862762717	0.102386542081408	0.0982244610937104	0.0311637412312218	0.0251977644676766	0.0685974443031779	0.0302729713263857	0.123996740501601	0.0178723580986909	0.287365601812596	0.00119752302656473	0.0400751034131307	0.0376659038843847	0.00596408279329767	0.100108568192044	0.0915838804873679	0.0235295076691454	0.000796327519569024	2.10893007189846e-08	0.32174370422037	0.00293220669850159	0.273624103370408	0.0352073644827933	0.00562800641440407	0.00242724113985953	0.00119632610210014	0.268340119631315	0.0086387273886083	0.14882264262214	0.14551152294618	0.0154213864875892	2.65407355675751e-07	0.0587185258338723	0.249698771902614	0.183874834523705	0.00015579025104643	0.111358561504913	0.00254531720051899	2.01965249607964e-05	0.181046748872787	7.88143944572088e-06	0.0175535336808875	0.355581784978286	0.11877789005767	0.245735383213615	0.0513033103319191	0.0711830892007419	0.00172936671185716	0.100963117712043	0.0498119681264688	6.20543465259898e-05	0.548263098772305	0.513759511229998	0.0732409930807702	0.000168175917237798	2.05959746416937e-06	0.155750486145504	0.664314232322217	0.0061334370061594	0.0757740040228455	0.0983227346834095	0.0599646534211983	0.119612252148415	0.0297032146992179	0.0104882468119815	0.0002348649241328	0.173513477933245	0.444191279338792	0.210346312375033	0.135741898704563	0.548811636094026	0.000757490168153724	0.0351721747161263	5.81200418035336e-05	8.7292612471597e-08
0.0240408695260607	0.000150808460477799	1.95035334351718e-06	5.67749751874396e-06	0.000130713846742997	2.17151583458685e-05	6.99489602593802e-08	1	2.66604380061181e-07	0.00284839386414371	1.62825771714157e-06	1.58092569433031e-06	3.55199905102774e-06	0.0010722457480732	2.74174793902768e-07	7.64980948764376e-08	6.71447629723453e-09	5.98652169385523e-06	6.19567166646232e-10	7.21812808265327e-07	2.42038220819924e-05	2.36497118265652e-09	1.31020124028402e-08	0.0125065846671283	1.4783483205705e-05	0.000123904431899148	3.47038603463855e-09	1.4761480454363e-11	0.0689757696879588	3.99788646188328e-09	0.0213757110332312	3.27072135344286e-06	1.02952306463342e-07	4.83526541991631e-11	3.54667504645288e-06	2.25394213680932e-08	1.18304976507983e-07	8.43251992606026e-07	2.16015665375396e-08	0.00010164746060023	9.69485808818525e-07	2.99746171925251e-09	1.30138029290779e-05	6.16732896233232e-09	3.19662527243838e-07	0.000155401261857898	3.91347397808021e-05	2.56172470349606e-08	8.41226955908774e-14	1.93674854246912e-06	0.0011471209470139	3.65410403811296e-10	2.03316898248502e-07	3.16219319828114e-09	6.87925635360344e-06	2.80553892587957e-07	2.96217994437281e-05	4.15546969387982e-05	2.94571310862759e-10	9.27447345884719e-09	0.152133021408948	2.79549881604928e-06	2.5183291627293e-07	2.7626234232693e-08	1.11954848425909e-05	5.17208758339513e-15	1.99473370048166e-06	1.66628342272341e-07	0.00214310407194454	5.01165318116199e-09	1.57540212628287e-06	7.10892423974172e-10	4.14337452286952e-06	0.00129791000070919	6.08514728008573e-10	0.115903190612879	4.91607554111693e-06	1.10417190960926e-07	2.50265190068735e-10	3.45767241738222e-07	1.37519515362746e-07	6.94551169000182e-07	2.01478110745992e-06	3.15560660061824e-08	0.0572974018053884
0.000953377133159759	0.146021705575281	0.151677306259232	0.355404038526113	0.164145836393724	0.0314297620183677	0.064829145532956	2.66604380061181e-07	1	0.00153918842226246	0.000764338350261425	0.372693094863571	0.0865095903579402	0.00577336603656475	0.254870425057116	0.445971602729164	0.0172231649821208	0.120935250070417	0.288373143588516	0.144424268823542	0.0536915309678911	0.0746458760744356	0.162512558032225	0.000942476097223292	0.300141874834656	0.0577576194358619	0.0179979035016488	0.0114187333039494	2.4561513941599e-07	0.0136638721320108	0.000377477346631115	0.0564725838607559	0.112533986583177	0.00309180566851763	0.0905366986978434	0.0850513574207619	0.266201962705459	0.164392239904747	0.0239209651890735	0.00755534514489352	0.223353401910856	0.00183814200026445	0.135335283236613	0.0635772231087399	0.169398728956621	0.0157801887861756	0.0879488397535373	0.031101476034711	0.000165920798655031	0.096231358740031	0.00270947605614078	0.0476677600281456	0.148376843726966	0.145948712972165	0.0230405401366097	0.0658747544264029	0.204845344834444	0.0727300963539088	0.00207872615158832	0.224136508454574	1.30007956308818e-05	0.113608153670764	0.140858420921045	0.1643100643304	0.00326825197899887	3.80351433737736e-05	0.144063659101453	0.043153144086224	0.0195456993274747	0.0357215903960298	0.0013024606446932	0.0361528317540464	0.0014773578841659	0.00815193464618106	0.0352425894568277	5.98002928417767e-05	0.316478490567364	0.0181062155338193	0.0451845529250228	0.173253402821443	0.161540402068389	0.081553176427438	0.330714438344624	0.0178991867522988	2.46229945451863e-07
0.510686183366188	0.0697735695964436	0.0324031382923359	0.0131675474900798	0.0201711885929328	0.00186498923130915	0.0124815964942963	0.00284839386414371	0.00153918842226246	1	0.0528128894336676	0.00769257270037697	0.0395179610617685	0.335544732704243	0.000801119847292635	0.00123955851382426	0.000746585808376679	0.0478827483091118	2.13171211131613e-05	0.0168315529888643	0.000978000868395395	0.000255445877629051	0.000416135345857107	0.163899802210902	0.0165892563662635	0.0481709084148037	0.000405658047820157	1.68625578287689e-06	8.81914974845741e-05	0.00299593173190599	0.685573201584293	0.0689412904236492	0.00140039631538967	1.77433457438717e-05	0.000812414402564501	5.04766351017906e-05	0.00501160026858607	0.000687121105237741	0.00392456406562053	0.28564657045289	0.00168077547467393	4.12960080101922e-08	0.0151084664535858	0.00231348553978463	0.00737248833136801	0.00127157371493604	0.074533991194962	0.000146864524230153	1.86298631134651e-08	0.040701106506958	0.000633975657103492	3.72819970740052e-05	0.0119085339170163	0.000541590704255713	0.100761393268304	0.00538843655578323	0.0297775656359123	0.0041839479188106	0.0005794101237297	0.000406063908764627	0.158183425249542	0.0336245104592106	0.0144436558839879	0.000878319618842401	0.0010733185301229	1.11045055341658e-09	0.0222591971660572	0.0158355162134449	0.045342975938811	0.000960074185428543	0.0545302328460056	0.000137690795369683	0.117537246986575	0.190138980101521	2.9268462114417e-05	0.0918131266268617	0.0216445843786093	0.0276812497312916	0.000264544785404262	0.00560273728372492	0.0122712027675286	0.000258142190212895	0.00136992402073164	6.73293097633861e-06	0.000596459031655232
0.00841280776862466	0.00412165704949771	0.0413989400970138	0.00454830792409441	0.00220175612148715	6.85121127404941e-05	0.131927862762717	1.62825771714157e-06	0.000764338350261425	0.0528128894336676	1	0.00796657989988433	0.0227998801412108	0.163490564465701	0.000371671558849882	0.00158844456907575	0.00309799546759047	0.0478827483091118	5.15994264937878e-05	0.0138495851481439	1.09081537273192e-05	0.00236376403596933	0.000760526196835666	0.0520526277544255	0.010503990987379	0.0566989265798469	0.00667757754612527	3.06769193140345e-05	6.10239150258725e-08	0.177550536129554	0.0270112995141677	0.115613794532175	0.00330936152813929	0.000620800986511124	0.000104272801685242	1.16058648163724e-05	0.0274606831760161	0.000297528660441581	0.0875539591224272	0.480946135285778	0.000337988056129699	3.52665888042447e-10	0.00215600134951712	0.0492916787604622	0.0207751025922023	2.23764833730188e-05	0.0538528474144774	1.14445147944716e-05	1.32127298037872e-07	0.0448918057899124	1.01919240915765e-06	0.00025582933396585	0.0434780093889512	0.00655190127803408	0.300291983296061	0.0117664855050607	0.0123635827803021	4.76560961526482e-05	0.0522612552422489	0.000735470593770071	0.00119453295814118	0.109426739423249	0.0852216303517768	0.00429845338022532	7.55285369707972e-05	1.35415919841018e-08	0.0219058840536141	0.164886157129861	0.000867842770229849	0.0167979235235617	0.730519028159425	0.00174412897966508	0.781922224925477	0.0188923160081496	0.000110554715131105	0.00207042785464026	0.0138011963299542	0.352043687101985	0.0107537580441168	0.00368126071453071	0.0404576310247888	1.34571499280291e-05	0.000729610301444074	1.14798767062301e-06	6.3699756754004e-07
0.0049691821984928	0.276097835397194	0.335209355687995	0.319339652900148	0.145148198483624	0.100660682238943	0.102386542081408	1.58092569433031e-06	0.372693094863571	0.00769257270037697	0.00796657989988433	1	0.240869496610513	0.0535842552174644	0.245858281627265	0.441534111138859	0.0142856463151525	0.381555103359429	0.0548858338106288	0.0961351754809358	0.0183982449880592	0.105293878019353	0.0460512671421653	0.00644790504601848	0.705040521864267	0.140647291676184	0.0912182766605437	0.00945227335255507	4.99579046563427e-07	0.0580181143974017	0.00221389914285357	0.203518168090204	0.249698771902614	0.00203146108198567	0.18787094775073	0.0286815849938261	0.581293201314718	0.159693328474015	0.131073112602212	0.0537990214845134	0.241231071969152	0.000370372982228624	0.0845003164208987	0.121177362602385	0.557384484392921	0.034596595420892	0.371576691022046	0.00253262237802018	1.2800836981459e-05	0.296710014294045	0.00376126478181684	0.0129132676003906	0.306052078602271	0.146094734683824	0.145948712972165	0.20721466377212	0.539290981166802	0.0867261349017311	0.00575319457608431	0.0741622513630246	5.83238183507819e-05	0.286791444957211	0.421472814775918	0.30943723569732	0.0326634030697067	1.77803808671934e-06	0.275133182101321	0.10167233891425	0.0213650258492332	0.108283769751098	0.0141011348361981	0.021796628001094	0.012657567769958	0.0133732344319681	0.0110149702455272	0.000239609510325566	0.369908352489465	0.0770346467913596	0.0509454411629849	0.101165246008387	0.254870425057116	0.0655134378085753	0.319659152276111	0.0308074110327511	3.83855368437931e-07
0.0317456363780679	0.357185508682741	0.451807081997117	0.280550930525619	0.122272881305228	0.0594571139656111	0.0982244610937104	3.55199905102774e-06	0.0865095903579402	0.0395179610617685	0.0227998801412108	0.240869496610513	1	0.099659091715743	0.12069362127961	0.20109054494341	0.040558901637872	0.598098394062761	0.00296463902294426	0.252713207606527	0.0179170948916284	0.0652519074667317	0.0487280714084002	0.0152603090658299	0.34680243942605	0.166960169667041	0.0121187674385704	0.000656229488608905	2.59480289477998e-06	0.0611454394103873	0.0105092442960905	0.614774343282285	0.190901059163946	0.000337988056129699	0.103054222214581	0.00232973675144487	0.232701212061571	0.0693908683567978	0.183691051595961	0.116600700192768	0.153431663500917	5.24054481350006e-05	0.183507452359283	0.118244590376635	0.435178059266357	0.0196142291323219	0.269146348729184	0.00775823825156185	4.56313806030331e-06	0.509411062473014	0.00245040980761259	0.00162702839261023	0.515045516845298	0.0625368059731708	0.394553710371601	0.346282625724652	0.275270783089752	0.0296438676366643	0.00556922150789732	0.0287821464211459	0.000233810406418558	0.346975884003294	0.266468297813524	0.0205581052447179	0.0298969144369263	6.72062222968981e-08	0.827786506694734	0.184242952187711	0.0414818208303142	0.0860781219759974	0.0360805983480222	0.0129391199793529	0.0451845529250228	0.067745313164434	0.00749139687632475	0.0010722457480732	0.454298867075696	0.174819721307387	0.0167643612499756	0.20669727411923	0.377380996896842	0.047739315321241	0.017703374639081	0.00296019539796176	8.45713579652779e-06
0.216535667316007	0.090040113715514	0.0734977856814617	0.0398752280010023	0.0363522201441418	0.0103631399924333	0.0311637412312218	0.0010722457480732	0.00577336603656475	0.335544732704243	0.163490564465701	0.0535842552174644	0.099659091715743	1	0.00400785136687592	0.0091683311450617	0.00186592195908732	0.211823902092181	0.000128189617948251	0.0151841979568379	0.000742119705234148	0.00339483540750309	0.0010348487481469	0.384619786574204	0.0870737341764219	0.262895148815812	0.00523703385042663	4.02661255318714e-05	4.53545525251225e-05	0.0260561878907072	0.281816254556821	0.179873761344472	0.0147133505011793	9.55844890023589e-05	0.00682269993889683	0.000194126606681323	0.040680761040495	0.00552760859009023	0.0448918057899124	0.63318034006276	0.00703751608433954	4.02126146615721e-07	0.0122222159953186	0.016325940409441	0.0556874762632699	0.00633604830882616	0.294787653641561	5.65152525277582e-05	5.68130377333524e-08	0.0835341290078504	0.00128563823886495	0.000143381736276293	0.041192462021879	0.00456653759081802	0.328900501831768	0.0364614405532726	0.128349277605234	0.0061058985476345	0.00272441923050984	0.000947200278320111	0.036589279182308	0.111860804230282	0.0675761614093166	0.00740573928739927	0.0112543562844458	4.64488138995581e-09	0.0733142707065574	0.0460282472640433	0.0254128583194794	0.0116145111669916	0.2541069595528	0.000667147097754267	0.289963565529403	0.0947039091821055	0.000133287781052981	0.0421297979025045	0.0725847815244687	0.105715897006713	0.00309644685704157	0.00696749162930746	0.0327943183379684	0.00139062777097558	0.00717609439534405	0.000172088788867101	0.000168007825380497
0.00156557830388143	0.218274900310614	0.257689476088041	0.435395702702315	0.105083500710748	0.064829145532956	0.0251977644676766	2.74174793902768e-07	0.254870425057116	0.000801119847292635	0.000371671558849882	0.245858281627265	0.12069362127961	0.00400785136687592	1	0.414575572064964	0.00396400659021254	0.0590423674741189	0.0440028884776167	0.0802185896357174	0.110416025186322	0.042298654582332	0.0602652274972988	0.000716594806885563	0.28923956199708	0.0223149147769664	0.00197043686881055	0.000902357296934182	1.0481330751728e-06	0.00506703218816078	0.000300518873191348	0.0853495587195938	0.173340051183139	0.000189144364716289	0.38251018447178	0.0402156120217059	0.157946327979076	0.294493013332628	0.0161796661671959	0.00606937284303953	0.661662282827848	0.00454830792409441	0.177817061778011	0.0249345721186736	0.305593344620866	0.0588360804009222	0.0815124100316725	0.00966252768376497	1.22009102298998e-05	0.0501368004807625	0.0022541101407146	0.00514618302137539	0.129768913340806	0.0462127289705369	0.0200104628443866	0.0756226074618263	0.256276074387182	0.16813299094015	0.000400018404765923	0.0583964604335098	6.34083560058647e-06	0.114063496363709	0.101266461853883	0.0275707458873927	0.029231745078968	3.56832269109757e-07	0.241351717664047	0.0408846742037868	0.0236356290476784	0.0136775428383567	0.000499201867465294	0.0178099141859376	0.000541861567317964	0.00708695151909036	0.0206198721645066	6.40081588947095e-05	0.347670530185934	0.00744286071005664	0.0142499768048304	0.145293419280404	0.166293662890601	0.233050525799471	0.123254987542726	0.0322576517602261	1.9311113205542e-07
0.000903711848539309	0.150845370993955	0.252208286280946	0.382892885975112	0.0749075943805611	0.0647319747109926	0.0685974443031779	7.64980948764376e-08	0.445971602729164	0.00123955851382426	0.00158844456907575	0.441534111138859	0.20109054494341	0.0091683311450617	0.414575572064964	1	0.0373657787544949	0.217621056865233	0.0886552523544394	0.112533986583177	0.0248971982978687	0.249948595565529	0.124244982141497	0.0008748133575646	0.348192427306198	0.0573834123999154	0.0193512163696776	0.00559993661530851	8.28693968814167e-08	0.0284815149609364	0.00030766470133813	0.142060820457465	0.502077896006773	0.000690910683102788	0.227979401136882	0.0691830076986101	0.394159353872342	0.347496738372415	0.093433997598063	0.0125755603921652	0.503334661048527	0.00201426684183297	0.0883455013516578	0.138900142958987	0.491152799003683	0.0289408843556304	0.169568212413182	0.00809102383738682	6.9269906203618e-05	0.153892649624866	0.00114941748468008	0.00967703235107148	0.293610858186964	0.212885673819938	0.0472170605201718	0.272940897475187	0.267402570880001	0.0693561815950325	0.00212390267120963	0.124680601468119	5.08609608035219e-06	0.159055831005054	0.262501101701807	0.103054222214581	0.0193512163696776	9.43659910511826e-07	0.32174370422037	0.0865095903579402	0.00768488397268117	0.114692573971332	0.0032862768879452	0.068255313122387	0.00293514037179226	0.00478628855422595	0.0523397059484324	2.71264850287109e-05	0.463476312963262	0.0430669240468309	0.0795396213270756	0.191570383505349	0.307432416386677	0.156609473870183	0.112928545611739	0.0444895922138335	6.24125162971343e-08
0.000179560205425833	0.00563645475869983	0.0233653762456464	0.00622613203594994	0.00269192157564384	0.00174064420763936	0.0302729713263857	6.71447629723453e-09	0.0172231649821208	0.000746585808376679	0.00309799546759047	0.0142856463151525	0.040558901637872	0.00186592195908732	0.00396400659021254	0.0373657787544949	1	0.0588949459091718	0.00501661437549026	0.0877292422653874	0.000694026787152439	0.18204524935085	0.14624090249023	0.000252398845852456	0.0178812965121574	0.0103372645002942	0.0156388042717591	0.00306104168810061	1.60844172389347e-09	0.0183431329624674	0.000121147711583129	0.0196928431721121	0.0889216174593863	0.000506746337544584	0.00186685515334598	0.00322120424568254	0.0324842474823098	0.0245020130377666	0.0797785984775497	0.00394620863598763	0.00911804374089143	9.13406250601607e-06	0.0154445359250582	0.0682211939963181	0.0179350209480544	0.000312626928516573	0.0249595191622351	0.0189301384500002	0.00168077547467393	0.119612252148415	3.36162828415624e-05	0.00332594977183039	0.15220910693945	0.148971539700894	0.0151009141086026	0.185722807333242	0.0155141929474752	0.000181637066852742	0.00428129390852711	0.0763062828534424	2.23113529755081e-06	0.0322415269658805	0.0651866881743461	0.010208852938324	0.000143095259376133	5.71786595483e-07	0.0432827979019659	0.0676437713700722	0.000376534831898846	0.21534799025163	0.00420702303075342	0.215563445951778	0.00456653759081802	0.00118976436984332	0.148228541046937	8.89518890375525e-06	0.0178455696578963	0.0337761617156927	0.010818474547743	0.166044409383131	0.0548309754105897	0.00073473549078905	0.0022767643242549	0.000567937034580356	2.61739812937923e-08
0.0248971982978687	0.22958085549583	0.310832841014839	0.205152843417977	0.0906726056506222	0.0662380637605753	0.123996740501601	5.98652169385523e-06	0.120935250070417	0.0478827483091118	0.0478827483091118	0.381555103359429	0.598098394062761	0.211823902092181	0.0590423674741189	0.217621056865233	0.0588949459091718	1	0.00752142247499327	0.140225982081529	0.00592247999342212	0.126881715568208	0.0438710776273174	0.0257711404590063	0.398519041084514	0.28794090813077	0.0622249023521564	0.0034375371801648	9.09837340605457e-07	0.128541945986803	0.0132269349754108	0.454071774420053	0.247090651392378	0.00149818635363328	0.069079310979045	0.00472446949750562	0.369353905899632	0.0794204013324347	0.341468446847975	0.187495581346755	0.0927822434158417	4.01254404350452e-05	0.0716114715979917	0.197700899300906	0.385197149167755	0.0169667454616406	0.476398781132632	0.0032764328307502	9.70858511976245e-06	0.500323695013234	0.002832770700973	0.00516422621912718	0.440211493723529	0.133453790451743	0.44843120424811	0.423797301736686	0.363854942640754	0.0195164027564049	0.0132799486720207	0.0393208644087101	0.000418430395861397	0.317429351617496	0.369538629029516	0.0864231240079627	0.027515659500367	4.50683733291045e-07	0.504594571933551	0.179155703372448	0.0181787854390051	0.22190631293257	0.105715897006713	0.0221149815928494	0.103105762209613	0.0357931050676553	0.00867768926032026	0.00100778542904851	0.360955715470836	0.289384217939051	0.0444451248590027	0.113098065538317	0.267803975714684	0.027515659500367	0.0400751034131307	0.0060511920093965	4.46831132659769e-06
7.13855630669085e-06	0.00522918418836934	0.0166141589230613	0.034286623030173	0.00668760142847675	0.00137885752931592	0.0178723580986909	6.19567166646232e-10	0.288373143588516	2.13171211131613e-05	5.15994264937878e-05	0.0548858338106288	0.00296463902294426	0.000128189617948251	0.0440028884776167	0.0886552523544394	0.00501661437549026	0.00752142247499327	1	0.0181062155338193	0.00356710834072869	0.0408642369764175	0.0853922441694268	1.14961311607683e-05	0.0301973834223185	0.00215923777825611	0.00900477758243656	0.020424910911166	2.48146951221797e-10	0.00404004277174309	3.75470814551207e-06	0.002864103191446	0.0229830107279922	0.00794271597397149	0.00521352014361939	0.0756982678931988	0.0650239249926598	0.0419196746588577	0.00431999946745686	0.000321343472209634	0.0297329327704762	0.000415303906881515	0.00978896057686752	0.022192519640855	0.0180429545507502	0.000533260772085584	0.00883088537873938	0.00887958906067396	0.00152235013001073	0.00605724622801069	3.37847851605213e-05	0.171186786484941	0.0205170301230419	0.122578945929864	0.000913707554466007	0.00846766912537259	0.0256810991316398	0.00374063461049319	0.00122171459641424	0.224472965496952	8.61651528751877e-08	0.0126070386245412	0.0295846391496209	0.121541440534032	7.79065910151345e-05	0.000680624363123864	0.00893302674778638	0.00949965306990351	0.000304298935274831	0.0125944378873353	8.53286744442246e-05	0.0640238249533344	7.62113619066838e-05	0.000119523207551053	0.0478348894941984	3.43870742063525e-07	0.025835648912122	0.00206010155263519	0.0512776650885983	0.0331570471908685	0.0247854126119599	0.00609674656551564	0.171872904952992	0.00467044930971031	1.70975644396481e-10
0.00757804521340593	0.157237166313628	0.378325629688077	0.20361995261826	0.171701117955854	0.0037425053954557	0.287365601812596	7.21812808265327e-07	0.144424268823542	0.0168315529888643	0.0138495851481439	0.0961351754809358	0.252713207606527	0.0151841979568379	0.0802185896357174	0.112533986583177	0.0877292422653874	0.140225982081529	0.0181062155338193	1	0.043521509144593	0.0346658578510764	0.163327155619276	0.00565056352420514	0.183324036630073	0.0927822434158417	0.00535084920908772	0.000439663894100068	1.21168330980646e-06	0.0347352589447386	0.00401788353027227	0.231540609924526	0.0512776650885983	0.00110822017112025	0.0142357339506396	0.00325195150425006	0.126881715568208	0.0316663714096172	0.0456843267237152	0.044936720049089	0.0665368067150169	1.50369507903566e-05	0.505099418886891	0.0885223691632167	0.130484608722332	0.00168498267016373	0.0798983561710816	0.0885223691632167	6.40401709765103e-05	0.313799823858839	0.000310601443439107	0.0109709983669315	0.451129879403042	0.0721145104811951	0.122395215343358	0.0803791873591797	0.094940965151556	0.0101022207809788	0.00830414907938482	0.137449321599452	0.000128896603274422	0.400917343041992	0.226275951549222	0.0229370906419289	0.000487851256903391	1.12469350435489e-06	0.327423774701545	0.308510315066365	0.0634819287627039	0.0347352589447386	0.00947119681641622	0.0525494840487226	0.0170177221247877	0.113778693774371	0.0315084347233195	0.000890702571923522	0.282945777114133	0.093061008084018	0.0205889655420217	0.676380156039289	0.479985204266536	0.00757047095595244	0.0371236888371796	0.000269484414622977	4.60209004522869e-06
0.00436996621948273	0.158420878432781	0.0249096500096862	0.0918131266268617	0.196223689019122	0.0233653762456464	0.00119752302656473	2.42038220819924e-05	0.0536915309678911	0.000978000868395395	1.09081537273192e-05	0.0183982449880592	0.0179170948916284	0.000742119705234148	0.110416025186322	0.0248971982978687	0.000694026787152439	0.00592247999342212	0.00356710834072869	0.043521509144593	1	0.000814855305295615	0.0115450327436946	0.000749953015047224	0.0639918210425022	0.00753648037282178	2.6088916213011e-05	8.12146501092317e-06	0.000257884177050765	2.89917282912559e-05	0.000578831003214488	0.00575031869782575	0.00629499755430376	2.73740545610693e-06	0.0830344248454022	0.00531086795712636	0.00371639933549702	0.0475012144927492	0.00015247651100146	0.000583188556136043	0.122762952319049	0.00693967732847761	0.308664608794115	0.000298124313216688	0.00898678602482648	0.0453883415937969	0.00892856135085475	0.0486550340929687	1.35528336504748e-06	0.00825034715604714	0.0290568797291394	0.000284152355676102	0.00935822166124884	0.0008992045668909	0.00125577797256237	0.00385070126698659	0.0355789894265193	0.14234522640953	2.53707174064398e-06	0.0102651563218582	7.15581608832413e-05	0.0122589376983178	0.00345304095480587	0.000897856771140088	0.00249616431328168	1.3273450497278e-08	0.0277921964757768	0.00191602988874765	0.18442728729209	0.000188860860850271	9.56882633539435e-06	0.000763574393952981	2.0853265568354e-05	0.0230751268803874	0.00256447884587283	0.000812008296898096	0.0515604692451142	0.000142809354857201	6.98262880131185e-05	0.0763444455347444	0.0104046755681737	0.0699482217446554	0.0322899255461898	0.00316849046029679	6.41363033142035e-05
9.05598137644029e-05	0.0120824656162146	0.0567556538653422	0.0338268639754544	0.00398586869212829	0.0143644338369607	0.0400751034131307	2.36497118265652e-09	0.0746458760744356	0.000255445877629051	0.00236376403596933	0.105293878019353	0.0652519074667317	0.00339483540750309	0.042298654582332	0.249948595565529	0.18204524935085	0.126881715568208	0.0408642369764175	0.0346658578510764	0.000814855305295615	1	0.127072180954888	0.000176357036731505	0.0711830892007419	0.0148389470094046	0.0582797842277406	0.0279454746850805	4.79872822623756e-10	0.0652192896681275	4.57645858802251e-05	0.0410485404145352	0.427628692850473	0.00174849475706215	0.0224379849409515	0.0189206757466482	0.200187670482302	0.145657107249145	0.245612546233812	0.00544259124349129	0.065088981440455	0.000177241030056824	0.00954249783714385	0.196420010852698	0.132987518636823	0.00258766332916545	0.0890105835524784	0.00319713558414244	0.00101283697453342	0.0866394521154461	7.23496458394254e-05	0.0113164257786525	0.203111538519137	0.480225256876821	0.0234355776237995	0.413954174871274	0.0813088835207353	0.00156792843349381	0.00796259760559092	0.0928750720658468	4.59328590300616e-07	0.0555762126114831	0.16948344949947	0.0691830076986101	0.00343238473969099	2.53580352185478e-06	0.100610364478312	0.0776922320673024	0.000219315330162919	0.502077896006773	0.00602703558641343	0.260800377881124	0.00391280801631467	0.000339342715867481	0.150845370993955	1.807619087289e-06	0.0642804331273516	0.0516895316790494	0.10992026936018	0.0880368325823725	0.106992129853114	0.0117900420247383	0.0173615029159114	0.0168736845137992	1.47589684709844e-09
0.000254935496425125	0.0220156877543764	0.0721505767522521	0.0570116298216787	0.0138011963299542	0.00603004985771167	0.0376659038843847	1.31020124028402e-08	0.162512558032225	0.000416135345857107	0.000760526196835666	0.0460512671421653	0.0487280714084002	0.0010348487481469	0.0602652274972988	0.124244982141497	0.14624090249023	0.0438710776273174	0.0853922441694268	0.163327155619276	0.0115450327436946	0.127072180954888	1	0.000196077611513953	0.050312586728931	0.0101072731543574	0.00720845958718851	0.0170688519475489	1.57330852681843e-08	0.0123883346895213	9.43027694737017e-05	0.0280715126939944	0.107259944806953	0.0061641809870926	0.014051867133046	0.0502120621135967	0.107152738474246	0.110416025186322	0.0361528317540464	0.00282993934618537	0.0622871583773331	0.000343954904759306	0.0908995707529157	0.0990134083638263	0.0458445020104878	0.00296760514478094	0.0276259425574386	0.142202952332016	0.0124878388530031	0.0665368067150169	0.000180640805215961	0.0546120895724713	0.165795529475652	0.27762055713814	0.0105092442960905	0.106565016130632	0.0520526277544255	0.00286840256996092	0.00421966305039513	0.58187478525954	1.97389857247104e-06	0.0516636933733246	0.073094657478989	0.0301973834223185	0.00045806475380048	0.000217133106166442	0.092596864369849	0.0672727518664496	0.00200121656670304	0.0668703238465938	0.000842194140191921	0.22313016014843	0.000998256800123068	0.00235904123227536	0.266201962705459	1.39574101106661e-05	0.0776533956611793	0.0137392304742121	0.0211101776861913	0.302099151278283	0.0947039091821055	0.0123821420704603	0.0239329286622871	0.00320834516400859	3.80258365136112e-08
0.210031029427796	0.0266757597626831	0.013759854784289	0.00993690177058644	0.0371422553228328	0.00121258601192317	0.00596408279329767	0.0125065846671283	0.000942476097223292	0.163899802210902	0.0520526277544255	0.00644790504601848	0.0152603090658299	0.384619786574204	0.000716594806885563	0.0008748133575646	0.000252398845852456	0.0257711404590063	1.14961311607683e-05	0.00565056352420514	0.000749953015047224	0.000176357036731505	0.000196077611513953	1	0.024343266438389	0.218602558343169	0.000229524679109243	1.31391411700981e-06	0.00243818833771067	0.00182349552826477	0.326933007207132	0.0309928111430786	0.00115749163362473	7.41504139342156e-06	0.00121866412460175	1.51653096242926e-05	0.00387775073855406	0.000868711047066141	0.00281441740424988	0.22346510653564	0.00095863515369402	6.3705177387652e-08	0.00867768926032026	0.00119035940077358	0.00584306377908776	0.00198130412916043	0.0486550340929687	2.36180336506005e-05	4.95930612573844e-09	0.0135143931800375	0.000945307770901724	1.46730218296098e-05	0.00605421836192628	0.000286005361733563	0.0732043817378283	0.00295575843342015	0.0219168397343328	0.00122845253905154	0.000196077611513953	0.000130583198231397	0.129444896247579	0.0369200690163737	0.00817233997883455	0.000537275263400748	0.00091142613853799	3.34294090464818e-10	0.0132137146516989	0.00964804475714984	0.0570401427642312	0.00056992829687766	0.0408642369764175	6.07344181500714e-05	0.0591605703725646	0.202401890742362	1.6362801510119e-05	0.348366567051159	0.0167141435304682	0.0103320971599868	0.000123286455966932	0.00194595970891197	0.00489275372523948	0.000183646104034873	0.00190266451291706	9.94938318671735e-06	0.00648022530456108
