1	0.221553580808601	0.198060520264343	0.207853772135118	0.096367381391983	0.160364602359128	0.222450027380115	0.167498943252457	0.197119354854714	0.171717808660438	0.179674408430249	0.138956326222847	0.08617430413788	0.155951792814037	0.134446435162897	0.0743362268709541	0.0579167051798539	0.216522463459707	0.168416667135592	0.23564776361676	0.192543979945107	0.203105186893636	0.168113604627349	0.203743537159128	0.132767516225844	0.206654697570732	0.153203687666816	0.168612441274262	0.140717456889987	0.226328282997952	0.104089312007557	0.157787912169016	0.142259619568982	0.135924509858284	0.175396249139438	0.204094313894042	0.0698809053716531	0.33003467920905	0.173525549605873	0.144879860349141	0.20476438680365	0.152976449373922	0.175020693842311	0.33003467920905	0.140172943499478	0.15948767216129	0.221445465659913	0.141449075061641	0.126138696880249	0.199025388092489	0.152659834022383	0.192264459196976	0.260267842987693	0.129352353944855	0.106356702591349	0.205126591345677	0.111876853879169	0.207121182872402	0.238674900877332	0.146267798148855	0.168902104075188	0.0973427451818122	0.167623960226047	0.156139438485821	0.146439041394143	0.165802123361571	0.139852741012479	0.145632866189264	0.183183498857789	0.14371283166714	0.0955185662535216	0.160390104357585	0.0909735681260533	0.33003467920905	0.210099453282884	0.106348067300373	0.118817784758925	0.174790007058211	0.188257605669752	0.211520743010993	0.167894633517923	0.118896057630139	0.147371957600559	0.185424662517462	0.159820208470534
0.221553580808601	1	0.309684514855935	0.387641442720888	0.188702538718681	0.215377577576185	0.302499440904711	0.239366063828067	0.347298637703877	0.219432779496549	0.23442741238907	0.190185761306725	0.139508904017425	0.288086392306147	0.223461784188381	0.102390122199751	0.0805277079323515	0.228044246817166	0.237740978246219	0.241117679338233	0.24777945157364	0.271292907241356	0.237372636692098	0.21754633187622	0.226996189765853	0.381430095863964	0.274902424435209	0.315769629033903	0.238458545746713	0.286582922123937	0.175407267257026	0.271263493739697	0.172376107030176	0.247791218655078	0.255270274936902	0.488628054569759	0.10857062714679	0.507940139224444	0.355558934727145	0.224649125856688	0.226080790592428	0.216715005825403	0.264126125683251	0.507940139224444	0.3579481242323	0.248034178363041	0.22050605927739	0.267005077855767	0.180822918249279	0.357282428357407	0.179991444279902	0.268876886929396	0.328671645396796	0.256786646737493	0.154153610228907	0.294227880240436	0.195714463369236	0.325099340597851	0.265879425022466	0.274177510320618	0.273389004033705	0.181579769535123	0.227255673659764	0.230802667285959	0.257369569236536	0.206492430241575	0.192102401381508	0.259653883671798	0.314890020855014	0.191328253117505	0.167737192289984	0.306421522613208	0.144548789970812	0.507940139224444	0.417734593970385	0.194797367285948	0.23317512660664	0.279795696424186	0.419550900191292	0.304992787037653	0.315095985923399	0.196496200358025	0.265060836010392	0.197669736895482	0.332288167722502
0.198060520264343	0.309684514855935	1	0.399136849129652	0.295452949142494	0.340355510790507	0.379542515717769	0.361365182729524	0.414873509088165	0.32595082597717	0.327711958805154	0.299043634527772	0.191733754349924	0.365820452254228	0.342604931368582	0.286927962941327	0.116985338885105	0.230052232709801	0.345748756472149	0.191946043678885	0.443048813558834	0.323026991953447	0.342022374545707	0.208171141030775	0.345488068433231	0.409259570275923	0.432328983158206	0.325857302576829	0.40602753524687	0.235373473457106	0.30195866781563	0.184645725846916	0.0915637215840562	0.269935345570447	0.191663067352768	0.387049772747914	0.111079431667146	0.649988969879561	0.354285592730989	0.255673719920619	0.245995829997792	0.380866471641508	0.397741364462886	0.649988969879561	0.377172779613877	0.358444486377801	0.197870496739718	0.480124146155184	0.238655203968005	0.312100607221575	0.257119409478254	0.454963456927232	0.402443533819792	0.459452639910741	0.371186103053794	0.432082237231042	0.313946752966647	0.421697158436599	0.297789442040794	0.41828312776394	0.460264138015227	0.276208360683073	0.512168937242902	0.369819584648896	0.262637641370084	0.416350711643546	0.356713586750487	0.28707377622458	0.470417373960687	0.209679265635568	0.225380509151728	0.375877299315725	0.216536918093141	0.649988969879561	0.356828313950628	0.27937761271617	0.394791465214033	0.301906723420991	0.36532760603378	0.312151526754514	0.218606780699959	0.342535713921077	0.428533175477855	0.347641117137015	0.313571667105528
0.207853772135118	0.387641442720888	0.399136849129652	1	0.228594120937204	0.308801183837024	0.373366503550907	0.258255602448152	0.469076319496501	0.31357509277882	0.358535082532031	0.269021419452533	0.21090491072455	0.425301850131306	0.333735222836663	0.20756247264318	0.123273276222918	0.216093293395112	0.347396976362257	0.230116077359671	0.348135009386113	0.304157601752197	0.268899086211002	0.224906155715841	0.293580386978092	0.501644808302904	0.426957173762151	0.263243549257142	0.378462732584578	0.341708261566597	0.237336530468574	0.195818014975912	0.134891996503066	0.301925690522979	0.205118948128075	0.441755366188501	0.122722850745968	0.621140509587983	0.40136531556948	0.27848839217987	0.215874892236619	0.287707138788	0.298842940047635	0.621140509587983	0.351767938233999	0.284779475280344	0.274424837666968	0.302702031834333	0.225808496858921	0.292993490467539	0.178109882103264	0.314879453549953	0.400311908487142	0.263011617094143	0.200711261526953	0.329491245387569	0.305801399842333	0.401137182895377	0.38866749906013	0.432101625487703	0.347404614806245	0.271911992623847	0.387288959330992	0.361839923153199	0.260191753559513	0.370320657183282	0.239286720431309	0.366333727282003	0.380670587363412	0.299787765109072	0.196977657912433	0.425646944314947	0.184601225425943	0.621140509587983	0.347553495922631	0.296605892708016	0.368572982317486	0.355364941492225	0.463631120672969	0.287205166922316	0.25985733285307	0.31062029511044	0.304487347795017	0.294176488834653	0.448107609492822
0.096367381391983	0.188702538718681	0.295452949142494	0.228594120937204	1	0.349798027482654	0.210704913569068	0.244901783996614	0.312931597075668	0.310712555401069	0.164479238514497	0.374248504379037	0.240878524465266	0.245805387686812	0.285903987377783	0.167314325800434	0.16031496815123	0.151153305885611	0.292333985228855	0.103969436547038	0.310660624700221	0.245268102138794	0.269052054325636	0.148702249740635	0.313537693392901	0.198839650565413	0.452677004956492	0.364237859968787	0.250477398863026	0.114362864590243	0.387237742282507	0.085755419602543	0.0351750915351589	0.27542453385495	0.0821926852690295	0.247005547714446	0.110189988922572	0.479002479316996	0.228001585697323	0.226273212464321	0.101095799278221	0.407407707941624	0.225400697443013	0.479002479316996	0.28365131368136	0.330488306923446	0.0835011638939427	0.350540649037492	0.346633140824075	0.257221889630648	0.301007884071729	0.295255980063772	0.230387846496135	0.400281856350282	0.257961047611794	0.163206650703979	0.350510266106173	0.232124462830362	0.158799648142462	0.28332753084083	0.269321353447536	0.323347846794642	0.256182525804632	0.288819507387088	0.248491625594646	0.259516042248617	0.142929380490868	0.25632947322471	0.257886466651976	0.140029508762052	0.300441833294912	0.329930070507774	0.334489109908199	0.479002479316996	0.219403582364555	0.290996856563727	0.373016446120626	0.23118608443791	0.234541082728144	0.213611272581504	0.0891232687100845	0.346642004569897	0.258075782907916	0.252966807125422	0.260264577809994
0.160364602359128	0.215377577576185	0.340355510790507	0.308801183837024	0.349798027482654	1	0.310550145746173	0.2657645388507	0.3925451207305	0.532790412672991	0.236681746329484	0.515819529691898	0.219086742405794	0.329490705370323	0.316025286960622	0.240526394354965	0.167085209186611	0.228897545410937	0.360609308314603	0.185691938172286	0.363402733750545	0.429628174291943	0.410937879064303	0.255601068844384	0.338554912818705	0.268058838708216	0.447923111220402	0.338266119834921	0.365936263045836	0.188279506750163	0.266972319032174	0.0970780539951657	0.0486997895586712	0.252172764161721	0.100166924155629	0.3160471237115	0.103084643091688	0.57451351568647	0.279814314580905	0.220089778251876	0.132093375259044	0.468481525173774	0.275087534142857	0.57451351568647	0.265342809224084	0.490596587640358	0.149465469030614	0.324892842704922	0.374495580399781	0.272767889644436	0.346121141991872	0.29741645739523	0.282266762586337	0.334084961014416	0.261023557286008	0.23687845751021	0.307611482850233	0.313534697789103	0.266480629537048	0.357540657092707	0.306201625360396	0.310037275448163	0.349700979684844	0.387271795579021	0.237295133527213	0.389075254253363	0.232363651796395	0.269764517389015	0.278456436868688	0.191851716289722	0.224714645266692	0.375804413315503	0.255698854578259	0.57451351568647	0.240689093326462	0.279747225318455	0.407606529808443	0.263768947151657	0.271717391447801	0.299154255496313	0.122236514855452	0.521852225806495	0.242382956707395	0.400567683784728	0.294175335034681
0.222450027380115	0.302499440904711	0.379542515717769	0.373366503550907	0.210704913569068	0.310550145746173	1	0.328123029150076	0.478319291244833	0.357041767094278	0.306126283373629	0.265595353674056	0.157654100746027	0.329133865113764	0.290274032918826	0.235171384606256	0.109162787553029	0.207152579256532	0.374595461188305	0.309196106360083	0.421457201989033	0.297278005910246	0.267767705664999	0.243388078889348	0.340403323561741	0.375302639042521	0.365861242376534	0.268471894026348	0.424481670962288	0.325495007152056	0.199410682920139	0.149109542240071	0.0977283080535901	0.228433954410948	0.225434789878783	0.389066694061449	0.0947472281014845	0.577824781022289	0.349156551404135	0.20210737357474	0.244428060892561	0.259610993174941	0.347196382714595	0.577824781022289	0.296507280113301	0.26809951855592	0.222067553091997	0.3478057156069	0.224761243396437	0.289682150729303	0.20437983834231	0.390343570457988	0.319013565407383	0.287372060075753	0.258275294932111	0.337969256478045	0.261157044758778	0.383088233030703	0.332692107876115	0.370969746580169	0.379391021082301	0.235527038495962	0.375750639224875	0.29841907165423	0.242621184994676	0.329315133019476	0.282435348959503	0.262446638253794	0.363339849141503	0.220020956953632	0.188547269784595	0.297449169666563	0.173230407329266	0.577824781022289	0.248630800863637	0.21655595337954	0.325483133115899	0.262102135490448	0.356820096456418	0.277170729417161	0.218458894910099	0.288335487020338	0.286128771888654	0.28154431092959	0.311572805442376
0.167498943252457	0.239366063828067	0.361365182729524	0.258255602448152	0.244901783996614	0.2657645388507	0.328123029150076	1	0.313747727162691	0.268808396171845	0.193338827846877	0.232357735926886	0.140234068631228	0.223806772350094	0.260985182182461	0.188201029913044	0.104921059295583	0.176410670521307	0.268674710447421	0.164023785740249	0.39156743431381	0.256042738912337	0.245835807261274	0.191244670258384	0.32484399248903	0.251662804967462	0.308583711921613	0.271546740400022	0.27950026307242	0.17052142285133	0.218154073696931	0.142549623562277	0.069322175259178	0.20075555046532	0.187137511387309	0.306888370485079	0.0876813638746116	0.491905029001774	0.264485984347181	0.181501656254735	0.381552521594651	0.26342003972305	0.309632369537803	0.491905029001774	0.280648690980904	0.263238597023489	0.137116872544199	0.353960285632458	0.21713068047833	0.253268309859806	0.245494665314776	0.376506068719085	0.241452121379406	0.379162567706673	0.285669295554979	0.259950026391252	0.224398263693186	0.290682079992628	0.195723017728161	0.265459466865338	0.357376961203855	0.212218523020925	0.284116839307707	0.223995246113035	0.210261653563586	0.279352526496386	0.225371506020427	0.199665673408983	0.29043761388744	0.13931018814695	0.213944890080082	0.269859224684582	0.201996554417609	0.491905029001774	0.251207180530982	0.184114776321715	0.274300208107325	0.208622761092337	0.279794636402974	0.225563292217126	0.167553777102022	0.23457385764479	0.339195762216239	0.253781277392088	0.226668834032332
0.197119354854714	0.347298637703877	0.414873509088165	0.469076319496501	0.312931597075668	0.3925451207305	0.478319291244833	0.313747727162691	1	0.400341166663036	0.336163468437484	0.367123949329027	0.243286941441865	0.451870979376719	0.373565302759473	0.235726816789843	0.156379876911468	0.191560419033968	0.432890991435245	0.235290840061089	0.404964713068988	0.33496336774439	0.301813102866494	0.249212098362974	0.355812419256603	0.40229780753181	0.49120256620864	0.287510620291478	0.446893613893681	0.299911428438282	0.295784931191678	0.145587981658686	0.084831166718939	0.330768609233378	0.177130429397817	0.445286081825191	0.128567768403056	0.66829184578387	0.406342583691735	0.270835553056997	0.198330264517583	0.33885806149821	0.31262638613163	0.66829184578387	0.397102379179856	0.328401392690627	0.227842696530027	0.4024987515474	0.303154644035672	0.288815142824029	0.223887754251397	0.402466528024921	0.356986547215678	0.32844774402531	0.256490449326956	0.318534766158024	0.400519658531617	0.420716576483542	0.383818387303826	0.501849722483873	0.406979501824898	0.362576472024795	0.416308342312101	0.404718531245139	0.325169512352893	0.38019821564835	0.249353599583328	0.379380011566564	0.392040981263291	0.302350782510128	0.259887554625938	0.406261739026625	0.244270772952851	0.66829184578387	0.292784051333194	0.323618357293107	0.476036300700472	0.339168100549694	0.447591053193025	0.295405196035226	0.204332206922063	0.389923161859929	0.302478322926136	0.329894785724791	0.429384847401743
0.171717808660438	0.219432779496549	0.32595082597717	0.31357509277882	0.310712555401069	0.532790412672991	0.357041767094278	0.268808396171845	0.400341166663036	1	0.262802280886672	0.475425154853439	0.199759528955978	0.332984124029241	0.296604512232756	0.242175611733685	0.155978557332718	0.226333469371357	0.380918503355122	0.208881755439788	0.371333494910643	0.387627094602221	0.376039958740722	0.28161726983621	0.354124207155912	0.286013738108543	0.447692704139177	0.315658453081315	0.38193375517328	0.209115162132951	0.256587858193291	0.100084125576703	0.0538926512018127	0.248794414215732	0.107966434899791	0.317236287066472	0.0904839771218063	0.571094748226776	0.284606652805277	0.222772896159266	0.140099575442314	0.41273515364237	0.289161646949297	0.571094748226776	0.264855432250503	0.384321433358136	0.161514145169551	0.295979281779742	0.363622127872648	0.271955212985505	0.312760549658977	0.296339117915129	0.283178200119775	0.307948956558049	0.246140528409899	0.258897333248918	0.307681738429554	0.32552034108192	0.271025293523161	0.363489995795147	0.311519115713023	0.30790040024071	0.349075165674888	0.371319902492233	0.231194406830104	0.381807966237105	0.244029610026249	0.278098810752387	0.290958717905058	0.192208946040893	0.211326947927448	0.367917459888156	0.240073555428938	0.571094748226776	0.225352805640142	0.267281189877098	0.38974230828612	0.27095152581833	0.27678786463757	0.293358759476504	0.128481079155268	0.466822060824435	0.242236079908125	0.381712203160738	0.289827183178932
0.179674408430249	0.23442741238907	0.327711958805154	0.358535082532031	0.164479238514497	0.236681746329484	0.306126283373629	0.193338827846877	0.336163468437484	0.262802280886672	1	0.227763417646295	0.179651530017221	0.351838884445222	0.279529711919374	0.162937860419806	0.109662884650999	0.161089515277646	0.286887982983686	0.173853442785229	0.269401091819993	0.222832674564104	0.187368993007149	0.177469249180173	0.239915452039901	0.313356411693568	0.308131976822022	0.176226899967871	0.278459163004732	0.248992205677796	0.202629436879676	0.125921762109341	0.0936614716859566	0.250083059297878	0.143908854502522	0.296857048516318	0.103144732163138	0.474611377306251	0.239956300343085	0.233773244160799	0.152781688811856	0.223325948260299	0.207819058949102	0.474611377306251	0.25802604153985	0.207208916079334	0.2117038993513	0.207153402381379	0.188999629006546	0.190434973326587	0.134841889889836	0.255414095268378	0.292789313465855	0.189695519938989	0.162154987865261	0.264116030454984	0.2306941618947	0.294730198139103	0.313060244484125	0.327746769036455	0.23911401739955	0.206665425839217	0.311447915338596	0.305852160060643	0.173823942410644	0.280735466117997	0.193064560084386	0.303211749052382	0.302834931388653	0.27300052988033	0.176265734731376	0.30952445566514	0.150972042074558	0.474611377306251	0.21013696934425	0.238201177886255	0.260580659072773	0.295100705274325	0.331787098208549	0.223511950343661	0.189048811238029	0.242198657473869	0.233841837041472	0.22507668160441	0.313674260198725
0.138956326222847	0.190185761306725	0.299043634527772	0.269021419452533	0.374248504379037	0.515819529691898	0.265595353674056	0.232357735926886	0.367123949329027	0.475425154853439	0.227763417646295	1	0.272372317585898	0.30852963132347	0.313555844277579	0.184306425052866	0.203683842005154	0.198474310418843	0.359788144066935	0.149945514399622	0.313683932537772	0.330744437111277	0.338824513840981	0.238128317262892	0.325422453899031	0.211682760306942	0.423764114690067	0.316693918714571	0.287553264381355	0.14825020451855	0.334748521091919	0.0741593930913967	0.0385709186150771	0.298110815939368	0.0831722367589402	0.261542323840519	0.116277274691786	0.536130152041851	0.239927510127627	0.254514736550805	0.0993904618283914	0.49369262156675	0.235610343102533	0.536130152041851	0.27103432762037	0.407438247861675	0.128551092284039	0.287015284901297	0.475118058459685	0.222398498199089	0.315445664840664	0.283138019582243	0.283070748954906	0.309077371800234	0.228893725307594	0.174970028730283	0.362315392402277	0.247792008777335	0.245088495514354	0.333814691050489	0.270333512851514	0.352979322416954	0.306398197630689	0.384258869582537	0.27093577385598	0.338223177377199	0.171197126568612	0.295630861444234	0.250987245665466	0.207736000793344	0.274400394313468	0.342204650397881	0.314574502045925	0.536130152041851	0.20641828250803	0.313490930391271	0.402874714001492	0.267793117920088	0.262084903464766	0.282140468015001	0.0980353542495773	0.455806423973226	0.226516062066675	0.309627961252406	0.311975843600629
0.08617430413788	0.139508904017425	0.191733754349924	0.21090491072455	0.240878524465266	0.219086742405794	0.157654100746027	0.140234068631228	0.243286941441865	0.199759528955978	0.179651530017221	0.272372317585898	1	0.287399877599036	0.347371635554307	0.0925896764385233	0.321693079134167	0.104712015286237	0.227951276933373	0.0866903025143998	0.178301313065324	0.153508180972086	0.130996687336225	0.115527288874263	0.187737487820666	0.147100025035046	0.253926295831977	0.172415661278649	0.162831337840576	0.11597267447906	0.326709269239954	0.0524551609400531	0.0344636681099115	0.518573159205271	0.0620604169123894	0.185623116565546	0.241023468806355	0.385240417522204	0.162403583583711	0.449609747649532	0.0722532234177785	0.219476694198618	0.118462255550801	0.385240417522204	0.232588057420638	0.185436253173514	0.0918794836466981	0.177341339196008	0.262672779332768	0.13336839939727	0.139190582593834	0.176785821369115	0.240005670885702	0.181232056878111	0.119339340597881	0.108126159888943	0.306716166981732	0.141161137867364	0.19828190691638	0.261916342397208	0.15591573830432	0.276522551267567	0.180678703306196	0.272757261144799	0.218192544818577	0.19803315744081	0.0867684411326501	0.423522280043118	0.180481913519851	0.304028968081172	0.359379604368672	0.253675726592648	0.391543988005177	0.385240417522204	0.148241358530804	0.422940497436319	0.27371985151715	0.393799790199149	0.240789311313072	0.138964948986224	0.0797895503301619	0.202336481971721	0.151657109355451	0.161113053961653	0.295745384296384
0.155951792814037	0.288086392306147	0.365820452254228	0.425301850131306	0.245805387686812	0.329490705370323	0.329133865113764	0.223806772350094	0.451870979376719	0.332984124029241	0.351838884445222	0.30852963132347	0.287399877599036	1	0.374789327072482	0.204581481007201	0.175233872823323	0.15251587084034	0.378100059512982	0.184142770409605	0.305464316157796	0.255379650555945	0.24440062847898	0.182797949849005	0.289515308859387	0.342410072521962	0.424132516444829	0.229740557411	0.368001851035939	0.254811657932345	0.279702496354672	0.106711245002325	0.0714668027012686	0.353636103330626	0.124161238359862	0.378241298063648	0.138795245100483	0.579208637544424	0.341271260347313	0.29625909749791	0.144374462343706	0.283621952269541	0.237336279863353	0.579208637544424	0.336873730270556	0.265946920471966	0.190450485789122	0.285021269914942	0.25192660974377	0.213897321578892	0.168448907922573	0.282465715115703	0.35484305206003	0.254757838570941	0.195316078690171	0.26887690170809	0.369480553949941	0.326797582601895	0.36169805071964	0.476422892102025	0.314705320694419	0.350503517595629	0.374143075786293	0.410876118815954	0.258972962934442	0.354725679222874	0.193017368304266	0.420424044105275	0.355993710586599	0.354815931053931	0.228662799524483	0.399487841003091	0.220886585573079	0.579208637544424	0.244123257340196	0.379867070513679	0.434961024450044	0.381660578503155	0.395230249189256	0.235395581200501	0.168294302970803	0.351355091243987	0.235063967391134	0.284735763603487	0.424159220516582
0.134446435162897	0.223461784188381	0.342604931368582	0.333735222836663	0.285903987377783	0.316025286960622	0.290274032918826	0.260985182182461	0.373565302759473	0.296604512232756	0.279529711919374	0.313555844277579	0.347371635554307	0.374789327072482	1	0.200290614133294	0.265637815870331	0.140751131221465	0.322053053169515	0.140055029785575	0.311880316998158	0.22668212837975	0.214197169515057	0.162964577628897	0.283649638904497	0.252037127946645	0.368595716094351	0.230894335077894	0.304853728043415	0.169823355253223	0.337601729096288	0.0891089698250405	0.050844116211997	0.382301715837439	0.11523527498965	0.302241581075788	0.133924863968773	0.539138211665434	0.27010294195951	0.314128633891384	0.133661910128685	0.308181162042931	0.211382708383566	0.539138211665434	0.299528020235005	0.271131378923099	0.135438107265637	0.327356251915185	0.262782870224672	0.189879666912758	0.194313410643847	0.318186630052729	0.287704879160081	0.300146230018515	0.2188008297398	0.21292479525573	0.346914964331835	0.266103833948605	0.269160468848413	0.367639378497112	0.300071806102458	0.305355264694702	0.332789648330862	0.359347003709621	0.243178448211616	0.324120110451497	0.185719953010625	0.413899039525889	0.307961221807653	0.272122462793971	0.308565722681652	0.331079505929085	0.299118046402161	0.539138211665434	0.216469471854574	0.416627690645288	0.394867787098302	0.377328071683521	0.350397375481622	0.196891300607892	0.147710203969635	0.299836444320416	0.255572241122402	0.287522397745962	0.345313997844673
0.0743362268709541	0.102390122199751	0.286927962941327	0.20756247264318	0.167314325800434	0.240526394354965	0.235171384606256	0.188201029913044	0.235726816789843	0.242175611733685	0.162937860419806	0.184306425052866	0.0925896764385233	0.204581481007201	0.200290614133294	1	0.0759009629637714	0.0821522892865963	0.213746242639846	0.097771791571801	0.257628448024597	0.170933067213164	0.216985458219491	0.09645601168642	0.239485728994013	0.211413688840408	0.302639542159274	0.117755206661103	0.350661497177841	0.105404046360965	0.149069937731548	0.0520977258695096	0.0256234009745832	0.107028421849435	0.0563080675781628	0.168149015696883	0.0376206338250293	0.34125435782209	0.199016103836007	0.0974568884618877	0.0976998458992183	0.231535017938442	0.252317665623453	0.34125435782209	0.1476169085867	0.195680525677442	0.0833484969023772	0.265750022424564	0.124177961716308	0.119036043723542	0.129745687554969	0.269642860008923	0.150276387219836	0.206334360993494	0.336666842799683	0.203160290608056	0.193310646316335	0.253115090157357	0.143328228081888	0.262753733060356	0.269282127370045	0.175982009373244	0.439881789325976	0.217194216135127	0.09754217758059	0.355043477290734	0.333930637686606	0.142567553283558	0.216957791937386	0.103938780165576	0.112041676464137	0.2113111412188	0.122168339886653	0.34125435782209	0.114606345005238	0.158212741199977	0.292326767975455	0.133564618286333	0.144623732937848	0.135644030342563	0.0759254597298021	0.321399806518087	0.186379983360773	0.280422300827075	0.14909887388766
0.0579167051798539	0.0805277079323515	0.116985338885105	0.123273276222918	0.16031496815123	0.167085209186611	0.109162787553029	0.104921059295583	0.156379876911468	0.155978557332718	0.109662884650999	0.203683842005154	0.321693079134167	0.175233872823323	0.265637815870331	0.0759009629637714	1	0.0600430328544231	0.16112691697847	0.0582045718879947	0.126997188853552	0.0992523085794163	0.0936476519717461	0.0740866691751606	0.128205593502497	0.0840026128538075	0.168448761353045	0.105956675203052	0.116287868985272	0.0617311901496701	0.223143428835383	0.0277153771028987	0.0176142568607474	0.26369301241574	0.0372354927921897	0.115853934675326	0.105027885013398	0.248897110955372	0.103989529491831	0.219083518354405	0.0472555365089892	0.164558007187379	0.0795485546327061	0.248897110955372	0.129669986156327	0.131770050550074	0.0504282465764198	0.12233548294379	0.184246065968339	0.0762913473985507	0.101124546358509	0.125738578134022	0.140894269733194	0.122973964886634	0.0884794968691513	0.0657383662183232	0.197304523297188	0.093250635592892	0.124830025201923	0.157985367474127	0.106422773452531	0.192066542164234	0.130709335154637	0.187707304319651	0.130280154277207	0.160614909108148	0.0588236104570553	0.230973431959137	0.111707611748884	0.148343520420623	0.231036637292767	0.155332234516566	0.263530820833974	0.248897110955372	0.082636056948209	0.252823839609088	0.189027511135522	0.199012233351205	0.14219387634651	0.0856751532746213	0.0463357847834399	0.152468106237908	0.0914458735742609	0.129690136199909	0.172335440571215
0.216522463459707	0.228044246817166	0.230052232709801	0.216093293395112	0.151153305885611	0.228897545410937	0.207152579256532	0.176410670521307	0.191560419033968	0.226333469371357	0.161089515277646	0.198474310418843	0.104712015286237	0.15251587084034	0.140751131221465	0.0821522892865963	0.0600430328544231	1	0.160520168096152	0.173534079026979	0.202737777464902	0.352696138909521	0.246849551285093	0.265156659800167	0.183142836631686	0.223451152485309	0.196581488775158	0.318937121712867	0.161707146307668	0.222703605529591	0.118586727953077	0.203079112339575	0.145580754587164	0.167870252731617	0.165919268783501	0.217840352069708	0.110471938578213	0.382044743874798	0.175483106141156	0.192652363823211	0.191046596525299	0.234816630773114	0.202572909190868	0.382044743874798	0.199196722385166	0.281399556052788	0.259501321627292	0.15918769968782	0.20864228689709	0.348754882750204	0.223233048336888	0.173580740448815	0.29487527272495	0.179385392692951	0.122987658866913	0.214715700702131	0.121735939001223	0.188657894454201	0.157419503238115	0.167088378814413	0.171835909710292	0.106551409694286	0.167532624623148	0.146045707772474	0.143155701525872	0.151878029932611	0.16655703857555	0.154796630108314	0.190017294481075	0.152355164551697	0.118564300969911	0.191959305039894	0.116922703568283	0.382044743874798	0.282786676111268	0.122053242995022	0.130226564565468	0.205796038265206	0.202121308059478	0.344100714063693	0.196754825149604	0.169319633795614	0.189792821901249	0.197283629856065	0.173699386457541
0.168416667135592	0.237740978246219	0.345748756472149	0.347396976362257	0.292333985228855	0.360609308314603	0.374595461188305	0.268674710447421	0.432890991435245	0.380918503355122	0.286887982983686	0.359788144066935	0.227951276933373	0.378100059512982	0.322053053169515	0.213746242639846	0.16112691697847	0.160520168096152	1	0.224373057254563	0.431693044273928	0.275749855964453	0.262303689017238	0.208470142715858	0.376748842996668	0.32322521555875	0.469008099130306	0.286869117128719	0.413535289323298	0.252267223504013	0.290057393714273	0.0999029306874626	0.055494362285353	0.267467268678373	0.122147468464693	0.315629797597767	0.0998529417800354	0.563801392166913	0.303488497276922	0.225388185015821	0.149569821430814	0.326456480242611	0.306835025346095	0.563801392166913	0.272154602466623	0.29652867970359	0.149646312249833	0.312624999551415	0.283913329635257	0.260103422792352	0.214255034199311	0.327371910406264	0.305028302350195	0.288993958247404	0.25092589384024	0.263961991537954	0.319750815297966	0.349039650511492	0.322935505549558	0.371589579286734	0.316244153335369	0.330487928421176	0.363499786625931	0.397921688478226	0.26044985454481	0.355444714929671	0.213668876371223	0.301248571003142	0.33403669461749	0.212708070290499	0.218340834759556	0.360617538532048	0.234537528861695	0.563801392166913	0.215662980426549	0.28946296257896	0.396624213234547	0.270440371725786	0.30187477926287	0.230168255631692	0.128976383650474	0.335527580267534	0.235276128518068	0.283488621496736	0.325114175278964
0.23564776361676	0.241117679338233	0.191946043678885	0.230116077359671	0.103969436547038	0.185691938172286	0.309196106360083	0.164023785740249	0.235290840061089	0.208881755439788	0.173853442785229	0.149945514399622	0.0866903025143998	0.184142770409605	0.140055029785575	0.097771791571801	0.0582045718879947	0.173534079026979	0.224373057254563	1	0.232738644709678	0.189703091401094	0.173694701955238	0.195051790608459	0.169528496975549	0.247047153893632	0.19430006032305	0.18244299998248	0.220615024165189	0.285002724726082	0.0981086984149879	0.11971596388398	0.10520158992154	0.128905940931892	0.153587630502159	0.230187492788318	0.0602713705179051	0.3435250781709	0.205283786083161	0.122843335304179	0.165134099234455	0.147062969587867	0.208725095948001	0.3435250781709	0.148531786298931	0.153087673243859	0.181073370638147	0.158556927994451	0.126793036625444	0.23183181808857	0.121911923108354	0.184872447551935	0.230495969861069	0.133061058472154	0.111037452389905	0.224527179014973	0.122406669964641	0.233416354601247	0.273637049178912	0.181835538618454	0.191616730850403	0.11449270322542	0.178929712244913	0.176489437200125	0.143429162606769	0.190092552385553	0.169543885422158	0.145016746633846	0.202355970695209	0.137438876096737	0.0909474980751668	0.173259842846083	0.0883243190932359	0.3435250781709	0.178831074505791	0.110552963657366	0.148677879336177	0.157746690001832	0.193670966908366	0.179522144902068	0.153332252588939	0.137958669002017	0.128756835443792	0.152774010750132	0.188884257768769
0.192543979945107	0.24777945157364	0.443048813558834	0.348135009386113	0.310660624700221	0.363402733750545	0.421457201989033	0.39156743431381	0.404964713068988	0.371333494910643	0.269401091819993	0.313683932537772	0.178301313065324	0.305464316157796	0.311880316998158	0.257628448024597	0.126997188853552	0.202737777464902	0.431693044273928	0.232738644709678	1	0.299595527779731	0.302860941040124	0.223437890786554	0.382280308282116	0.350182628695886	0.464892230830295	0.30744636474472	0.449006286332558	0.24867330481581	0.265236997832157	0.14199533480434	0.0734493333758062	0.227957153665357	0.18711448940639	0.338955076660906	0.0898385497986385	0.593471978913746	0.29757565996137	0.210218919209774	0.237072187986335	0.344781553503288	0.387939136761947	0.593471978913746	0.282362879869194	0.318072960481213	0.16214103719226	0.401684697121145	0.26326002517459	0.30262441418619	0.268538558093275	0.417354560536913	0.295517852209312	0.397037177622947	0.33987110071384	0.318456409739257	0.284672842013342	0.409642476336769	0.286285181171558	0.335137185122497	0.406077234177231	0.269822256025276	0.39643417387439	0.329228788023682	0.228302366425952	0.395097155519826	0.283907248452584	0.251091413670929	0.371606857977405	0.165629524179734	0.226078854860839	0.346012876348475	0.228941572025203	0.593471978913746	0.263440270786742	0.240762804675542	0.353961048190876	0.241613006163969	0.304283860376087	0.245815744808566	0.164262442782273	0.310985554480423	0.349962589135064	0.31709890080042	0.283614869009456
0.203105186893636	0.271292907241356	0.323026991953447	0.304157601752197	0.245268102138794	0.429628174291943	0.297278005910246	0.256042738912337	0.33496336774439	0.387627094602221	0.222832674564104	0.330744437111277	0.153508180972086	0.255379650555945	0.22668212837975	0.170933067213164	0.0992523085794163	0.352696138909521	0.275749855964453	0.189703091401094	0.299595527779731	1	0.371971008701322	0.343869263019481	0.299382006429425	0.290860593117711	0.344844645264797	0.352555938125559	0.279841521539052	0.229842013978294	0.181044399346647	0.174229942674316	0.0976634957697962	0.221671102157327	0.147021159391616	0.317795272719252	0.1001614032972	0.536705308422781	0.263841368218071	0.216136146474413	0.192934495564573	0.351999504601574	0.290627720650553	0.536705308422781	0.274135934392815	0.464631063139107	0.234264748918176	0.260626666542317	0.310004581349175	0.369925867428649	0.309252072504044	0.274115438678663	0.297079000981336	0.29060293303128	0.215337855554325	0.288223829204002	0.213548034480493	0.310259222352291	0.222190159193638	0.280529844243849	0.261371196632414	0.201703395304873	0.28177199358002	0.253704101156927	0.221272433208377	0.278332868481545	0.243272195981763	0.223534852974923	0.279383971483591	0.180287875109833	0.175879030712812	0.330522305190453	0.176827078884006	0.536705308422781	0.314490583423545	0.186252443510601	0.262554407534464	0.256977236390802	0.28176715968158	0.410650601887018	0.187267483257027	0.359799443247264	0.263543619615726	0.319460322207696	0.255129826774674
0.168113604627349	0.237372636692098	0.342022374545707	0.268899086211002	0.269052054325636	0.410937879064303	0.267767705664999	0.245835807261274	0.301813102866494	0.376039958740722	0.187368993007149	0.338824513840981	0.130996687336225	0.24440062847898	0.214197169515057	0.216985458219491	0.0936476519717461	0.246849551285093	0.262303689017238	0.173694701955238	0.302860941040124	0.371971008701322	1	0.259448162917381	0.28575886516112	0.297519918568901	0.352393633660632	0.340399041679856	0.323218225984268	0.176949904513904	0.193116368320782	0.143021070245408	0.0663540322460654	0.180193816681339	0.113754320928782	0.28950562646815	0.073414869231268	0.500942868240458	0.286370226330165	0.168948373232494	0.152555364638651	0.449511307272594	0.324423985226951	0.500942868240458	0.245530518805535	0.416185048278521	0.159264810363677	0.297048489617624	0.24503152536761	0.291495022544254	0.307762474683434	0.268129300657864	0.263112067247881	0.295975729687383	0.235121972540403	0.259600568554557	0.22725136806225	0.297984266974884	0.195887708619126	0.28156950925204	0.316439483166265	0.209560019528102	0.330092962758861	0.269832096628713	0.204572161516346	0.311741981711333	0.258608224675594	0.197584142244701	0.279572702762668	0.132188534530943	0.145696233829709	0.283953587590506	0.167574934392344	0.500942868240458	0.273703907448205	0.201622292147412	0.295591346718955	0.213928454058132	0.215068933217015	0.388815440100495	0.142760218321429	0.404015239749836	0.225583320520852	0.31170047900528	0.21068160478011
0.203743537159128	0.21754633187622	0.208171141030775	0.224906155715841	0.148702249740635	0.255601068844384	0.243388078889348	0.191244670258384	0.249212098362974	0.28161726983621	0.177469249180173	0.238128317262892	0.115527288874263	0.182797949849005	0.162964577628897	0.09645601168642	0.0740866691751606	0.265156659800167	0.208470142715858	0.195051790608459	0.223437890786554	0.343869263019481	0.259448162917381	1	0.2049093152123	0.217130539690729	0.221945834191997	0.246218736716714	0.187681021457122	0.216857608933799	0.127924366525886	0.160266247684168	0.112249460451912	0.188800079648335	0.145959832361402	0.246205238030088	0.0806580422168687	0.402751177060576	0.196365329665206	0.182509752800606	0.165895559052606	0.221190128206508	0.203172619843592	0.402751177060576	0.210867510953468	0.26277333640606	0.244340060299664	0.161311869545931	0.25918282013033	0.273766465536908	0.216908712560343	0.199959228807995	0.254224404474441	0.178450098769057	0.122400029654579	0.221964059890595	0.157283041451986	0.217444685169539	0.195264351270517	0.201968219580334	0.189843320946854	0.150257026982619	0.165280010142494	0.166755437296253	0.195471249365319	0.175863583178264	0.157878470034674	0.181786023904973	0.205313668907623	0.163116491175271	0.141802053670589	0.232683177639026	0.133023085482433	0.402751177060576	0.231500640790201	0.137205072644123	0.174570744684018	0.201836615913592	0.227377811338345	0.308886804852954	0.174155458771264	0.195697405321306	0.180668859037625	0.18409072800281	0.214756949817179
0.132767516225844	0.226996189765853	0.345488068433231	0.293580386978092	0.313537693392901	0.338554912818705	0.340403323561741	0.32484399248903	0.355812419256603	0.354124207155912	0.239915452039901	0.325422453899031	0.187737487820666	0.289515308859387	0.283649638904497	0.239485728994013	0.128205593502497	0.183142836631686	0.376748842996668	0.169528496975549	0.382280308282116	0.299382006429425	0.28575886516112	0.2049093152123	1	0.285010187216713	0.436227479167581	0.310357661730615	0.35827940660647	0.182631422997338	0.260812371493323	0.115079024618763	0.0523001561881819	0.246075436768813	0.125263669367903	0.316612358447741	0.098434241311791	0.541431711341193	0.287793926230794	0.21328662153324	0.167438561884767	0.348281667290062	0.368894887104928	0.541431711341193	0.304971092114991	0.311670853243214	0.126213543514334	0.363684794544641	0.285186597830309	0.281318222273652	0.267056509242205	0.342277461789267	0.255345257707162	0.357633326964152	0.281788224819442	0.243396345872516	0.290367329602127	0.304275201298774	0.208135349603969	0.325701484899745	0.299876671954813	0.286951165769963	0.332145108819993	0.289343038416447	0.236911648396802	0.308558718703306	0.237991788169117	0.254757346940055	0.322013580291957	0.174169338500853	0.248530399980468	0.329018905094606	0.24577306029973	0.541431711341193	0.230696097809561	0.25474025206561	0.354236292690421	0.25891063516136	0.288303822733885	0.255389076324859	0.137940456227776	0.351757667234807	0.304472002824499	0.295397897489882	0.284864171641688
0.206654697570732	0.381430095863964	0.409259570275923	0.501644808302904	0.198839650565413	0.268058838708216	0.375302639042521	0.251662804967462	0.40229780753181	0.286013738108543	0.313356411693568	0.211682760306942	0.147100025035046	0.342410072521962	0.252037127946645	0.211413688840408	0.0840026128538075	0.223451152485309	0.32322521555875	0.247047153893632	0.350182628695886	0.290860593117711	0.297519918568901	0.217130539690729	0.285010187216713	1	0.381813208775321	0.267151041992014	0.401489873802071	0.358842116198756	0.185694918432879	0.222568517793834	0.140656893351585	0.2205803797565	0.216885395451027	0.405898704340674	0.0951187965013723	0.567956944974552	0.380749988861354	0.213323932180452	0.242427125500732	0.264335036606933	0.370239884185539	0.567956944974552	0.306955996919003	0.266887792539563	0.265759706949671	0.300771386738547	0.176497510198503	0.318743132204065	0.172012470985527	0.294229018127451	0.347532794022108	0.257552972642101	0.205792906420264	0.381305193338111	0.230663220323715	0.410963679353249	0.33169528546653	0.3672802033839	0.347864638759754	0.203650977190365	0.376219518712148	0.302731958200908	0.205408473144764	0.34221531734142	0.279651565411399	0.276438914174905	0.391861103000557	0.224343714817458	0.148030439599507	0.348881609500309	0.139176074620361	0.567956944974552	0.358085937980038	0.227826939476228	0.299045910178516	0.282126532340411	0.365259205684151	0.301434521637039	0.253919004382125	0.275163429560903	0.286347807511714	0.26608480511675	0.337397534948079
