1	0.18731464449241	0.208123432383558	0.267789855884426	0.235764008015702	0.144426149470879	0.254007926578907	0.2094720535607	0.279152374293554	0.263303433878477	0.302599910263976	0.218136599107639	0.201294044417196	0.224512601181126	0.224464873999996	0.350892324308493	0.221064943517882	0.198202785628611	0.206388494520466	0.30481177679574	0.263785394976929	0.237713421629172	0.174768536357817	0.207906017292421	0.258488704181595	0.202194135169979	0.203073269912131	0.26631878935956	0.222396990903836	0.222519977999834	0.246522876612675	0.256162189754183	0.225375152500154	0.181265755168641	0.241608409797167	0.161746387449537	0.174689606673684	0.173336622549741	0.233815840177369	0.205504553050361	0.213853842378192	0.257392935523541	0.227228586286731	0.246028390266709	0.15385107540304	0.217095547612296	0.209515677101455	0.176424591149193	0.254516941588619	0.182565097067501	0.162611531321992	0.285110864832684	0.233582762807356	0.264992535547738	0.179031360513274	0.136432557997211	0.192640641569205	0.268229002497948	0.163774729573412	0.217996719947086	0.225059140903622	0.23249904479618	0.205313892265249	0.120722158659857	0.233869932105588	0.268147231734745	0.244381908788718	0.220022249059287	0.213104970492959	0.348060350435244	0.256029501344452	0.082361456390232	0.216923842428651	0.0530445754755653	0.314344613910761	0.239020354188088	0.122324845062253	0.139929033445387	0.211581176228966	0.172979371159726	0.225933274479841	0.416445362909997	0.27451789093462	0.0971992008350523	0.0858323779760611
0.18731464449241	1	0.289315015410229	0.231599978866762	0.320588568434928	0.413376530821351	0.267325949167041	0.242519067778241	0.216580243325394	0.192038277993963	0.291851687635425	0.31336954326973	0.13359473764779	0.251766238448505	0.327123103689643	0.26186248002472	0.311354856842165	0.32118957019783	0.295610472261872	0.220133618626428	0.225294955327704	0.242176248594148	0.383381586581753	0.215578691836902	0.165946938889288	0.264876593892542	0.266045392415046	0.217843176006921	0.290176035111541	0.301962153252059	0.283622988609018	0.298887697983723	0.175687324195859	0.256498778414477	0.213271904353023	0.456306609529556	0.419465396233332	0.411162541045455	0.221317338489915	0.291207687267003	0.187245705489863	0.305909463858393	0.264410437620475	0.205024835090696	0.229396987299634	0.248444215201197	0.261057505013093	0.251095681367732	0.281216020834162	0.160303669186419	0.193761371244235	0.208191465179687	0.248855403545771	0.22272020648935	0.185138482774556	0.20673550794075	0.206257972564301	0.222486688249423	0.169075990274239	0.275691446322987	0.302298800704605	0.248606388776721	0.353115849951417	0.145239160426541	0.308712219876917	0.286867368931443	0.331623438362413	0.300045569850329	0.208227277009501	0.249454857131413	0.239251055168304	0.243003449689653	0.236191632708977	0.0546162132577846	0.203440446111027	0.210625558740189	0.294696588888375	0.204843992401316	0.158455391586184	0.154490407212268	0.239992033500595	0.173589229944646	0.288249860874576	0.141577925674444	0.0870345057872089
0.208123432383558	0.289315015410229	1	0.268485172814305	0.253548360919802	0.231860390122187	0.311024826965785	0.186570442028964	0.203147307078917	0.232999432979711	0.321243285480218	0.231951076112265	0.184083027265422	0.190214692917635	0.390064824099868	0.318086761840386	0.318367300079291	0.243634710538392	0.296017121873706	0.29194410627811	0.236945556864386	0.238802145554662	0.296050757233373	0.238989529906767	0.239751292434227	0.2946510564692	0.280897236074255	0.268261972754267	0.2489348533726	0.255313489792212	0.301973293991745	0.26917867787168	0.184124306845559	0.195892444739665	0.234765622372079	0.238708023720421	0.214684487096347	0.25826310608277	0.225978499718894	0.238972106423449	0.191415183527871	0.267614174158341	0.279387723860616	0.243100857916795	0.202750817743271	0.302256495417446	0.218599416728543	0.146296062862577	0.246199602838064	0.140993953169995	0.134309335621989	0.239105070021952	0.24115786132971	0.215873704798565	0.135417321267573	0.18991035811498	0.125719902300465	0.251035182119655	0.128809245515216	0.196821273342557	0.239752040101301	0.221486337033529	0.27172409477294	0.0900886471808401	0.210958770061462	0.231621239749325	0.222116262850561	0.236850841331918	0.185823152285028	0.31557684292827	0.243978132016044	0.115886592808546	0.178061141273133	0.0588500599532652	0.243142969386477	0.189138441631953	0.144798588167113	0.116915391839068	0.123246730613282	0.150543071821465	0.254623432853351	0.147565957414796	0.331057439797663	0.109123821839016	0.109447209205561
0.267789855884426	0.231599978866762	0.268485172814305	1	0.2510026710378	0.208972693686051	0.417743713397892	0.303689068326202	0.339550214643974	0.296565181335162	0.467279779371016	0.318738719301311	0.45574815417878	0.232877751575724	0.237954902442635	0.434276096663555	0.334617452137357	0.317971295433872	0.212543842615367	0.345700537483407	0.408749732941874	0.318978463702628	0.286085900368803	0.366242517028735	0.38433773371532	0.343048369040035	0.271567078386949	0.409126584851932	0.353790193057055	0.259945100058581	0.382721347206658	0.348778563469574	0.412496921739496	0.29513168189023	0.331694054094887	0.210608847498264	0.240539869411345	0.253108421806488	0.307911870903674	0.245661897613477	0.324486096243168	0.348732614865345	0.321415360405519	0.245284715893247	0.257745936406031	0.247742465430976	0.3422056530742	0.238654724666912	0.263944521997699	0.224089591976364	0.203014276154834	0.402639264062187	0.335584089902921	0.315320146413642	0.192196315167465	0.195627844084219	0.197944814202939	0.270857642842361	0.161828801935168	0.242766858907922	0.327250854436312	0.337294295935604	0.275747920150623	0.131159948772591	0.273218850258695	0.299762789550085	0.268944007913488	0.287837946755861	0.346857596069366	0.33668698064816	0.368017373397579	0.0960847195911348	0.277894868517156	0.053495760243713	0.313399467547397	0.357418656019927	0.189689564088104	0.182674904366957	0.160598696258447	0.221927683645587	0.320645179729777	0.24546774285575	0.364037012849899	0.0950141479694631	0.155602118208866
0.235764008015702	0.320588568434928	0.253548360919802	0.2510026710378	1	0.218868224871555	0.247231910897175	0.255072209907934	0.26230252646541	0.255908492024102	0.33804155331965	0.312485640936647	0.151174896042865	0.273565309821462	0.227605759054148	0.315003972411005	0.376444826485028	0.29082128038545	0.246619806120038	0.284316710024153	0.276887354015185	0.224142422683133	0.248212071834974	0.221277352649908	0.192870448572516	0.27354619975284	0.347795555330409	0.218898871012722	0.395872579688762	0.355485298662952	0.353909041576326	0.257758334731171	0.207506106343834	0.222243074430528	0.26860353820728	0.256634502500564	0.269084570582248	0.281245557442982	0.216298913079501	0.236519023670388	0.20297032966584	0.353190698616956	0.232897162256912	0.202136168810699	0.218543286937864	0.242072541745959	0.28870939105238	0.240631454976163	0.286380880039477	0.174094141780038	0.185877655367803	0.250324228400788	0.238567167514186	0.237877999067059	0.180871313076159	0.134912479187539	0.270348993327651	0.279779938102283	0.215762538081959	0.337335714947837	0.311649053710939	0.282439087329627	0.336253009836595	0.157425383835559	0.302101072845532	0.380255721915723	0.376255170203759	0.275127076296196	0.196524113469104	0.325175714886338	0.296948129068282	0.141267913879431	0.230973629717544	0.0508737201197055	0.233353802571817	0.279099041829073	0.2015198740737	0.191942675518477	0.235477895698203	0.147618867937686	0.228105915583306	0.212541651432804	0.311388544859164	0.472787565699423	0.089651294898933
0.144426149470879	0.413376530821351	0.231860390122187	0.208972693686051	0.218868224871555	1	0.215801401658772	0.178188656760587	0.162131808836128	0.135688764763673	0.219958300421553	0.253191221613059	0.125237361853641	0.169228117050441	0.29180969275126	0.203427284441459	0.257250273209043	0.272274586429309	0.256009828391186	0.181075193173313	0.185427948266199	0.211806886556828	0.318538662461548	0.184534739626148	0.147033479286389	0.233014364627052	0.2209177321278	0.196495196850698	0.239473456788206	0.240266109869056	0.244687762398543	0.279441541177821	0.143425641040987	0.201988275393886	0.153363106607715	0.359796933425503	0.337334034267043	0.305601559962821	0.180966245433627	0.229567548890465	0.149658161926182	0.230865714704927	0.231334394070853	0.163493812785639	0.16632999393723	0.204923236661756	0.191234225581699	0.181268546563667	0.206828893666636	0.11772283006902	0.139825997870486	0.160471234190355	0.200932133454312	0.18183246797946	0.132492213239872	0.240090627627366	0.134029980301708	0.154127285526574	0.10154621420471	0.175003874510335	0.222948928475464	0.205537254206377	0.254910925904063	0.0871715384184305	0.214831254159979	0.200538558375738	0.233558032099688	0.235754438988597	0.167989122826962	0.198214677241921	0.189314923291334	0.202337867617393	0.183801973123127	0.0490397311332431	0.162501561599801	0.155444604638234	0.263796031647759	0.133153433714989	0.10286554296708	0.113125856776551	0.21299623982297	0.135127771925603	0.22721921404929	0.0870190811025369	0.0752210787160316
0.254007926578907	0.267325949167041	0.311024826965785	0.417743713397892	0.247231910897175	0.215801401658772	1	0.389066934757707	0.26334401688085	0.269637981562382	0.380213437909798	0.304272830764781	0.279306913533631	0.297533705245214	0.295326574568016	0.336456317876254	0.322985807815822	0.275550465185368	0.222137964311145	0.309963144623411	0.324231004248031	0.479168652472749	0.301649655369344	0.466250971601085	0.294280513453631	0.352882781102201	0.275812900264023	0.37501936601844	0.292142913979316	0.289345837790884	0.345153806582654	0.303146034257165	0.272200475173306	0.272045126990872	0.309803756587548	0.23532415813621	0.249418062772633	0.252378975807293	0.417898828132202	0.380526014057081	0.467757098124674	0.314158954809693	0.526371065189417	0.377930664641803	0.217574230144899	0.359923656831717	0.294986752810002	0.218461218600914	0.39024802837765	0.219015179700865	0.285978921254801	0.365855702409078	0.490583498295938	0.303100437183636	0.269093796212019	0.201655056525458	0.166547907147538	0.248795580449298	0.184727470503963	0.243664608843203	0.296801277048467	0.273932600452312	0.265717868682777	0.1281941410897	0.315911298427497	0.285425878301778	0.234066003662131	0.317494646584249	0.358081111350289	0.357103276138169	0.293844344256137	0.101793700118763	0.375118532901032	0.0509151244658318	0.307100995519072	0.277533774191927	0.159941419872076	0.1901012200164	0.146097945949399	0.241797736940897	0.314584144237621	0.204524816744362	0.407865486900373	0.0998785512434103	0.224193912462079
0.2094720535607	0.242519067778241	0.186570442028964	0.303689068326202	0.255072209907934	0.178188656760587	0.389066934757707	1	0.258158488732591	0.207679066006725	0.306147831348461	0.34724920132013	0.185447463125052	0.320514562478852	0.18561840613158	0.270332830242919	0.246953855050806	0.250247133959514	0.163048496496663	0.209704124866825	0.254498610278638	0.330309644884071	0.21382368374116	0.338746717738364	0.196468971266047	0.234432384360191	0.190833014321651	0.243224821183972	0.266922300904342	0.256382899019916	0.237019705449523	0.215652198436522	0.266783215689753	0.236272517176518	0.24413511693872	0.219372479883034	0.247875332735048	0.226027416921319	0.30744355322984	0.299168639276719	0.372253646608072	0.278942867455889	0.340888324192459	0.270849072150501	0.20569215219694	0.220821836932427	0.291467744035888	0.278829306414865	0.328576495203889	0.21625551150509	0.343757447525546	0.306314864114261	0.374637760266687	0.250650807281756	0.309252439962105	0.137957599564928	0.244128268170843	0.2038269585865	0.226851725748741	0.276453525545115	0.26597339855585	0.269231368800578	0.244183008870144	0.201934579452478	0.328972403168118	0.286006781210484	0.260831501655926	0.258217774671076	0.26077010001226	0.249842471049568	0.264420364457206	0.122697452422388	0.40166506919331	0.057306125640698	0.214515446744087	0.286059026962621	0.205692243388773	0.286321236236537	0.194907732913887	0.236181595941104	0.234528732632194	0.23036623260132	0.275307689635795	0.0987421815751331	0.118820572237799
0.279152374293554	0.216580243325394	0.203147307078917	0.339550214643974	0.26230252646541	0.162131808836128	0.26334401688085	0.258158488732591	1	0.283926550980157	0.323677094000519	0.261664898655856	0.245428170589574	0.251415506815026	0.205595195386473	0.379045802376565	0.259201946795159	0.264487957698429	0.199407635417261	0.303551563087519	0.363724527719812	0.259736239723882	0.204428808240581	0.247964132274465	0.258822510844322	0.25154954118254	0.22818317693595	0.286659968097923	0.29376936777654	0.252254980770927	0.284859570622817	0.279547287500555	0.274870165494902	0.272443831974716	0.301795592220206	0.1829157041123	0.210336484097232	0.222920819122226	0.287680411328528	0.22386321982642	0.232447368350574	0.375400670977404	0.252619702023201	0.217976014573543	0.213352316139074	0.199346592980099	0.288059975298248	0.276697925569017	0.256884259575499	0.291427580053168	0.185303830218532	0.325711330359473	0.243961445512623	0.277442515315325	0.214448665895794	0.143241067190333	0.23410122980725	0.251204317887638	0.17435135387046	0.266354111236669	0.296422144874463	0.289712697229836	0.271874852251633	0.153821627775209	0.235068604568629	0.335184644093687	0.293953514529828	0.240903552536074	0.233801506116	0.294816839963575	0.31466598339377	0.0873291070923959	0.239722382124714	0.050174957706126	0.32764384120192	0.299810756972752	0.16144477549693	0.185742775712537	0.236392712975576	0.206582320605712	0.296607491159056	0.26169599569529	0.31136579952138	0.110117017564582	0.100741226115542
0.263303433878477	0.192038277993963	0.232999432979711	0.296565181335162	0.255908492024102	0.135688764763673	0.269637981562382	0.207679066006725	0.283926550980157	1	0.34120089181787	0.225261479292963	0.21680206145116	0.215738487764833	0.200218102638021	0.311841565359603	0.262770842195848	0.224380044387047	0.164566074350312	0.307566523071256	0.304483496038574	0.240569315910495	0.205401850790157	0.245518342045525	0.240029472687918	0.259081835861843	0.238399950235614	0.285096862209724	0.277110761736889	0.212560318853198	0.291528858579235	0.245644658244069	0.227720065331505	0.216204667152142	0.29630159917886	0.164128789898929	0.17433310277244	0.202470312427537	0.236289976600886	0.177511134700593	0.239718150386211	0.289645824392292	0.23838437266292	0.20842957659089	0.172233841147535	0.222925773462918	0.258578941259083	0.190025722964122	0.233428530866757	0.20467294459394	0.143331318788608	0.280376731440888	0.231015544071946	0.202743339087043	0.161962940617297	0.117608389323194	0.178718654535413	0.24067503649689	0.169376532422125	0.234200706377628	0.255975759440819	0.243854361364325	0.22728226766449	0.123967767937282	0.230866751584853	0.303189055908733	0.242690874317501	0.225423768650747	0.209876322862366	0.33259373248806	0.275619304810543	0.0715494677703491	0.194623384535444	0.048552432329348	0.299124025539821	0.253820844095697	0.119475558649643	0.152522226168363	0.180941056048816	0.173798525540701	0.229105537111977	0.200480360256791	0.331074022602929	0.106853322644538	0.107197175134288
0.302599910263976	0.291851687635425	0.321243285480218	0.467279779371016	0.33804155331965	0.219958300421553	0.380213437909798	0.306147831348461	0.323677094000519	0.34120089181787	1	0.358772861968082	0.269962338222119	0.293714873627402	0.256245454527961	0.445698450290204	0.324661443788332	0.326731174961885	0.241327276445564	0.412421660625267	0.36118378599974	0.305129822998573	0.284516653911288	0.298287987651677	0.346290756959732	0.339177420014498	0.267463000367203	0.359365861947764	0.345691244521983	0.295156587305291	0.349305989058319	0.340377017665173	0.342885692438936	0.291690379030232	0.352050995589354	0.262631593633679	0.268465284915823	0.272297800663599	0.283507352321907	0.249782698505718	0.292593403874386	0.357557281306068	0.31052479872878	0.277153364823395	0.279888885410241	0.275736490739166	0.351512585810052	0.252524799058543	0.335617925406738	0.220331381668164	0.23639536223894	0.377254196280209	0.329851716449127	0.289665829795539	0.200597761135445	0.15593441392044	0.242789731248772	0.383155429540183	0.223857603147722	0.305932204794532	0.354725235850702	0.319138331123603	0.313808093718612	0.160348059181304	0.359648410787263	0.358128980895852	0.33422686859886	0.313370270593361	0.29094899682012	0.434857807250326	0.410529157159883	0.1173483786935	0.283286587241032	0.0523692127899802	0.350698767206234	0.393117305791242	0.186202095884472	0.203370418820078	0.224960464981721	0.230045358489805	0.28710408049002	0.275649921171005	0.380802249262764	0.147167097508821	0.123894276452225
0.218136599107639	0.31336954326973	0.231951076112265	0.318738719301311	0.312485640936647	0.253191221613059	0.304272830764781	0.34724920132013	0.261664898655856	0.225261479292963	0.358772861968082	1	0.187077950444873	0.312089031155378	0.224016822147562	0.287000499598791	0.316246265640531	0.312642343344205	0.200541338854442	0.237333635419337	0.261528781626592	0.27386960119237	0.248611548228888	0.250397938373099	0.194708171487883	0.276480559501973	0.243206191594244	0.270781679873009	0.335094751158147	0.308071669892892	0.27914330422364	0.261750985189364	0.261187348423652	0.302955410339406	0.249621934192485	0.288358648652902	0.300187998815808	0.273301373826898	0.253599505582556	0.259766568853326	0.253698524609941	0.298847004498884	0.28045633885383	0.232247433317021	0.220455033161282	0.227157137861115	0.315479428249922	0.349999190348797	0.316807308419092	0.234896990686072	0.301547998707429	0.283433731521718	0.283581965601712	0.244873103944322	0.241481952061266	0.170066627029411	0.300163405999842	0.220177282707649	0.250897532183492	0.301797577517061	0.334553651763108	0.296972089216582	0.305035725822592	0.260454813325576	0.371171958461701	0.298860952215394	0.326674712718027	0.269593711362884	0.247754996333653	0.260825619828993	0.3082606565362	0.177617981870556	0.296088844636544	0.132755497152682	0.23005458658684	0.305297969927343	0.307002876485949	0.314134836575715	0.227960887591567	0.239510265570817	0.26209155896322	0.271545809355943	0.290651103646099	0.10360480485061	0.075744134008617
0.201294044417196	0.13359473764779	0.184083027265422	0.45574815417878	0.151174896042865	0.125237361853641	0.279306913533631	0.185447463125052	0.245428170589574	0.21680206145116	0.269962338222119	0.187077950444873	1	0.139298807992207	0.185615484979065	0.32511865309101	0.232721293941117	0.214300406819826	0.154568441516906	0.261773921366031	0.337603149837056	0.240579253756197	0.198939309091783	0.32187037863661	0.347675705820932	0.218770624527449	0.194210366321781	0.346157807242569	0.236834270788161	0.153946097700359	0.283903471385519	0.243977690556636	0.36076820751122	0.184535216199209	0.243296649914636	0.116283008812222	0.143291076827198	0.158001915642497	0.246787559419865	0.16706302155515	0.237689360177096	0.228470790365716	0.225249145034012	0.184480516838671	0.160122087130543	0.180437376463599	0.214738209080363	0.139688870286662	0.152762596653821	0.148669869535547	0.11082378405597	0.316694686522797	0.22726969645955	0.247045971837278	0.138600811998951	0.148484676489994	0.125889779214288	0.176408504298105	0.0920635347054003	0.133633985633892	0.195226351385059	0.228950634034101	0.16936672896135	0.0772053049006028	0.160883699282873	0.193478141578912	0.158834352949298	0.193145140802685	0.272311046054757	0.244304075150556	0.255197340447025	0.0506832054984744	0.182876463799298	0.0468008967768219	0.220382899213189	0.250972120645773	0.11376512461762	0.108849207239629	0.0996719556104512	0.130791831702736	0.233323432050683	0.173280869818273	0.272190312741148	0.0533942711540549	0.116754626198064
0.224512601181126	0.251766238448505	0.190214692917635	0.232877751575724	0.273565309821462	0.169228117050441	0.297533705245214	0.320514562478852	0.251415506815026	0.215738487764833	0.293714873627402	0.312089031155378	0.139298807992207	1	0.20093204693703	0.273403184508538	0.218390900280808	0.216548795961531	0.174898774106184	0.24108464143975	0.240841102670323	0.291645481994287	0.195218883340506	0.233757209479451	0.184969308746098	0.214070419596235	0.192041546392205	0.220190729387197	0.233140020467531	0.261487265007071	0.221899311201579	0.210110023900737	0.234043966058473	0.202019857019974	0.267346604687883	0.21970493080484	0.222597523067734	0.200213266062132	0.271058702985743	0.25797395979307	0.267522594345999	0.270988019823802	0.274472595795701	0.270834297739643	0.170880294603162	0.268966400780856	0.282089317471055	0.32424399506803	0.431525556090915	0.255491174472098	0.335746972501919	0.297792335864518	0.30671278926614	0.252967381349266	0.251278763830161	0.113707557388414	0.230449857988649	0.220018110767578	0.258284549568295	0.323382755259874	0.288273604370711	0.245366638452997	0.237601886749844	0.201802284609089	0.350662790554153	0.298310503024169	0.25647299248859	0.255252445521424	0.21041930265555	0.287158624018917	0.253819872140544	0.119234152742148	0.330793604226196	0.0526939682794746	0.257637029986828	0.257636132302301	0.165173431858388	0.227380925704395	0.199930003335719	0.198433020378658	0.24435038853963	0.24103477788204	0.328667573480887	0.111704867107874	0.08218378450325
0.224464873999996	0.327123103689643	0.390064824099868	0.237954902442635	0.227605759054148	0.29180969275126	0.295326574568016	0.18561840613158	0.205595195386473	0.200218102638021	0.256245454527961	0.224016822147562	0.185615484979065	0.20093204693703	1	0.28093350203988	0.282508612738498	0.228786654104085	0.378492789878096	0.27002329681051	0.2257650715558	0.266691031324877	0.298833695368225	0.231927275239191	0.226840856320015	0.241477705650307	0.268604181539418	0.261643354624979	0.22403186862086	0.253210822862753	0.281020091147216	0.283773356411283	0.180888679093974	0.179707192005031	0.203603791159823	0.283947691216015	0.241984542428364	0.250583421882539	0.249287554438292	0.281704202144787	0.188758388039674	0.256510515533663	0.291176617031391	0.279237539233257	0.159049515998348	0.28946768941123	0.186533108777186	0.1477382218698	0.257431309199316	0.138817803830591	0.147229411679223	0.223762280557793	0.251256562705973	0.236680107155436	0.161200726736624	0.241680616053183	0.128190289837636	0.21204403545688	0.117561470406174	0.181307794196036	0.216564206686256	0.214948136481234	0.243927704561436	0.0870631549217032	0.217978114309983	0.223254036338079	0.218422346515197	0.241215814203968	0.205902127063503	0.313392489036052	0.217954822035538	0.145216876212643	0.203020961023373	0.0543725281368789	0.236337942549779	0.17533338761081	0.159803166090036	0.116431220841804	0.118792072750787	0.142647086443566	0.244574091864984	0.165859497304598	0.297095957743681	0.0936505894422626	0.0994639550675135
0.350892324308493	0.26186248002472	0.318086761840386	0.434276096663555	0.315003972411005	0.203427284441459	0.336456317876254	0.270332830242919	0.379045802376565	0.311841565359603	0.445698450290204	0.287000499598791	0.32511865309101	0.273403184508538	0.28093350203988	1	0.320679326326608	0.283354090384826	0.311358727187738	0.429928390451626	0.358894348991365	0.288568634414088	0.248249747724732	0.276138371328101	0.444039628747278	0.292601100334144	0.272306064775558	0.333179560908538	0.296610860841123	0.316117116746723	0.337159125029422	0.340336805042313	0.369537530487166	0.257363339781617	0.348693438183263	0.219921988314504	0.226772500665516	0.243066976630675	0.281748956185546	0.255417563075286	0.262919654758088	0.371000260343565	0.296921695023784	0.287330936300482	0.241343901418246	0.282410595977	0.292510492516717	0.224118967973935	0.297915671368227	0.22750514239203	0.197472939987853	0.369634092807203	0.296851621953339	0.311568102766128	0.207347530639699	0.174228901290924	0.232731901020995	0.390437028039429	0.197838996369419	0.2898855977487	0.313321518766599	0.326296380519619	0.295981611520442	0.152181803774748	0.293013495054592	0.345113265128004	0.317206125072591	0.28370399119043	0.261947544002808	0.421606835592741	0.368560123621201	0.110493537652715	0.262956978914119	0.0639852953540143	0.35923429901699	0.330476052611	0.177099331058842	0.172301102612559	0.23815273161612	0.222399796940563	0.30305858092725	0.299576162963914	0.351149335178486	0.137436312822555	0.110555879422556
0.221064943517882	0.311354856842165	0.318367300079291	0.334617452137357	0.376444826485028	0.257250273209043	0.322985807815822	0.246953855050806	0.259201946795159	0.262770842195848	0.324661443788332	0.316246265640531	0.232721293941117	0.218390900280808	0.282508612738498	0.320679326326608	1	0.338601015435977	0.260551190312987	0.294337901856947	0.335156335193581	0.282344505476805	0.33688013157291	0.321973307293061	0.224977502557397	0.364963659240264	0.436906291596712	0.283275776058753	0.454728043642794	0.399962729113204	0.475314832064031	0.297791257103026	0.203298472916783	0.275187695647048	0.276455478980708	0.237627097145488	0.26849654090003	0.313918578383275	0.275301569478795	0.276652565715173	0.240193821020219	0.360719082562883	0.303756528655419	0.21966710716546	0.214932611242209	0.300701287976583	0.279739883128872	0.225800844864746	0.268657198754669	0.170741794029785	0.152363168266327	0.289576628045138	0.266976914275924	0.265739568021152	0.183347878562171	0.192806203133338	0.170493435879486	0.221823761410911	0.142578638159285	0.242228271663343	0.304696261983555	0.295188424285582	0.335997234412364	0.107772629167098	0.24373716688965	0.303836247243366	0.294086674098273	0.290775269606771	0.241689900635046	0.324183955679723	0.314553939074524	0.117049772046121	0.231134829484688	0.0518897080967752	0.257289314472467	0.27191074728571	0.200579552612966	0.164342786731798	0.152587249929058	0.157329135515608	0.296103138637959	0.176478247326336	0.386153045312225	0.16904621194257	0.149883987949877
0.198202785628611	0.32118957019783	0.243634710538392	0.317971295433872	0.29082128038545	0.272274586429309	0.275550465185368	0.250247133959514	0.264487957698429	0.224380044387047	0.326731174961885	0.312642343344205	0.214300406819826	0.216548795961531	0.228786654104085	0.283354090384826	0.338601015435977	1	0.216005009898951	0.260774156077607	0.329153864679996	0.281547133938326	0.332836542393119	0.289151190339049	0.209342684066337	0.319522915673991	0.30424301749398	0.290385682240625	0.3689205731784	0.287015745909944	0.364361914482879	0.309574049557791	0.217405844422453	0.307451508644174	0.264176681694046	0.25164204949032	0.304024201690917	0.325332061247446	0.25897036059673	0.245070153225371	0.236213879101706	0.352899437336731	0.269509496587015	0.194960053466568	0.240366862142031	0.229428861740306	0.308115208274215	0.26116566046579	0.251822906116452	0.191198708588745	0.160096033791585	0.26300195143673	0.257287417494012	0.252539344698602	0.18234431858231	0.189038345678469	0.192749849933142	0.197172399338112	0.140505437066696	0.277723482174278	0.320880125880469	0.326338029819201	0.339523401442475	0.121331013061529	0.272214700465924	0.325655270842439	0.314127704598006	0.322799588157396	0.242875588022435	0.271326294705278	0.3001502812856	0.130834353839289	0.242430056090029	0.0522223629381812	0.232737579890813	0.280965056775824	0.253974321112463	0.175922858663698	0.150391224071788	0.161332997357502	0.314268266455854	0.189269592688958	0.340756395830706	0.122591529535551	0.11367721161618
0.206388494520466	0.295610472261872	0.296017121873706	0.212543842615367	0.246619806120038	0.256009828391186	0.222137964311145	0.163048496496663	0.199407635417261	0.164566074350312	0.241327276445564	0.200541338854442	0.154568441516906	0.174898774106184	0.378492789878096	0.311358727187738	0.260551190312987	0.216005009898951	1	0.2845477612768	0.205650425837532	0.199168798343852	0.232669959987885	0.175062819783989	0.21606445286918	0.182779548645444	0.227752504187914	0.188393301067963	0.208467828507955	0.237897269042541	0.242347702044997	0.270092947228774	0.164570986489715	0.152314168109027	0.172102567646512	0.239338827043447	0.216168526294053	0.219605501407626	0.184363931424643	0.251658961978086	0.14243876326206	0.255486256725998	0.220951227185638	0.211337069641569	0.155806227930108	0.235869798039161	0.170452529203234	0.141148288209784	0.213682238763836	0.115839749139114	0.124486404442722	0.180795420638922	0.194950276462448	0.218570475482897	0.138229467326833	0.189052176624479	0.14384985392132	0.247707831303544	0.107523197384272	0.189016792201633	0.201820717198177	0.209865220531828	0.248466262119824	0.082975695531839	0.200557733071294	0.226007783297136	0.252301298875758	0.224203726249282	0.16422281805555	0.284355363935092	0.219355006961593	0.136351765617239	0.173170147121306	0.0449290618348283	0.204336907178158	0.168310438345487	0.162319945744403	0.107648514934558	0.136797794926126	0.109890516018285	0.2019051749385	0.169798963134198	0.239616157425749	0.110421422459721	0.0703509002448958
0.30481177679574	0.220133618626428	0.29194410627811	0.345700537483407	0.284316710024153	0.181075193173313	0.309963144623411	0.209704124866825	0.303551563087519	0.307566523071256	0.412421660625267	0.237333635419337	0.261773921366031	0.24108464143975	0.27002329681051	0.429928390451626	0.294337901856947	0.260774156077607	0.2845477612768	1	0.343745974050513	0.27048668630903	0.246111004191753	0.256475619498052	0.337529694370865	0.261846858661888	0.262631108916983	0.306129792222951	0.278489168819808	0.280860144857076	0.360774749512985	0.330199075468482	0.246631595255835	0.203192338460081	0.27577676818651	0.179404546720941	0.196401645103799	0.202398982201062	0.240890822298086	0.226325057428099	0.23611312118856	0.343969166146028	0.259840716973136	0.268623988455664	0.161823372785886	0.299818570577132	0.258637439682291	0.176022329592381	0.291792961282961	0.182745729639524	0.151253880375268	0.33602997386487	0.273005357979988	0.287545011847459	0.159225285179687	0.156691006958681	0.178559059851023	0.291991845574897	0.150802560318342	0.262162577403572	0.26608197265868	0.322415066041354	0.255552992492764	0.099578820478848	0.270527313956588	0.323888353684021	0.28908438874107	0.254435844207129	0.236739804479245	0.447356685388644	0.324368059346161	0.0847794969956712	0.2152901879138	0.0434590058256612	0.325782595055052	0.267649973676104	0.131021317494463	0.119967817759266	0.182396697008204	0.151575168816837	0.27154230800324	0.241814272715789	0.34775723172781	0.126197404999237	0.111210475008614
0.263785394976929	0.225294955327704	0.236945556864386	0.408749732941874	0.276887354015185	0.185427948266199	0.324231004248031	0.254498610278638	0.363724527719812	0.304483496038574	0.36118378599974	0.261528781626592	0.337603149837056	0.240841102670323	0.2257650715558	0.358894348991365	0.335156335193581	0.329153864679996	0.205650425837532	0.343745974050513	1	0.302312264627488	0.276975061801001	0.317303775684594	0.283158207164207	0.317165605495523	0.294777405405929	0.37758675662658	0.35654277810753	0.258816052572936	0.414720833489098	0.325612467549479	0.303814510062528	0.288804515968427	0.335288741139562	0.174289354473974	0.219131006197546	0.247241556531803	0.306037502468936	0.229170502553627	0.297988521020419	0.393491083979816	0.281048392514773	0.214000092872787	0.220977148776779	0.257521542443485	0.365769395904348	0.254751181938186	0.259243429092658	0.247184439663553	0.166389496402685	0.373463958533865	0.284901912282476	0.315698706163166	0.197509071614329	0.165118937615776	0.200461503138475	0.243381933681895	0.151022370292327	0.269954755642579	0.325787390002486	0.34951736622219	0.301475396156208	0.115501700408894	0.25260322951107	0.341303759354113	0.289779715756216	0.293163927263394	0.286503302230495	0.332818578425063	0.355928025658142	0.0812066580231616	0.247161960841494	0.0448740554511467	0.354052453582077	0.354764044073966	0.154622125674111	0.167208351006224	0.177727850177897	0.163614902114148	0.35239313884409	0.223563616365905	0.417995222922319	0.115523951552074	0.137452630822251
0.237713421629172	0.242176248594148	0.238802145554662	0.318978463702628	0.224142422683133	0.211806886556828	0.479168652472749	0.330309644884071	0.259736239723882	0.240569315910495	0.305129822998573	0.27386960119237	0.240579253756197	0.291645481994287	0.266691031324877	0.288568634414088	0.282344505476805	0.281547133938326	0.199168798343852	0.27048668630903	0.302312264627488	1	0.26376502927396	0.475742351585786	0.248012796812123	0.348014349707017	0.272990301762246	0.349561703324406	0.293757082410641	0.266711642505053	0.339980243692032	0.283829268209443	0.235758938629005	0.271508913831495	0.282690704617804	0.206576004583218	0.22894800743569	0.230371059028735	0.484945621326712	0.388157517274516	0.419037147138959	0.309318232629789	0.522727157508978	0.381667065548158	0.183616319240308	0.324110616177298	0.250457189261391	0.229819007020289	0.353341165249586	0.225434582719781	0.276628801237034	0.29278186324501	0.500812547264555	0.267569874127154	0.29231410233059	0.192460825460637	0.153056696459339	0.197474260002121	0.148096274354021	0.221907348260263	0.273309156574849	0.251696809084219	0.253920857623253	0.108830050564678	0.269155913625171	0.290421354628682	0.230519453082895	0.320030585301371	0.353773922167023	0.328167954844702	0.248763671747011	0.0982693555981088	0.433196019089028	0.0478921087415965	0.295755022496221	0.242723724895892	0.164399445806228	0.185126179533091	0.134830851162562	0.2170297025148	0.304210977929734	0.1851605885594	0.391816748580878	0.0899977787380443	0.223419591413404
0.174768536357817	0.383381586581753	0.296050757233373	0.286085900368803	0.248212071834974	0.318538662461548	0.301649655369344	0.21382368374116	0.204428808240581	0.205401850790157	0.284516653911288	0.248611548228888	0.198939309091783	0.195218883340506	0.298833695368225	0.248249747724732	0.33688013157291	0.332836542393119	0.232669959987885	0.246111004191753	0.276975061801001	0.26376502927396	1	0.285885133416067	0.193420377024478	0.310539541865462	0.283549997160759	0.273121565365698	0.300744897517579	0.261813169385105	0.347225522584495	0.311885628738835	0.178762413826966	0.252453676867466	0.241418699066171	0.29713308378334	0.339811790924596	0.382959862163001	0.235407998856812	0.226268910151126	0.211087383713167	0.286505314873708	0.27427446385168	0.19589013991506	0.213072416402984	0.256600250605064	0.271711745598534	0.198027858116141	0.242702858693269	0.145721808699991	0.140578240511573	0.262467855010145	0.244983960730983	0.234285167522417	0.148347633780624	0.212466658725291	0.138783650344521	0.17686246211883	0.122077721379463	0.216995367833547	0.279311624600897	0.252306838265441	0.290263803709231	0.0913660083379331	0.23957016059509	0.265619579511733	0.238096691008791	0.265226697095511	0.22727244509721	0.257114695295546	0.261813820599422	0.12400360403717	0.193595924974739	0.0393955377343572	0.216370092751353	0.219826071211422	0.191150115812423	0.132890366378914	0.11272532041762	0.140061229480827	0.269582214520419	0.144535193560955	0.341446328116908	0.106886510908945	0.12602327185209
0.207906017292421	0.215578691836902	0.238989529906767	0.366242517028735	0.221277352649908	0.184534739626148	0.466250971601085	0.338746717738364	0.247964132274465	0.245518342045525	0.298287987651677	0.250397938373099	0.32187037863661	0.233757209479451	0.231927275239191	0.276138371328101	0.321973307293061	0.289151190339049	0.175062819783989	0.256475619498052	0.317303775684594	0.475742351585786	0.285885133416067	1	0.258929592171454	0.350467907047648	0.280846362483246	0.346237541483231	0.318416775354029	0.244299042193227	0.366745974130862	0.256240232166268	0.234232320673032	0.263111027352834	0.305134237421676	0.182326245499617	0.217226243699049	0.238854639706847	0.41381179627714	0.30839727391206	0.415486230362091	0.305883150901403	0.442779876929418	0.307611178396526	0.198551098388712	0.304545269906998	0.268234081070429	0.204675429530734	0.289186009297808	0.1858329677578	0.19298871567202	0.332590435590332	0.39952143421141	0.277781594653285	0.229259227125761	0.181726170513827	0.133417168205978	0.185394141469888	0.131104124870891	0.201357250212877	0.259121554453331	0.254400446960153	0.239795575758753	0.0971703684783912	0.237999767732975	0.267434963886047	0.207054658539853	0.300464242773254	0.336178153069608	0.310894269741276	0.268689686709091	0.0733413512306626	0.353256992306268	0.0418756888221221	0.253840824804883	0.255620855168691	0.145593767321918	0.16296416197544	0.117231719911188	0.183445056286262	0.291329106741368	0.161628137361565	0.407273458722522	0.0901393832225158	0.283063122563869
0.258488704181595	0.165946938889288	0.239751292434227	0.38433773371532	0.192870448572516	0.147033479286389	0.294280513453631	0.196468971266047	0.258822510844322	0.240029472687918	0.346290756959732	0.194708171487883	0.347675705820932	0.184969308746098	0.226840856320015	0.444039628747278	0.224977502557397	0.209342684066337	0.21606445286918	0.337529694370865	0.283158207164207	0.248012796812123	0.193420377024478	0.258929592171454	1	0.225381701022194	0.208198525532266	0.284608898496971	0.214830757711794	0.197621226993051	0.264593183369398	0.249170503224433	0.339752278908635	0.175295970464396	0.252107994254482	0.147453273720679	0.152958212995979	0.161423641264528	0.234573586035991	0.198464530410849	0.222272330011465	0.247960093070605	0.256308261023073	0.25035500941982	0.160143503564676	0.23958480863871	0.20115233787887	0.143719186311593	0.223597006486267	0.150385531067952	0.135153740583641	0.295690124456297	0.252952639005237	0.254533727670601	0.141657099922683	0.142092123408389	0.133314226936144	0.27489624593234	0.117690484153878	0.173453163573383	0.197586450890538	0.227903813477833	0.183055917491478	0.0840337573066626	0.210445899520969	0.227021197150936	0.189793763226013	0.219596262720273	0.229880519720062	0.359049270934406	0.264236952681827	0.0715208979378332	0.200537495357415	0.0451134957152898	0.28292276090201	0.238167394038512	0.112178048682163	0.104148586330115	0.131809180290621	0.147304712857924	0.249545613387771	0.195233023125205	0.281249104868154	0.0761403340358629	0.103401866721685
0.202194135169979	0.264876593892542	0.2946510564692	0.343048369040035	0.27354619975284	0.233014364627052	0.352882781102201	0.234432384360191	0.25154954118254	0.259081835861843	0.339177420014498	0.276480559501973	0.218770624527449	0.214070419596235	0.241477705650307	0.292601100334144	0.364963659240264	0.319522915673991	0.182779548645444	0.261846858661888	0.317165605495523	0.348014349707017	0.310539541865462	0.350467907047648	0.225381701022194	1	0.352510000159847	0.3478782469531	0.372509701289075	0.353279961024629	0.42760347637393	0.29772855866568	0.204896864691976	0.406478613944283	0.314058782902213	0.21604069114454	0.236838427264019	0.28100850525201	0.312622698223334	0.243652782448328	0.273714875053147	0.315338568909653	0.344970494851845	0.223634826697856	0.249208608046083	0.263773611866872	0.302042538340091	0.226818673134717	0.264435444946277	0.208795423262313	0.159776074376173	0.289388001291639	0.308378257441268	0.222918994844325	0.167520584636184	0.18445315382634	0.142375910848061	0.191450535917411	0.134599202069644	0.23963217868433	0.317372105560644	0.270450171098164	0.317464595215295	0.101802507694503	0.243356861188343	0.305751670411172	0.245868015348403	0.295396908145261	0.25787589037032	0.296113502544089	0.280873441151479	0.0898693792925848	0.243362452641917	0.0445988021260719	0.285166892021801	0.264955358767684	0.164756518496313	0.155754168995086	0.130253583338563	0.20515025666539	0.322664722971401	0.152736955472431	0.394150248579716	0.118044971190372	0.190783334763658
