1	0.223949810755082	0.21497130501357	0.225137684885448	0.217421294443758	0.349383823489411	0.214445351483603	0.24973377460581	0.243463027206225	0.425991068081273	0.347006261565981	0.183238951115622	0.247420115947364	0.347937515333263	0.235540770433931	0.377624968504099	0.346038842630676	0.393990877715544	0.209633917074007	0.28518591654943	0.216203713426919	0.325923416312125	0.325750447459196	0.337560406005161	0.264009564766661	0.202313844325862	0.168056623889894	0.202016936581042	0.212899331962104	0.188526578318238	0.267328833192643	0.201166059036017	0.216111847790144	0.251442735163932	0.237496450423502	0.232744896087629	0.229107590281117	0.357012275300059	0.244570921566137	0.222847032660996	0.250728053575968	0.381385570174077	0.310234232056875	0.480572841103802	0.23960149317906	0.402025392728748	0.269543103666554	0.25797943913493	0.347203074409542	0.196904357798517	0.343197353060266	0.265829356090554	0.480572841103802	0.247788651026023	0.318676587121631	0.256130325822976	0.254553202818581	0.233491882157735	0.386818682366438	0.224810962881771	0.217777049285485	0.209718381491385	0.325788882865538	0.350549942597301	0.254470117997015	0.396053272429597	0.362948224815588	0.214781015969002	0.219985557043003	0.277601110079599	0.290435115688253	0.298753633397402	0.25655909576721	0.342719148594123	0.234324168645303	0.210540140270386	0.263243164743258	0.342535549686093	0.189371649723791	0.356018123312152	0.139364177557828	0.25142905197245	0.259289476262171	0.629351161575041	0.224838060526823
0.223949810755082	1	0.277295928678511	0.505881196017421	0.329963350004369	0.234467376486106	0.242424025857913	0.208840701855689	0.420359735045841	0.188709173809706	0.341516028798857	0.526984692316122	0.284058346682371	0.2434651300414	0.288076181735386	0.171061265239419	0.199375913012689	0.204842627216003	0.501951633345168	0.326614139213328	0.260692568732753	0.222092924252939	0.237598975377835	0.185699463654735	0.24394545118503	0.482078774080321	0.462430459590906	0.358006866301045	0.428576827562358	0.395274291968308	0.352232048740956	0.236546450686593	0.47376155004855	0.447125138965372	0.300477058269846	0.442019278495992	0.238482057383185	0.185562678135165	0.419121838397967	0.272346563528718	0.21786089954912	0.285563028553253	0.30415689149778	0.269758467371818	0.398435153651488	0.2646380366181	0.289179537248055	0.278105121599142	0.207396584895168	0.416211077991422	0.226524226707034	0.211189521128564	0.269758467371818	0.312330361789619	0.241246083788772	0.351191298349016	0.468446739263801	0.442549524107898	0.325485847421579	0.42770928290459	0.407332795228869	0.513307867995179	0.318450952194834	0.384375801820343	0.412994311461392	0.260551451304439	0.21771673026771	0.469364282529798	0.292315758591364	0.293600457675972	0.251838394603957	0.34043044942139	0.305026844734629	0.330435618633205	0.480624870112747	0.355853092875923	0.503512940999134	0.312267194675022	0.440030649631557	0.301018080725015	0.343314019965783	0.242173780550663	0.277217239621601	0.249537839951314	0.518780064164459
0.21497130501357	0.277295928678511	1	0.246553162346657	0.172133331036451	0.184011330598098	0.274513435671506	0.285243587785968	0.290641438883632	0.167330547621385	0.384604570086729	0.329691217065667	0.37343723482456	0.162705781905283	0.230490769682714	0.19332036129225	0.156812090038424	0.15709478461382	0.289353010349018	0.192330703230264	0.36004250128215	0.153261781916647	0.147548733948864	0.140106448828714	0.237705257707998	0.278572788253565	0.206700334451148	0.201601093653401	0.267863808947452	0.21609591624597	0.215350684877005	0.269658960473664	0.172334492288037	0.163762210929539	0.267956309075076	0.340484494950044	0.201397978805501	0.184342477598128	0.243252985216101	0.182982229397841	0.271061834952689	0.1874299720965	0.252647951921427	0.238838390160886	0.35088462025129	0.160690513714241	0.186069142444173	0.326167829853729	0.13586238872364	0.210669650414474	0.165542733206412	0.267472249886724	0.238838390160886	0.469502597405936	0.287479328855359	0.514361980853079	0.383527622491428	0.233313711118747	0.331649879668779	0.459917638600877	0.353935090715884	0.237949943809892	0.447505919121936	0.280920489544141	0.258338378733435	0.284767433404957	0.247323577728981	0.20850079505675	0.44112019538991	0.263351521496645	0.208118568850116	0.20565796898402	0.193298430878384	0.321471703257244	0.225007656807204	0.175760612830949	0.302572105652919	0.239368290191372	0.320130908647432	0.176762892490749	0.342451556735466	0.139243125200749	0.319681024425181	0.179742867393959	0.281011318497421
0.225137684885448	0.505881196017421	0.246553162346657	1	0.282129952426952	0.263183321500622	0.284307603543548	0.233785088807809	0.480068570342697	0.20865170745986	0.344762553323101	0.540566126667682	0.342430463433723	0.24100904004244	0.299751021613859	0.189088565948466	0.212630971533797	0.220244972704312	0.708812059806426	0.269904656098147	0.261791649621799	0.228856650004279	0.222423601670993	0.185815973990687	0.283877493590996	0.626605393942621	0.47240297161118	0.336661475653319	0.447401998690499	0.379877081872314	0.411604433684002	0.249999298915484	0.401332478634167	0.457834332367993	0.333891520274689	0.351478369311231	0.268892724532876	0.18973283214881	0.599691787044282	0.325755886479136	0.259194971679708	0.30559608859002	0.331214902547666	0.286259120076283	0.446267801372557	0.274744337955061	0.321484830511385	0.33207533297497	0.209290445819274	0.372533567207427	0.239645170388664	0.268506300315174	0.286259120076283	0.280293864812172	0.240862076962544	0.325100711553972	0.514827336266459	0.391176285888582	0.383337569011536	0.470181933870096	0.38524054099762	0.508182871171968	0.357230795442235	0.473141097709754	0.464230768758959	0.257564647162554	0.224725176576938	0.463199925962335	0.302229661609692	0.323074398539958	0.297989274351367	0.443082490755271	0.400110394918737	0.416627202344197	0.566995037814208	0.337746123482434	0.537513438793627	0.337302377618578	0.450232046046586	0.273739027510349	0.297977063853325	0.242391596731912	0.306442732535643	0.23103481783907	0.650707552644401
0.217421294443758	0.329963350004369	0.172133331036451	0.282129952426952	1	0.34559093955275	0.175947332431056	0.161330515523497	0.233553440830163	0.266159707398426	0.247189041844484	0.309799672820639	0.206499526735866	0.356435814168089	0.24456363102613	0.15267220800327	0.201192881298148	0.314001276658039	0.285106949597817	0.369330940469371	0.234711476095436	0.357625544436049	0.341015934453756	0.313249168975744	0.309406701344234	0.324340135096695	0.486997959823908	0.536636685075732	0.311499016739745	0.49746784393762	0.23656763248158	0.155780394833848	0.263293363219165	0.326609085848507	0.2559883403351	0.227036582195233	0.26480875638519	0.168963491777129	0.229356096600252	0.195693470103496	0.172763981228727	0.344091353801376	0.333701563437529	0.291384458712671	0.223310120968758	0.340251369862597	0.335343693865608	0.245692513513023	0.343059479377369	0.540166692356091	0.293029732915431	0.157822211944566	0.291384458712671	0.245489062939305	0.180173144918671	0.259212769674955	0.341780105818052	0.311601004699152	0.2630245922251	0.285369890294176	0.210562208136432	0.246929756712405	0.202768718358936	0.294785829042993	0.28512771696448	0.203228285943848	0.174631948682061	0.302183522297208	0.248963276135606	0.269462172793281	0.190808287276019	0.293816947127498	0.237991293708362	0.270475811368571	0.312922074921178	0.279648891675175	0.303273592317649	0.232480402109597	0.194579517802449	0.361773585646409	0.224950250096654	0.406371684383893	0.169176769468829	0.234699702210282	0.235889640482072
0.349383823489411	0.234467376486106	0.184011330598098	0.263183321500622	0.34559093955275	1	0.189103039526017	0.162890554462915	0.256262885063341	0.525968656292796	0.292638830028965	0.216582976212442	0.240029867846925	0.590166772196335	0.291210298372552	0.212013403883089	0.292791955500183	0.56494842614621	0.230891239815641	0.292034094879534	0.177411681995295	0.617699024485557	0.493204512015722	0.475962151974443	0.249116607758626	0.227175792004198	0.263314358028438	0.274016833415557	0.28753988736357	0.283305069206671	0.259452574767438	0.172050699343593	0.229362598395479	0.283799428593337	0.298936192428633	0.213916830637722	0.321701456025523	0.247355832992122	0.230315912621286	0.290784541496077	0.190511662122192	0.538580494806018	0.369021254391465	0.371129556270087	0.258357287379446	0.74359744843579	0.470570244226753	0.238184004088284	0.514477812218974	0.352792822866841	0.476248314580194	0.190397879394838	0.371129556270087	0.195523878126353	0.197148193543418	0.217906146211233	0.290116903957929	0.27326519646755	0.404348296249002	0.211009908947078	0.202768942755407	0.269911825558506	0.239677161859992	0.392112689116295	0.316865013722958	0.303136374470181	0.247751616889995	0.267477892873163	0.194466845811772	0.340653811172413	0.218254376200348	0.35986552923902	0.305026367001729	0.34187035113456	0.271469167637098	0.268210325624579	0.304254582583707	0.361326700242569	0.190590405064997	0.444014853817326	0.143035481215436	0.502498963152114	0.198699147560134	0.419501263848177	0.245936083933375
0.214445351483603	0.242424025857913	0.274513435671506	0.284307603543548	0.175947332431056	0.189103039526017	1	0.507589631907574	0.448628745330205	0.201090063107168	0.334271738099963	0.221953167576063	0.45701794280783	0.185086687588234	0.152661348523367	0.379793741776433	0.220831575775805	0.154707283676029	0.282975481677416	0.259440794288706	0.588964160892701	0.147722102733918	0.208843650830503	0.206607572182367	0.375995722537914	0.230764082320731	0.209377995497117	0.203725576763469	0.343223055566013	0.200272265064185	0.246508521638903	0.576825084330783	0.219034578418147	0.238520521189642	0.164622724387375	0.448579746579716	0.161920820134962	0.335922319601564	0.273233328633596	0.123581548389819	0.559944051844375	0.237775598423663	0.405683610644879	0.370981148017965	0.485704194942768	0.183027725799873	0.189022139614976	0.54315307738725	0.161507159296914	0.222302048838121	0.187338874239834	0.478242919239157	0.370981148017965	0.448840335175005	0.447318519772176	0.355807998606317	0.415181135288071	0.287621251104161	0.214080146289892	0.389768751808254	0.523402476657663	0.292893975424219	0.482670891201374	0.240458683500223	0.258683133062692	0.265638911677132	0.357746540253258	0.191462119705078	0.43205628303482	0.146459593339324	0.365054983196687	0.15809068539355	0.221065105085869	0.307994849180378	0.194875838402212	0.2021892747981	0.371974962955434	0.183029553365303	0.411576935401225	0.22963917480452	0.386461323482307	0.147424322769467	0.492839424764594	0.222618946095639	0.343438416025129
0.24973377460581	0.208840701855689	0.285243587785968	0.233785088807809	0.161330515523497	0.162890554462915	0.507589631907574	1	0.336363080502045	0.185542242081763	0.345854712773923	0.188267630924981	0.455759034687835	0.158819845520094	0.145202414708747	0.371877009408958	0.246010961530995	0.150337283592505	0.213142639697352	0.195940334320785	0.425514989744304	0.139118968641563	0.182780159372933	0.184641613147374	0.335294796458765	0.184450810454573	0.134388547416834	0.161942421332214	0.229064605475343	0.169456995208976	0.256637325949607	0.500038851712423	0.196802104949147	0.213718629588582	0.152916190315961	0.351813185782154	0.14295638459564	0.347406850123574	0.216638376295684	0.140258301295317	0.776916176449649	0.208205789831053	0.332288751887166	0.342088857421047	0.418501272742812	0.174197985801331	0.164768326865736	0.390030837993956	0.159795297012714	0.151165012958715	0.18932885814206	0.406305402231571	0.342088857421047	0.377225462436509	0.436579033866519	0.306635069004774	0.336838845215253	0.261551361903339	0.202153189474261	0.306671531977183	0.361818604824486	0.240936598124841	0.412251787655652	0.223385028426552	0.249373042358458	0.275475537027721	0.358503816776897	0.17028709614724	0.344984956026856	0.133634339409535	0.372771221924632	0.163475317941123	0.206624149091533	0.314685439678559	0.166526176157738	0.161124909124407	0.287075108894393	0.189517086054664	0.315524144536258	0.214838625078162	0.307978495214461	0.124662561708856	0.455970999763091	0.223034346716341	0.258993856946585
0.243463027206225	0.420359735045841	0.290641438883632	0.480068570342697	0.233553440830163	0.256262885063341	0.448628745330205	0.336363080502045	1	0.223395252006299	0.451078217893179	0.353845659754441	0.446288257147983	0.252249956145443	0.196566395645739	0.289936399246316	0.197389081224326	0.182192540761945	0.498119832161391	0.292043246750795	0.379510104043261	0.187806327501867	0.287699125995374	0.207449939112776	0.311879905769197	0.389340028412293	0.346306177254503	0.237881256444228	0.496846573953877	0.253965138582178	0.38894652269105	0.433306572929581	0.400912718405118	0.428748517850717	0.237775333999011	0.568654498397124	0.186433057372262	0.279047394911928	0.469440640470102	0.194307327471788	0.374435773805656	0.330368692464251	0.414606350092288	0.295390758176801	0.600568713084987	0.256791273214651	0.321556361308333	0.459880595984547	0.202296541639574	0.319177688643125	0.244220810404821	0.400516095253386	0.295390758176801	0.419134600140871	0.368997266108962	0.388219638366595	0.522078714156658	0.481874780522751	0.302747184136889	0.484666962157337	0.532563505954651	0.5472841196703	0.465092007964034	0.363764269507422	0.384103804467979	0.283131623706014	0.330642309543758	0.352224801239896	0.395492864084479	0.206257705970278	0.347504182956351	0.241124808956211	0.290109424239826	0.374709705025685	0.330749402318502	0.274902349148281	0.552315426684117	0.228404708117414	0.597047800923413	0.295783794192855	0.441656759414405	0.195473464673993	0.442357793356019	0.229006589496304	0.602537487321955
0.425991068081273	0.188709173809706	0.167330547621385	0.20865170745986	0.266159707398426	0.525968656292796	0.201090063107168	0.185542242081763	0.223395252006299	1	0.285074163471957	0.180771672102905	0.219492999783275	0.479613347941653	0.291906881939467	0.312197414199699	0.396520989064924	0.578187353136186	0.208595718051944	0.342447847536434	0.178461687558836	0.491789152972404	0.46701622051025	0.48693890562872	0.280748803709924	0.206595444370606	0.179198862426984	0.229763544798909	0.252608076169687	0.226916118167574	0.258178834519993	0.161784353188906	0.174773434145908	0.226032092519162	0.279506192734414	0.184472500293401	0.325815931107901	0.348206733151143	0.224097213160409	0.254189057427549	0.230566790402164	0.536126168926459	0.361552878475485	0.484050415113326	0.22896027114371	0.491290019030167	0.330415466788872	0.254820260474691	0.536619316981831	0.270753776212181	0.477511940520045	0.256754848688797	0.484050415113326	0.177702025371457	0.24885546405813	0.206893772078083	0.230218911207903	0.242199974400848	0.384534956069894	0.194092593039908	0.188617129726568	0.228632267514345	0.263047897616383	0.332290939325475	0.238630801402506	0.37099892194124	0.322607510386283	0.226923786737113	0.185194952529555	0.305024174325658	0.290659618138212	0.260219025465301	0.309216129040389	0.337473354441218	0.223562649101987	0.23204026929844	0.259129826675162	0.374380997717734	0.165837262515415	0.435246933651441	0.124983755193318	0.341467576868585	0.216534561972525	0.503283798909374	0.205368134732702
0.347006261565981	0.341516028798857	0.384604570086729	0.344762553323101	0.247189041844484	0.292638830028965	0.334271738099963	0.345854712773923	0.451078217893179	0.285074163471957	1	0.324607544956885	0.486360303108341	0.286179126336608	0.310280656199593	0.341290802722623	0.306818849755757	0.25545344184301	0.344350976897537	0.316450575136137	0.32637158427292	0.256172706580405	0.284344849102514	0.249495022368888	0.338613891123796	0.337837899520888	0.257695477404593	0.241212237263676	0.324420041047293	0.281903482601229	0.407338363413541	0.319160202995623	0.283856634954025	0.312475886099027	0.324833439698548	0.386090313179281	0.290948699953125	0.323118743179056	0.336642628177701	0.273831273596696	0.335675678766474	0.327471170851784	0.431864223195379	0.369787364160652	0.441728840363025	0.306479291003906	0.291670170073307	0.423022940037304	0.253816626628841	0.29147103772419	0.332714345542222	0.391050336204927	0.369787364160652	0.393465170922703	0.385485467536373	0.359764435320482	0.422419907499276	0.311075985532226	0.410337425837761	0.408073065308189	0.369351179829723	0.334963737609007	0.466397527435431	0.371143874847508	0.329219864413307	0.384466323701265	0.443749798213801	0.326004130030224	0.404924152151085	0.316231285425722	0.410298186752725	0.275661437770513	0.390488310859532	0.486075007328918	0.310873971782865	0.303077657451626	0.419638734643325	0.371812075404642	0.370495923419179	0.33440945848099	0.329110914456897	0.228734766396198	0.392370361132296	0.322467223586503	0.352264401466413
0.183238951115622	0.526984692316122	0.329691217065667	0.540566126667682	0.309799672820639	0.216582976212442	0.221953167576063	0.188267630924981	0.353845659754441	0.180771672102905	0.324607544956885	1	0.283387222387235	0.229051442075386	0.343880909107568	0.143410370201783	0.154005410699585	0.191879670160588	0.555012721629905	0.271133492325505	0.231937383709714	0.201507369782278	0.201104950675827	0.16353646578679	0.275534330706412	0.536296593702731	0.541414774674055	0.409165666193896	0.431027208906459	0.485245180514074	0.330570097869662	0.191568719486422	0.35998671410531	0.366970389708779	0.422577887568915	0.351786228105163	0.338639763970843	0.136319178250885	0.419241233287123	0.353122201222787	0.198949778644782	0.233098209569782	0.307848343710179	0.221756005053921	0.354625562763871	0.219563094717417	0.313901579841097	0.264665636860691	0.191834170409076	0.427320857392068	0.202976082730392	0.208528543594139	0.221756005053921	0.296822304540067	0.206767056546737	0.370782140004278	0.495768070493252	0.349857894853347	0.316245286127646	0.457387063046928	0.362547180092291	0.505222078222527	0.282735798879342	0.353670812489848	0.422953152876962	0.247272150034855	0.176788123410948	0.541374318204197	0.287293621953034	0.345679867699229	0.206618691442574	0.386572041897477	0.320791692576803	0.336887678142086	0.46936836606095	0.399839136530546	0.507597353562604	0.350029084428749	0.412729612310942	0.275534817109991	0.319086039610279	0.225770597829728	0.243863335817236	0.196357946274867	0.459635820025332
0.247420115947364	0.284058346682371	0.37343723482456	0.342430463433723	0.206499526735866	0.240029867846925	0.45701794280783	0.455759034687835	0.446288257147983	0.219492999783275	0.486360303108341	0.283387222387235	1	0.222294063219493	0.229698041174905	0.346468402855654	0.24552509339302	0.182203485281267	0.320407873078032	0.24246725943739	0.426588288819747	0.179725410113222	0.231669605525609	0.210296319422054	0.345162491275397	0.274557895793681	0.207862977415045	0.224693722475435	0.337334888095724	0.213274607623679	0.364986102667581	0.438433870815955	0.254828580649416	0.247162512414245	0.245998869323769	0.405065433796273	0.205028137502294	0.270249695328131	0.350276032610782	0.206714728533458	0.452675158222308	0.273899498957224	0.397981593173056	0.313831947755854	0.481378369813208	0.247251359417072	0.237728783789222	0.420483947980905	0.17270224263475	0.224782993952931	0.239447444300926	0.406851820745122	0.313831947755854	0.438781692900048	0.330550625261341	0.348184341698123	0.445064956538451	0.309065641207096	0.284762981878652	0.427039214672975	0.379062600694904	0.308590016110575	0.497053303707745	0.351887050159117	0.31369411101491	0.348921123048056	0.342644412256565	0.2555626701714	0.403188318362394	0.210521373056627	0.38493161725231	0.203989763082987	0.255801082249353	0.464772942103085	0.254002086742066	0.238327245582183	0.398403261430322	0.269056172227489	0.421969648898238	0.267534194972714	0.372503139301269	0.17340505867029	0.37407641087171	0.219369728722687	0.350770107133595
0.347937515333263	0.2434651300414	0.162705781905283	0.24100904004244	0.356435814168089	0.590166772196335	0.185086687588234	0.158819845520094	0.252249956145443	0.479613347941653	0.286179126336608	0.229051442075386	0.222294063219493	1	0.314611534207274	0.190629524746538	0.351495524030779	0.553753907206294	0.218753159995863	0.3441374140316	0.184498750653535	0.580643040824062	0.521242214032086	0.543887105777324	0.28280591580124	0.227801205029905	0.290062545043543	0.307313851780805	0.246608570093466	0.346349859741203	0.254879591393994	0.150480945320337	0.242594516528834	0.304830293830675	0.320247229787627	0.227271136989368	0.351725232906727	0.233275788643283	0.218563367639981	0.250860050204739	0.168512611423382	0.589290342618837	0.394916725146614	0.353550189020436	0.226457523707762	0.573949231864383	0.542323450974341	0.219142020864214	0.671903744620185	0.340785796545337	0.508926874838442	0.167737479317115	0.353550189020436	0.208279395737862	0.191765159213803	0.199678416940427	0.298278589051064	0.258350062888586	0.353504997445278	0.21346347328987	0.204026985924638	0.268438521885463	0.227203499509819	0.378319887846726	0.341470796235095	0.28034922830777	0.210216357332792	0.27343527302996	0.212972915616061	0.331867199973054	0.239644558379523	0.264632399291105	0.261869180981279	0.323122587767281	0.270652365640981	0.270075986660048	0.345967122571548	0.311193336334768	0.206609030935075	0.550910884395393	0.170314801913185	0.482110708452845	0.171764580045136	0.348080418493938	0.216135248365088
0.235540770433931	0.288076181735386	0.230490769682714	0.299751021613859	0.24456363102613	0.291210298372552	0.152661348523367	0.145202414708747	0.196566395645739	0.291906881939467	0.310280656199593	0.343880909107568	0.229698041174905	0.314611534207274	1	0.128789045268066	0.330149275585535	0.338123144741358	0.267212065827323	0.241984496652654	0.160500524774834	0.310742305299554	0.221377486822016	0.289170717553045	0.197232108484094	0.293981784957096	0.295535526712457	0.308518087826505	0.200578773533344	0.342248332400835	0.325462845910546	0.113095950329567	0.240730720733449	0.250170811428442	0.63371193341622	0.203580037510132	0.629182576246835	0.186835401791521	0.211124288145135	0.667094522733878	0.152783849183199	0.300074173338606	0.279845512288778	0.322172909332366	0.203776583746045	0.273446507520108	0.282069240866777	0.168592714941628	0.320783672398723	0.322390025193858	0.283366136244206	0.134487053001109	0.322172909332366	0.174660083456715	0.149076914759516	0.232458422650896	0.27802151954	0.204730358140954	0.384575074965311	0.251840466517549	0.174963051211641	0.265866392995323	0.203174988274239	0.349105140284904	0.331742388898141	0.318196660488764	0.164751446760421	0.397513901569457	0.176017957136742	0.547530146507923	0.253143085659812	0.311526984158543	0.459453854079664	0.456640057663583	0.300498264519187	0.529898131060346	0.291399525945876	0.665597518298019	0.186759609315696	0.289346012453167	0.175170428604674	0.240054885030427	0.158298239755697	0.286218477718073	0.215093275331194
0.377624968504099	0.171061265239419	0.19332036129225	0.189088565948466	0.15267220800327	0.212013403883089	0.379793741776433	0.371877009408958	0.289936399246316	0.312197414199699	0.341290802722623	0.143410370201783	0.346468402855654	0.190629524746538	0.128789045268066	1	0.336396255856278	0.186995592586351	0.195805633588385	0.277244824534201	0.276117803501879	0.181069504287526	0.293719630937273	0.204774331038321	0.305050246238538	0.163675975948239	0.113325586428591	0.127079124636519	0.222245168009025	0.125454970365012	0.281944883007938	0.294015145363905	0.150197545130645	0.204914064564804	0.139359564783493	0.261301618916021	0.143592761314793	0.464356618813013	0.232992476248836	0.126278146358299	0.416229701694109	0.268160264126018	0.330019390627887	0.492584745053074	0.301590012370459	0.256622851408844	0.148839608657714	0.441582273286333	0.18937989890605	0.150475327059091	0.22514859638516	0.569638910234727	0.492584745053074	0.245856796171531	0.56771013258508	0.220258813312187	0.224372263969899	0.259090404181635	0.220012055581867	0.201161444240438	0.257643494031713	0.203623905196385	0.472368903107583	0.25427912133629	0.178150282387068	0.384559182964134	0.694137898509091	0.147467963946446	0.310063730788818	0.130799279644165	0.381869327126619	0.139631863442075	0.19956364999104	0.309454039968284	0.144970170966911	0.150090588894196	0.217601651548978	0.20780253914328	0.191638744458431	0.26146818128899	0.167041815382355	0.15584876560632	0.399169304701155	0.330118224040192	0.220090707829639
0.346038842630676	0.199375913012689	0.156812090038424	0.212630971533797	0.201192881298148	0.292791955500183	0.220831575775805	0.246010961530995	0.197389081224326	0.396520989064924	0.306818849755757	0.154005410699585	0.24552509339302	0.351495524030779	0.330149275585535	0.336396255856278	1	0.317928957584892	0.182869391443165	0.268608609814115	0.195180748456467	0.283669757507825	0.321805545552995	0.307288252647208	0.229053816854684	0.180939904691329	0.159986518943764	0.200254509865284	0.18011364039567	0.17411376785121	0.335570867633465	0.193600291137	0.193297815063556	0.235314493106963	0.255167610314902	0.185888095997893	0.305829018810636	0.382031168130632	0.19096550774659	0.248171025459035	0.266953769847599	0.346890115933158	0.292304418847013	0.48757112532761	0.218905586623934	0.338777114990949	0.217065004941297	0.23160712834309	0.35081973055407	0.187679920164587	0.292933837795429	0.242295474786185	0.48757112532761	0.16805051085047	0.239311816300011	0.176204246426894	0.228628313784616	0.203435836814604	0.266220761481912	0.169788127518458	0.183436032505505	0.197765693109025	0.258194907217222	0.299391864703348	0.253943543300074	0.35934094455151	0.313077613864304	0.213754567634044	0.188251626918131	0.222986867462827	0.400362495608625	0.190919650980293	0.328996314839047	0.36622567400157	0.195402084734987	0.273870178119535	0.221685148335388	0.35309655240429	0.164263580448019	0.304299711513944	0.151781816324766	0.216161342347467	0.22303142782632	0.365387987093596	0.20233096981882
0.393990877715544	0.204842627216003	0.15709478461382	0.220244972704312	0.314001276658039	0.56494842614621	0.154707283676029	0.150337283592505	0.182192540761945	0.578187353136186	0.25545344184301	0.191879670160588	0.182203485281267	0.553753907206294	0.338123144741358	0.186995592586351	0.317928957584892	1	0.18793403895201	0.26551979870478	0.13734829694131	0.540614298346607	0.379316735790836	0.464460998593975	0.251145640748565	0.205582085635203	0.205610409325415	0.265750285243363	0.216255504011569	0.2794686439258	0.21874170597879	0.128729045519345	0.186786668044175	0.252071551288259	0.328724526822511	0.165345358568904	0.366404099090013	0.240311499271116	0.18888268977953	0.284419412188885	0.162822062517736	0.426270548374741	0.330996611654728	0.426751162812119	0.174581624680929	0.56422683979185	0.474131742985345	0.185832385163868	0.583786664425087	0.328020273532308	0.463694800078702	0.16038472061135	0.426751162812119	0.159732353084901	0.174750644476638	0.198041575716663	0.22096783841046	0.240440983783468	0.42182616470624	0.172636273870696	0.143878081363237	0.191554607934978	0.192774412685223	0.329015608624414	0.280546143694705	0.305703962599367	0.225256250695397	0.248253485947106	0.168127486627267	0.380848442285036	0.215505823873187	0.300063745114042	0.316280428139949	0.31665763105633	0.224424628041774	0.266187957222109	0.236649299477782	0.38488200236409	0.138684734390297	0.420541731477536	0.120920052673552	0.416646900163317	0.154127362799194	0.444849556443596	0.186450846516165
0.209633917074007	0.501951633345168	0.289353010349018	0.708812059806426	0.285106949597817	0.230891239815641	0.282975481677416	0.213142639697352	0.498119832161391	0.208595718051944	0.344350976897537	0.555012721629905	0.320407873078032	0.218753159995863	0.267212065827323	0.195805633588385	0.182869391443165	0.18793403895201	1	0.318782494288896	0.300885926339419	0.206806629408397	0.250212637016894	0.189764281754304	0.263596082748841	0.881532346813379	0.501062139587586	0.370688893965179	0.51499185996542	0.388165392639791	0.364464725995497	0.259634195092071	0.363492641340569	0.455614606153568	0.296500432521755	0.374458019113373	0.245707339469009	0.185352891944709	0.605384791154807	0.243999317676362	0.243474774808463	0.30158741139567	0.34991383171067	0.264288779438785	0.43868553092559	0.248241888401607	0.323142872332756	0.357771003583389	0.187199511617686	0.379889575348656	0.234987990031189	0.28923532895822	0.264288779438785	0.314079269799019	0.246367481115467	0.414652968013689	0.499313546790551	0.42571161998964	0.366110890662105	0.521175154999585	0.412487642226268	0.523656106596642	0.347005768819697	0.408223429685565	0.435596367786602	0.31739333589779	0.219232590437123	0.394967747565051	0.327511933835232	0.305435361326964	0.255356443479288	0.394789197073996	0.316839930114047	0.370830536318728	0.529394350343421	0.301984223761324	0.505851482150465	0.264776691845089	0.489924487813728	0.299442736483499	0.320460601844795	0.203665114026862	0.28781003849942	0.210225638776654	0.649858429378028
0.28518591654943	0.326614139213328	0.192330703230264	0.269904656098147	0.369330940469371	0.292034094879534	0.259440794288706	0.195940334320785	0.292043246750795	0.342447847536434	0.316450575136137	0.271133492325505	0.24246725943739	0.3441374140316	0.241984496652654	0.277244824534201	0.268608609814115	0.26551979870478	0.318782494288896	1	0.317111879814823	0.249352650892613	0.340272370104813	0.341988609024204	0.385546845000376	0.306550819401769	0.35225186889997	0.326094089576796	0.356546574093977	0.376588314763624	0.259428751368726	0.179996660835093	0.242402695906821	0.301927633632479	0.23097751110574	0.289930924465608	0.236300492890353	0.331863075267074	0.239423962579194	0.18620767568117	0.224215857550396	0.369113452347207	0.415877304632287	0.361386345661898	0.254514025814855	0.321956275438987	0.263743644321792	0.337084818839775	0.309744762072324	0.376511386561111	0.28314847865448	0.263116951746311	0.361386345661898	0.247635102609895	0.298101383119996	0.283611145615828	0.310021024601325	0.277497642697986	0.314651339366276	0.305168137696622	0.280408324401496	0.298152967415637	0.282880738764406	0.287166216956036	0.269322427098914	0.388083040581533	0.301700789115153	0.276132566960195	0.299939470385755	0.252223423703628	0.264121814471598	0.240663601196726	0.222822231691846	0.289974722137646	0.263933892932588	0.293628086693898	0.329872489365644	0.274731910838539	0.231665374816462	0.390892056850319	0.243678545609604	0.253687838504875	0.218073686310993	0.31256012908828	0.2514141973066
0.216203713426919	0.260692568732753	0.36004250128215	0.261791649621799	0.234711476095436	0.177411681995295	0.588964160892701	0.425514989744304	0.379510104043261	0.178461687558836	0.32637158427292	0.231937383709714	0.426588288819747	0.184498750653535	0.160500524774834	0.276117803501879	0.195180748456467	0.13734829694131	0.300885926339419	0.317111879814823	1	0.131547956053168	0.207012234498713	0.187482834963321	0.352564781029247	0.263781012818109	0.264602032671094	0.239742862727563	0.374228336028762	0.242881381425217	0.21820928000652	0.51817510773278	0.201270580343103	0.203690499739655	0.157844163594103	0.452057168556438	0.142568987996109	0.300701430635126	0.24024840643472	0.11489506330779	0.472058224443413	0.225893813424441	0.390107715056597	0.322761026428497	0.423409551893946	0.167654168764842	0.195913095055983	0.479763642136721	0.156200159434055	0.23431165997987	0.173982230119988	0.345636652894157	0.322761026428497	0.509782108653891	0.342184109621484	0.457228849203037	0.401278840518219	0.258277412020591	0.224682285528259	0.46812492339355	0.466509435643658	0.261019790816494	0.430527614968855	0.215322362983731	0.224402014147595	0.28120622640797	0.273806138573414	0.156908617162406	0.458728569179369	0.153084338461398	0.295421196810249	0.169492153745967	0.181389860508356	0.286906263721956	0.216706887810576	0.178592954247562	0.340391074494888	0.162518190231598	0.387046184341568	0.215767375599659	0.478979825807688	0.122146853202639	0.348564886510932	0.212427336029107	0.299037628995117
0.325923416312125	0.222092924252939	0.153261781916647	0.228856650004279	0.357625544436049	0.617699024485557	0.147722102733918	0.139118968641563	0.187806327501867	0.491789152972404	0.256172706580405	0.201507369782278	0.179725410113222	0.580643040824062	0.310742305299554	0.181069504287526	0.283669757507825	0.540614298346607	0.206806629408397	0.249352650892613	0.131547956053168	1	0.450348496225489	0.475591614900723	0.223680787985867	0.230803974911347	0.251022928468344	0.29363887218252	0.218778655117694	0.294806114267188	0.227552121495245	0.115439681022718	0.208798434696495	0.252949887368092	0.33011808122477	0.165746637312171	0.359923357633507	0.20037223167165	0.211001010851509	0.284463608054766	0.159249301667773	0.478584059943893	0.295321556027717	0.361670999444687	0.195274578706184	0.578071137087861	0.462473545490669	0.163829107959898	0.59916730823811	0.330600436123423	0.487638131315408	0.163841415314639	0.361670999444687	0.160592761351858	0.162121655141466	0.18579225574023	0.241694349371671	0.239741273361769	0.381625203618245	0.182267056662475	0.157768753912726	0.230927038436021	0.196331519675775	0.355823380028981	0.303172711443086	0.243098306148802	0.20615005801441	0.253385055603043	0.166147108453441	0.391393339802426	0.193130221259067	0.327324661430277	0.268444646248641	0.293852415093326	0.271803336407514	0.2448621080221	0.267433941380281	0.345719632584844	0.150152015348811	0.462730196668074	0.121478144003623	0.529257965552608	0.154202128683428	0.359334164293541	0.189963061742866
0.325750447459196	0.237598975377835	0.147548733948864	0.222423601670993	0.341015934453756	0.493204512015722	0.208843650830503	0.182780159372933	0.287699125995374	0.46701622051025	0.284344849102514	0.201104950675827	0.231669605525609	0.521242214032086	0.221377486822016	0.293719630937273	0.321805545552995	0.379316735790836	0.250212637016894	0.340272370104813	0.207012234498713	0.450348496225489	1	0.508521874231519	0.276354961463526	0.247930436270642	0.265041460327376	0.231319128395182	0.312603708905094	0.246394858407511	0.275842509584505	0.174751564710869	0.227381358886285	0.286265025953934	0.25670396811702	0.241650073385122	0.258684091108062	0.284791300838967	0.244818037169198	0.193788607138455	0.217796067013895	0.616296651070377	0.347512091216556	0.388949227776915	0.249020025799296	0.553503199516124	0.36026896188891	0.262239375423748	0.479648650021554	0.29986505182876	0.402973724857861	0.252851655391301	0.388949227776915	0.199553927777861	0.239352502749575	0.216732507550635	0.260213068012316	0.312685811390762	0.318430524579205	0.202477001697689	0.19129351560172	0.269080881492506	0.253898752940993	0.320982133275948	0.277432552029272	0.30014841107537	0.279555162695703	0.247253285917242	0.21460790087987	0.250499187672536	0.258185051718568	0.257797966083146	0.242310132748229	0.284511004056701	0.251636269858068	0.227879609814048	0.294373832255754	0.270877132392655	0.19579253304683	0.554868348294542	0.168492255280457	0.362782802808079	0.213697207081472	0.393845671042656	0.233494782448557
0.337560406005161	0.185699463654735	0.140106448828714	0.185815973990687	0.313249168975744	0.475962151974443	0.206607572182367	0.184641613147374	0.207449939112776	0.48693890562872	0.249495022368888	0.16353646578679	0.210296319422054	0.543887105777324	0.289170717553045	0.204774331038321	0.307288252647208	0.464460998593975	0.189764281754304	0.341988609024204	0.187482834963321	0.475591614900723	0.508521874231519	1	0.242726390281069	0.192616316426082	0.203440604889611	0.249569013201578	0.228352863558295	0.247682460758336	0.220104782123845	0.148362683857398	0.196187802242968	0.225166560038209	0.266175574726248	0.191944478395969	0.315847876914887	0.262903811199406	0.176655799401933	0.228298556816074	0.196255059387896	0.550962983552498	0.315631808911702	0.421342871535982	0.19281529743213	0.459303879518946	0.364978886274282	0.199668869696858	0.578371255017724	0.260909215895186	0.448512100398801	0.196679523687189	0.421342871535982	0.182553445477009	0.213760015516373	0.206049568949221	0.2294896337212	0.21641090770398	0.317098026031128	0.179230676079917	0.171078403318495	0.218559087688414	0.20908114785488	0.287565724391999	0.270951490090726	0.278214006791151	0.22300592907936	0.214266407978879	0.173410581410202	0.300960592110757	0.233295984354368	0.228631882585774	0.254182213112009	0.264003299135392	0.195835648648226	0.256191743956947	0.249114935963357	0.296575823574404	0.170639866225975	0.483247437513604	0.138573856540537	0.383002996463803	0.170930042869173	0.424234683173304	0.173605827518992
0.264009564766661	0.24394545118503	0.237705257707998	0.283877493590996	0.309406701344234	0.249116607758626	0.375995722537914	0.335294796458765	0.311879905769197	0.280748803709924	0.338613891123796	0.275534330706412	0.345162491275397	0.28280591580124	0.197232108484094	0.305050246238538	0.229053816854684	0.251145640748565	0.263596082748841	0.385546845000376	0.352564781029247	0.223680787985867	0.276354961463526	0.242726390281069	1	0.246568467806979	0.295784105150257	0.298420816969724	0.370521362499491	0.338970151813842	0.291206522727742	0.29684105349966	0.215977314372238	0.255955195459747	0.210914200053155	0.283565770086432	0.212022399540434	0.28160902312573	0.270759083441768	0.176681346065188	0.351600583516046	0.292358026771922	0.601373124259164	0.331099515036164	0.333775513827071	0.258199178611656	0.255640350337428	0.437707806772918	0.238338979924166	0.344541209847242	0.292595806364186	0.324639757832664	0.331099515036164	0.312008784494591	0.310326911859429	0.299793700693167	0.404506233953725	0.291028946669352	0.280334802411875	0.332686557647451	0.306831208260791	0.283722178247829	0.365064989383574	0.309257770559906	0.303064826092585	0.300091305778149	0.315486456216833	0.258110789598737	0.405117847582968	0.227310276437592	0.285682894152585	0.204736767746302	0.256423068211385	0.34019766592433	0.242629991896229	0.246422412194074	0.375066621923565	0.258267899940506	0.248123563764216	0.328069993268434	0.247406095063977	0.205960497486133	0.285851148972244	0.239952327323511	0.281754747194105
0.202313844325862	0.482078774080321	0.278572788253565	0.626605393942621	0.324340135096695	0.227175792004198	0.230764082320731	0.184450810454573	0.389340028412293	0.206595444370606	0.337837899520888	0.536296593702731	0.274557895793681	0.227801205029905	0.293981784957096	0.163675975948239	0.180939904691329	0.205582085635203	0.881532346813379	0.306550819401769	0.263781012818109	0.230803974911347	0.247930436270642	0.192616316426081	0.246568467806979	1	0.543319765411509	0.409725216228269	0.436946850128728	0.420997360684894	0.326357130405885	0.204882197176949	0.366351903217546	0.441939485964078	0.327410037983979	0.318483648176768	0.279443157484579	0.158472655460316	0.508890914093514	0.260285141472052	0.205250415032541	0.294902650934121	0.321213429250678	0.252157361261536	0.362495666547177	0.255718127749867	0.334714274828375	0.284090666186739	0.197723728906502	0.380652020593431	0.244197719572998	0.226438740089439	0.252157361261536	0.295004251598484	0.196279945110244	0.40142903645957	0.456379716857297	0.389203628536506	0.376967673856304	0.518982776147946	0.342199156405626	0.441954458312305	0.282217642291409	0.404011296576139	0.427563324090047	0.299116536160059	0.191880158863337	0.416067862199591	0.280787759933477	0.351325677177989	0.227002662325514	0.445168718970969	0.313148758259845	0.335721057724052	0.562513332062623	0.318973621679525	0.467190266060176	0.283655912394487	0.391270544924029	0.308153367432606	0.315717308793903	0.231786195512347	0.225245045655127	0.210415643857502	0.483967282240018
