1,0.796381926,0.788345724,0.787322038,0.746104136,0.77819623,0.796876237,0.779464307,0.791089508,0.782804427,0.785463897,0.767057033,0.737308822,0.773016337,0.764983281,0.742805236,0.722755195,0.790997181,0.782756077,0.798440665,0.785871383,0.793893932,0.782616009,0.793851944,0.769954652,0.790210515,0.768246946,0.781484318,0.773676055,0.793274047,0.745370409,0.774715097,0.756094138,0.761168469,0.774089051,0.790854112,0.71999112,0.816501723,0.787113253,0.763227462,0.785481748,0.775284307,0.784443019,0.816755899,0.7674283,0.777789211,0.783009885,0.771044943,0.761851894,0.78728731,0.775635013,0.78622264,0.791359069,0.766246943,0.757117698,0.797975652,0.755808169,0.793658824,0.800092409,0.771935081,0.778204509,0.749582134,0.7795241,0.774064038,0.775681161,0.775401045,0.771888669,0.767936219,0.787042026,0.757718001,0.743634661,0.777918768,0.741080045,0.816555815,0.788593689,0.75452443,0.764646883,0.778316373,0.781635045,0.794647813,0.772256235,0.765594104,0.767607006,0.787705309,0.772981576
0.796381926,1,0.826281523,0.842015718,0.793768552,0.803084827,0.824770153,0.80916084,0.837001999,0.804442818,0.808672171,0.793530408,0.773450725,0.821208445,0.804155687,0.765960038,0.747899302,0.801852639,0.810688747,0.806650046,0.80965634,0.818973868,0.810567234,0.803579005,0.809080418,0.842262774,0.815651328,0.830140216,0.812491168,0.817784171,0.785629696,0.817401095,0.778857192,0.808495649,0.808459513,0.86508803,0.754896973,0.865771165,0.841674714,0.800430832,0.800229136,0.80357024,0.817427347,0.865849107,0.83858846,0.812619195,0.793527424,0.818349044,0.790846278,0.836710912,0.791900203,0.815765788,0.824183595,0.816073898,0.784910007,0.827138007,0.796738101,0.831352633,0.81408966,0.819463308,0.817376749,0.793278813,0.80562264,0.8061005,0.817404922,0.796878683,0.797298099,0.813253693,0.829991417,0.786439947,0.785003367,0.827677317,0.776042256,0.8657268,0.848749544,0.797601573,0.8118388,0.817756328,0.849425172,0.826209318,0.824908428,0.801295481,0.814077186,0.797453988,0.831139988
0.788345724,0.826281523,1,0.844379486,0.824417099,0.835771946,0.842537906,0.839600422,0.851539177,0.83252943,0.832740898,0.824668758,0.793122627,0.83957724,0.835077854,0.829341831,0.768200395,0.802286124,0.837860283,0.7910008,0.855412981,0.831746933,0.836998612,0.800527144,0.839172867,0.848127663,0.852110408,0.8324275,0.852336421,0.803287597,0.823146178,0.791179871,0.739407241,0.814487749,0.78830958,0.844174732,0.75601666,0.894338574,0.841315699,0.809401735,0.80601181,0.844844664,0.848711881,0.894688824,0.842731142,0.839830889,0.785482646,0.865492635,0.809021316,0.825909806,0.815432657,0.858046447,0.842838838,0.861831855,0.845114039,0.857564465,0.829498693,0.852485428,0.822300127,0.852452819,0.85942608,0.821256293,0.87046843,0.840996203,0.818716581,0.84966861,0.840896686,0.8203978,0.863236251,0.792513502,0.804089363,0.843532753,0.801558089,0.89454615,0.835171417,0.821943227,0.850758681,0.82328573,0.837446547,0.827836455,0.797962379,0.839973649,0.852140303,0.837427408,0.826501884
0.787322038,0.842015718,0.844379486,1,0.803682312,0.82630314,0.838987617,0.811837223,0.8611117,0.827609759,0.837993332,0.814447252,0.796443542,0.850360372,0.830855691,0.805850033,0.768275757,0.794466778,0.836590202,0.799995471,0.832510844,0.825159749,0.817051351,0.803151717,0.825241299,0.864895336,0.84846937,0.814464045,0.845340655,0.828228969,0.802506984,0.792015284,0.757948463,0.819916778,0.789006071,0.853724988,0.757763126,0.884799852,0.850408033,0.812379866,0.793113707,0.821037018,0.824236983,0.884902283,0.834975106,0.820151806,0.804905401,0.825388199,0.802612178,0.818311215,0.788356967,0.824833794,0.836265895,0.815553504,0.798982666,0.834031393,0.825470823,0.846387197,0.841087542,0.853800772,0.833122836,0.818125421,0.843426891,0.837134366,0.816161848,0.83730472,0.809516943,0.83701624,0.843173508,0.814916853,0.792124117,0.852528871,0.788049145,0.884555309,0.830059363,0.824400402,0.844088972,0.833483779,0.855937256,0.819216954,0.806749339,0.831270826,0.821459443,0.822611824,0.854095154
0.746104136,0.793768552,0.824417099,0.803682312,1,0.839288409,0.801084724,0.812374829,0.830367186,0.830348881,0.787526975,0.84366152,0.810325698,0.811574778,0.823027138,0.795329053,0.788441498,0.777206907,0.826572054,0.756131799,0.827887679,0.813419892,0.82064352,0.781371889,0.832954357,0.796312573,0.858090935,0.842500127,0.817125297,0.759771971,0.844810196,0.748511399,0.69121754,0.818024641,0.739861107,0.811845358,0.758272595,0.86223452,0.81090254,0.803094403,0.752109827,0.851696319,0.80806164,0.862103247,0.822368351,0.834874532,0.73385539,0.839874021,0.837929622,0.813628235,0.828238639,0.824318714,0.798357966,0.850918066,0.819304247,0.789624542,0.839388572,0.808686219,0.781760699,0.823287257,0.817991726,0.834186336,0.815497143,0.82356269,0.816288324,0.814485766,0.780864183,0.814114586,0.816949273,0.768849161,0.826265867,0.834620873,0.834518781,0.862291439,0.801162671,0.826306012,0.847040766,0.806106322,0.806134612,0.802838331,0.745298126,0.841826199,0.814011032,0.815525484,0.814682836
0.77819623,0.803084827,0.835771946,0.82630314,0.839288409,1,0.828965075,0.818650433,0.848642802,0.876542252,0.81146639,0.87256022,0.8045679,0.833520621,0.830991429,0.818517442,0.791519435,0.804990785,0.842853496,0.791903736,0.840729455,0.856611557,0.853449777,0.816663561,0.839119659,0.817414616,0.857750757,0.837195757,0.845209612,0.791375274,0.816743499,0.75609067,0.709179829,0.812413141,0.751990433,0.830290392,0.755353556,0.883149878,0.825335697,0.80198375,0.768741286,0.864313949,0.822256671,0.883381604,0.81819513,0.868501992,0.770916348,0.834518703,0.844577248,0.818501062,0.839242246,0.825480676,0.815999729,0.83700097,0.820578535,0.813746589,0.829963874,0.830602891,0.816790241,0.841289994,0.827966437,0.831520681,0.838995139,0.846802291,0.813678035,0.846143309,0.811720203,0.818382929,0.822884474,0.790193942,0.806456763,0.845312389,0.81541784,0.883068064,0.808328372,0.823979485,0.854558335,0.816014549,0.817307075,0.826870735,0.764393365,0.877016794,0.810303871,0.850665732,0.824215956
0.796876237,0.824770153,0.842537906,0.838987617,0.801084724,0.828965075,1,0.832216141,0.864463918,0.839845124,0.82779277,0.816275446,0.781058703,0.831414756,0.82270171,0.81575808,0.764603056,0.795451093,0.844426901,0.825009232,0.851195298,0.825725798,0.819040247,0.811305181,0.838180578,0.841040283,0.838019223,0.818356869,0.856247845,0.827757333,0.794146426,0.778158004,0.743726005,0.802967796,0.79978116,0.844840527,0.747282778,0.880065297,0.840322951,0.793395235,0.805914006,0.816027954,0.837867653,0.880446993,0.824177546,0.818197639,0.794287884,0.838145755,0.805204622,0.820564979,0.800176407,0.844834087,0.821837015,0.824188208,0.818249098,0.837607963,0.816302354,0.844539369,0.831110154,0.84259343,0.842799263,0.81038104,0.842989566,0.824525625,0.813444018,0.83057578,0.823467548,0.814157576,0.841225687,0.7963093,0.792585429,0.825577347,0.787364519,0.880280664,0.807929944,0.80462256,0.835628984,0.813152247,0.835802305,0.819280977,0.79828097,0.827279552,0.819806784,0.821734246,0.826289083
0.779464307,0.80916084,0.839600422,0.811837223,0.812374829,0.818650433,0.832216141,1,0.830257067,0.819554289,0.797253364,0.808152182,0.775401222,0.804791897,0.816167634,0.802221962,0.763724721,0.786447295,0.820261798,0.78278818,0.845945858,0.81605641,0.814092779,0.796499641,0.835354964,0.811867309,0.825812574,0.820194053,0.824471868,0.783646993,0.801584114,0.776872644,0.726341018,0.795699659,0.788807925,0.827130223,0.744782346,0.862659236,0.820677515,0.787893601,0.841863072,0.818092346,0.83002125,0.862933254,0.82125767,0.817947,0.763509186,0.840370743,0.804085178,0.812131182,0.813505692,0.842896033,0.801256352,0.846238636,0.826188726,0.81929069,0.807000531,0.82412854,0.794599368,0.81833275,0.838980769,0.804502367,0.822510588,0.805441269,0.804913288,0.819391977,0.808854376,0.796795421,0.825077203,0.767942219,0.802148089,0.819557808,0.798528955,0.864445054,0.810138209,0.79528776,0.82391297,0.798752256,0.818303945,0.806090716,0.782343869,0.813803267,0.834005788,0.815422913,0.804679352
0.791089508,0.837001999,0.851539177,0.8611117,0.830367186,0.848642802,0.864463918,0.830257067,1,0.850355053,0.836228111,0.84221943,0.811147748,0.859289635,0.843616616,0.816896443,0.787079779,0.792435535,0.857586623,0.807083515,0.849244045,0.836047222,0.828985067,0.814475163,0.842636493,0.848460243,0.865909903,0.82470363,0.861514379,0.82343265,0.823699113,0.77872028,0.738568145,0.831972639,0.785911397,0.857926322,0.767514245,0.901636775,0.853464342,0.816002755,0.793759947,0.836981908,0.831129299,0.901703472,0.848574074,0.834498082,0.799189947,0.851110306,0.827858574,0.822143154,0.807752243,0.848906722,0.835627637,0.835350491,0.819011331,0.834198671,0.850255956,0.853723383,0.844343223,0.870198993,0.85012923,0.843104085,0.852854217,0.850074508,0.835564417,0.843758769,0.816064664,0.84396764,0.848605197,0.82234015,0.815932164,0.85136414,0.811764027,0.901562508,0.821921046,0.834236513,0.867786271,0.834299931,0.857088635,0.825493526,0.79598295,0.851166529,0.825714429,0.834866376,0.854133169
0.782804427,0.804442818,0.83252943,0.827609759,0.830348881,0.876542252,0.839845124,0.819554289,0.850355053,1,0.818739012,0.864898748,0.798622925,0.834434019,0.826382096,0.819033462,0.787495903,0.804350468,0.847293325,0.79972761,0.842581231,0.848051466,0.84624511,0.823570147,0.84264009,0.82222036,0.857813105,0.832049246,0.848675494,0.798470221,0.814039862,0.75791112,0.714726174,0.811588832,0.756477229,0.830677736,0.748180098,0.882597759,0.826613313,0.802947071,0.772462388,0.853303037,0.82590616,0.882838603,0.818169745,0.847318912,0.776226322,0.827717087,0.842302392,0.818403056,0.831649051,0.825320481,0.816494298,0.83099396,0.816665663,0.819840041,0.830070554,0.833525417,0.818120596,0.842679423,0.829358887,0.831093992,0.838945859,0.843463134,0.812034807,0.844680355,0.815092021,0.820677427,0.826123771,0.790481627,0.802496197,0.843694133,0.811177844,0.88254112,0.803905021,0.820861445,0.85094815,0.818056677,0.818778861,0.825536386,0.767510464,0.866720633,0.810381448,0.84678563,0.823230656
0.785463897,0.808672171,0.832740898,0.837993332,0.787526975,0.81146639,0.82779277,0.797253364,0.836228111,0.818739012,1,0.80769552,0.791614889,0.838543232,0.82188682,0.794140823,0.767120169,0.781862264,0.82563104,0.787573764,0.817948745,0.807451711,0.797142898,0.792696787,0.814535195,0.828803992,0.826685172,0.792448695,0.824844634,0.810254879,0.797711318,0.770640573,0.744927646,0.811710772,0.77333795,0.825513927,0.755239206,0.862396259,0.814711703,0.80600494,0.777504462,0.807651454,0.803223066,0.862375644,0.816134827,0.802648535,0.794538388,0.803162289,0.795997818,0.79392171,0.776768678,0.814417288,0.8188686,0.798001896,0.790019988,0.821055091,0.809678686,0.825938536,0.828548723,0.834481008,0.810212987,0.80358506,0.830052977,0.828266829,0.793728248,0.820686389,0.799641373,0.826806107,0.828861777,0.815070038,0.790635584,0.830246094,0.781287726,0.862172805,0.798901716,0.812799779,0.820967122,0.824069883,0.83225217,0.806379581,0.791345688,0.816564685,0.807722192,0.808097687,0.828918159
0.767057033,0.793530408,0.824668758,0.814447252,0.84366152,0.87256022,0.816275446,0.808152182,0.84221943,0.864898748,0.80769552,1,0.818297344,0.82731889,0.829264449,0.80073261,0.802721283,0.793761651,0.841789675,0.776846698,0.82797258,0.834463429,0.837087632,0.81064486,0.835304059,0.799690707,0.851493781,0.831180409,0.826295685,0.774438696,0.832340636,0.739844773,0.694598364,0.823159043,0.739455663,0.815186269,0.760454521,0.873340537,0.813793807,0.810544866,0.750124281,0.868394301,0.810439882,0.873244032,0.818481185,0.851174724,0.758843327,0.824371877,0.864175207,0.802812915,0.831198825,0.82058272,0.813550142,0.830215764,0.810734747,0.793267904,0.841514171,0.812516186,0.809461499,0.834941033,0.817607312,0.840460661,0.827803076,0.845102092,0.821770738,0.833566127,0.791060025,0.823755798,0.814493889,0.793686766,0.819025497,0.836921663,0.829240036,0.873179055,0.796206401,0.831274626,0.8529678,0.815700513,0.813203251,0.821415703,0.749669507,0.864072785,0.804226691,0.829461474,0.82731016
0.737308822,0.773450725,0.793122627,0.796443542,0.810325698,0.8045679,0.781058703,0.775401222,0.811147748,0.798622925,0.791614889,0.818297344,1,0.82138885,0.836587921,0.760895883,0.833893133,0.7534334,0.808164838,0.743996441,0.788059338,0.782030596,0.773648266,0.765122167,0.797073557,0.775646951,0.810326308,0.789182277,0.788365605,0.75860502,0.829737812,0.720924177,0.68744013,0.870067186,0.722301309,0.791346165,0.806127075,0.839876578,0.78830181,0.855663239,0.731196601,0.804758735,0.767203455,0.838846892,0.807140915,0.793694667,0.736847136,0.791490397,0.816185828,0.769472364,0.776599492,0.787841046,0.798709376,0.793362117,0.770342456,0.764450781,0.828151191,0.775744846,0.794293132,0.816529438,0.780461491,0.821729298,0.790984462,0.818161865,0.806522072,0.794541718,0.75141058,0.852032062,0.79211989,0.820689986,0.838892787,0.814357663,0.846057334,0.839561272,0.773966422,0.854777731,0.823121979,0.845057715,0.80635915,0.774435104,0.73701753,0.803448778,0.777477768,0.784955192,0.822585587
0.773016337,0.821208445,0.83957724,0.850360372,0.811574778,0.833520621,0.831414756,0.804791897,0.859289635,0.834434019,0.838543232,0.82731889,0.82138885,1,0.842572304,0.806721159,0.792490378,0.775722006,0.845231835,0.788733198,0.825127913,0.814885163,0.812740351,0.792487185,0.82612563,0.833672656,0.850741698,0.807631313,0.844440363,0.8093913,0.817805156,0.758636589,0.72593102,0.835593955,0.761328233,0.842555857,0.769838102,0.881019431,0.838591132,0.820737391,0.771093223,0.822404528,0.810189934,0.880783355,0.833958336,0.817691004,0.783441844,0.823198991,0.813104346,0.799206755,0.787974479,0.819566676,0.831590112,0.815693379,0.7997392,0.82082545,0.84248348,0.831929474,0.837877609,0.864327618,0.828031403,0.839354514,0.842697041,0.850083577,0.817993881,0.836550358,0.797793676,0.851258416,0.839648532,0.833017349,0.80543829,0.848824681,0.803261772,0.880681336,0.806722833,0.845678341,0.859129375,0.842270195,0.844436059,0.807853756,0.78105609,0.842115741,0.805826824,0.822614447,0.851601757
0.764983281,0.804155687,0.835077854,0.830855691,0.823027138,0.830991429,0.82270171,0.816167634,0.843616616,0.826382096,0.82188682,0.829264449,0.836587921,0.842572304,1,0.805908896,0.820476696,0.771923545,0.833223212,0.77267418,0.827524927,0.807482643,0.804619103,0.786197844,0.825223375,0.81164621,0.839576035,0.808731886,0.830528417,0.782976665,0.832999445,0.749707635,0.708991903,0.842850056,0.758157193,0.825702085,0.768842264,0.873795811,0.82192964,0.826202092,0.767581048,0.829173352,0.803213481,0.873369145,0.825747084,0.819772658,0.762158664,0.834112762,0.816831864,0.792315514,0.797783711,0.829292273,0.814892671,0.82804585,0.807754058,0.805684488,0.838076984,0.817500375,0.816107633,0.842523441,0.825224324,0.829435211,0.834063816,0.839644637,0.814302667,0.8302361,0.79611267,0.850599936,0.829139309,0.813123245,0.827641166,0.834361836,0.825457562,0.873783054,0.799409115,0.853876973,0.8513059,0.842114827,0.835298092,0.796817537,0.774002752,0.830636933,0.812599305,0.824008895,0.835190153
0.742805236,0.765960038,0.829341831,0.805850033,0.795329053,0.818517442,0.81575808,0.802221962,0.816896443,0.819033462,0.794140823,0.80073261,0.760895883,0.806721159,0.805908896,1,0.754708316,0.751745462,0.811451252,0.761996396,0.821617485,0.797078004,0.812395906,0.764784881,0.819666179,0.808206291,0.832544723,0.775723191,0.846288044,0.764807989,0.78621117,0.732160107,0.688616916,0.766905706,0.730506232,0.79448723,0.712376792,0.841758363,0.808085965,0.760645995,0.760200176,0.816058404,0.821912079,0.842267404,0.787353615,0.805288766,0.746372187,0.825499647,0.777958819,0.773388698,0.781405739,0.824920058,0.781223727,0.809274367,0.84334542,0.80922004,0.804507549,0.82133629,0.784053981,0.824301474,0.825021262,0.79962171,0.863230364,0.810934015,0.767472371,0.845082229,0.842199422,0.784416085,0.811873109,0.761698873,0.771420984,0.810016426,0.776366152,0.841880794,0.769891037,0.79322762,0.833599501,0.779892226,0.783746393,0.782505555,0.746778434,0.840628021,0.800144213,0.828916637,0.786609301
0.722755195,0.747899302,0.768200395,0.768275757,0.788441498,0.791519435,0.764603056,0.763724721,0.787079779,0.787495903,0.767120169,0.802721283,0.833893133,0.792490378,0.820476696,0.754708316,1,0.729449936,0.79017803,0.729049933,0.772544065,0.761790024,0.759627458,0.74615039,0.778322727,0.749154925,0.788062555,0.765365234,0.772984002,0.730094904,0.806800785,0.696636778,0.663308844,0.818074654,0.703327278,0.767952086,0.759533423,0.810883154,0.766980656,0.804432218,0.715833962,0.790663046,0.750443747,0.810245074,0.77522136,0.777515234,0.711170859,0.773854854,0.796793149,0.743778694,0.763200279,0.772265128,0.768751995,0.774615444,0.758500142,0.742993426,0.801730878,0.757258304,0.770937689,0.787915469,0.763265665,0.801071131,0.776091909,0.797319947,0.779008837,0.78622242,0.736518129,0.80995311,0.768344759,0.776837704,0.810590952,0.786971076,0.819695011,0.810755514,0.746117788,0.818805617,0.801966499,0.799388391,0.777498556,0.752369013,0.71520709,0.789678326,0.75370667,0.77663334,0.790557385
0.790997181,0.801852639,0.802286124,0.794466778,0.777206907,0.804990785,0.795451093,0.786447295,0.792435535,0.804350468,0.781862264,0.793761651,0.7534334,0.775722006,0.771923545,0.751745462,0.729449936,1,0.782960751,0.781529665,0.793204292,0.837081374,0.811309276,0.815154698,0.793099386,0.799410889,0.789212862,0.829151116,0.785380233,0.796465905,0.758236856,0.794959139,0.763714269,0.77927669,0.775480402,0.798873904,0.752215772,0.834557001,0.790605739,0.786780857,0.785401751,0.806836548,0.797195723,0.834746197,0.79386581,0.819635486,0.801407375,0.781932297,0.797702939,0.832490941,0.803737775,0.783359253,0.809468719,0.790057069,0.769178525,0.803475906,0.764933972,0.790741258,0.775932569,0.783959952,0.783257375,0.758877788,0.783162497,0.773863116,0.77752843,0.774097179,0.786047203,0.776068033,0.792649051,0.767424395,0.760985026,0.792963891,0.760390563,0.834504138,0.814335364,0.766538858,0.773372435,0.793391674,0.790823688,0.833602052,0.787708051,0.790023934,0.788315636,0.794984348,0.782628037
0.782756077,0.810688747,0.837860283,0.836590202,0.826572054,0.842853496,0.844426901,0.820261798,0.857586623,0.847293325,0.82563104,0.841789675,0.808164838,0.845231835,0.833223212,0.811451252,0.79017803,0.782960751,1,0.805457346,0.856038202,0.822907085,0.820141146,0.803897061,0.847997393,0.832191388,0.862902132,0.825727826,0.855637539,0.812425808,0.823750083,0.75881187,0.717727141,0.817619127,0.764892846,0.831055153,0.75484618,0.88235881,0.831772357,0.804737814,0.777586935,0.835248343,0.830866936,0.882475339,0.820850878,0.828066355,0.772607325,0.832359343,0.824329292,0.816088333,0.806156977,0.833590371,0.824454164,0.827015035,0.818573605,0.821776511,0.83358585,0.839576848,0.831960538,0.84505471,0.831249877,0.8369556,0.842803514,0.849808568,0.820686745,0.839647241,0.807004465,0.82732191,0.837000495,0.798563035,0.805481706,0.842725681,0.810396911,0.882319273,0.801904358,0.827134489,0.852797403,0.818784815,0.826116996,0.809355157,0.768864257,0.840219258,0.809256532,0.824855048,0.832670677
0.798440665,0.806650046,0.7910008,0.799995471,0.756131799,0.791903736,0.825009232,0.78278818,0.807083515,0.79972761,0.787573764,0.776846698,0.743996441,0.788733198,0.77267418,0.761996396,0.729049933,0.781529665,0.805457346,1,0.803613778,0.793297547,0.788741111,0.794897029,0.788986918,0.807415003,0.789542878,0.790801695,0.806085593,0.815509769,0.748458119,0.762992172,0.745052393,0.764004123,0.771815353,0.803582515,0.7196525,0.826617905,0.801416793,0.759436692,0.777030356,0.777414424,0.799979068,0.826961095,0.77612468,0.779733101,0.776646521,0.782589077,0.767381482,0.802709513,0.766660988,0.788471675,0.791349824,0.772583422,0.764229499,0.807135627,0.76629522,0.805902653,0.814535582,0.790244833,0.791322624,0.764003759,0.788305717,0.786750969,0.778506294,0.789581897,0.787985265,0.773119083,0.797606043,0.762309994,0.746975072,0.787254896,0.745578109,0.826602771,0.78327277,0.76182719,0.782071798,0.777125547,0.789071241,0.78807242,0.772605251,0.778352072,0.765005626,0.779642819,0.78915241
0.785871383,0.80965634,0.855412981,0.832510844,0.827887679,0.840729455,0.851195298,0.845945858,0.849244045,0.842581231,0.817948745,0.82797258,0.788059338,0.825127913,0.827524927,0.821617485,0.772544065,0.793204292,0.856038202,0.803613778,1,0.825810061,0.827503477,0.804912564,0.847079401,0.834801925,0.858468405,0.827755718,0.860926092,0.806761777,0.813166172,0.774457103,0.726139344,0.802088638,0.786220999,0.833097008,0.743304851,0.882065,0.827855685,0.795244769,0.802930462,0.836605424,0.84641716,0.882495779,0.820016023,0.83026418,0.771100839,0.849475672,0.815569316,0.82320741,0.818221188,0.850055217,0.813882513,0.848923977,0.837972749,0.832704778,0.821961957,0.849740407,0.818992813,0.834071734,0.848028874,0.819324553,0.846992115,0.831456369,0.80884737,0.844846013,0.823395382,0.810370175,0.842623496,0.776058851,0.803945496,0.836641954,0.804975616,0.882506176,0.811350963,0.811224823,0.841785181,0.806680896,0.82253374,0.810165405,0.778517526,0.832472697,0.834721584,0.830058475,0.818590783
0.793893932,0.818973868,0.831746933,0.825159749,0.813419892,0.856611557,0.825725798,0.81605641,0.836047222,0.848051466,0.807451711,0.834463429,0.782030596,0.814885163,0.807482643,0.797078004,0.761790024,0.837081374,0.822907085,0.793297547,0.825810061,1,0.845308035,0.838327757,0.830013977,0.823353311,0.835562314,0.840410744,0.82527604,0.804790712,0.790550897,0.790257132,0.747550775,0.803526436,0.774823672,0.830719286,0.753738066,0.875356711,0.821245912,0.800767022,0.792604861,0.840320673,0.826191008,0.875657845,0.820517455,0.863506188,0.802111422,0.818618985,0.829954035,0.841825924,0.830737251,0.819547825,0.820343372,0.826704235,0.807767965,0.827270078,0.804682017,0.829829352,0.804186496,0.823129314,0.816508205,0.802130479,0.822825043,0.814950508,0.809071709,0.820182538,0.814802644,0.805384895,0.823131373,0.786065342,0.790625115,0.835269474,0.791120797,0.875322513,0.827937973,0.796965224,0.821565755,0.814176304,0.819974911,0.851837186,0.79087785,0.845043703,0.816188337,0.832840021,0.813963025
0.782616009,0.810567234,0.836998612,0.817051351,0.82064352,0.853449777,0.819040247,0.814092779,0.828985067,0.84624511,0.797142898,0.837087632,0.773648266,0.812740351,0.804619103,0.812395906,0.759627458,0.811309276,0.820141146,0.788741111,0.827503477,0.845308035,1,0.818495819,0.82731278,0.825938837,0.838235478,0.838381347,0.836304533,0.78853012,0.7957486,0.779260258,0.72731113,0.790992447,0.760682577,0.824646207,0.737945708,0.869266448,0.827611007,0.785789458,0.778788066,0.861209295,0.834987497,0.869728889,0.813672561,0.854495666,0.776675154,0.82861244,0.814030125,0.824285369,0.8310879,0.818870468,0.812038348,0.828716128,0.814217063,0.820622805,0.809602896,0.827635539,0.796871284,0.824160304,0.831281898,0.805375136,0.83529959,0.820122006,0.804757889,0.829467785,0.819675841,0.798224283,0.823930922,0.767673758,0.780135088,0.824816922,0.788757037,0.869270218,0.818565189,0.802785943,0.830465569,0.802604183,0.802055303,0.847994984,0.774959809,0.854737181,0.806385557,0.831728162,0.80189875
0.793851944,0.803579005,0.800527144,0.803151717,0.781371889,0.816663561,0.811305181,0.796499641,0.814475163,0.823570147,0.792696787,0.81064486,0.765122167,0.792487185,0.786197844,0.764784881,0.74615039,0.815154698,0.803897061,0.794897029,0.804912564,0.838327757,0.818495819,1,0.804177541,0.802671173,0.803096554,0.814117731,0.798727666,0.800585742,0.769069415,0.78491156,0.755478134,0.792703271,0.774129846,0.812103448,0.741449518,0.846396682,0.801648408,0.789351868,0.782602694,0.806963366,0.801710945,0.846509106,0.802423645,0.818554418,0.804955279,0.787480994,0.81691221,0.818593862,0.805972176,0.79783605,0.807102876,0.794134535,0.773625066,0.809325392,0.785333912,0.80478682,0.795433762,0.800725527,0.794891277,0.783855125,0.787386161,0.787365433,0.800967771,0.789032409,0.787228821,0.791704669,0.802120681,0.779265132,0.777298948,0.81009702,0.773700952,0.846367581,0.805427173,0.778376562,0.795084647,0.797543863,0.804560665,0.829098216,0.785951167,0.802738485,0.790648216,0.795080855,0.801983352
0.769954652,0.809080418,0.839172867,0.825241299,0.832954357,0.839119659,0.838180578,0.835354964,0.842636493,0.84264009,0.814535195,0.835304059,0.797073557,0.82612563,0.825223375,0.819666179,0.778322727,0.793099386,0.847997393,0.788986918,0.847079401,0.830013977,0.82731278,0.804177541,1,0.824305551,0.857768032,0.832644934,0.845060019,0.792435804,0.817657273,0.768416611,0.717129023,0.813360337,0.768438633,0.832668342,0.756055553,0.879725145,0.82901877,0.802778027,0.786560752,0.841330168,0.845993246,0.879891212,0.830406011,0.832913685,0.764242217,0.844970288,0.825952379,0.823232705,0.822198594,0.83841336,0.812537742,0.843956853,0.827609832,0.817417035,0.827755737,0.830475687,0.802492817,0.836033368,0.828684497,0.827767852,0.837037721,0.826488018,0.815467749,0.830183407,0.815281202,0.816772881,0.835411736,0.787258915,0.81565037,0.836839337,0.815006218,0.880001122,0.808232621,0.819420641,0.844752191,0.817253628,0.824315196,0.817828296,0.774856352,0.844637115,0.829134858,0.829034271,0.824300317
0.790210515,0.842262774,0.848127663,0.864895336,0.796312573,0.817414616,0.841040283,0.811867309,0.848460243,0.82222036,0.828803992,0.799690707,0.775646951,0.833672656,0.81164621,0.808206291,0.749154925,0.799410889,0.832191388,0.807415003,0.834801925,0.823353311,0.825938837,0.802671173,0.824305551,1,0.840610363,0.817199252,0.851087382,0.834547074,0.788283912,0.802772144,0.764275204,0.799415582,0.79577366,0.847665308,0.746007471,0.876938406,0.846764545,0.795803015,0.80407724,0.81648996,0.842365086,0.877346367,0.825928607,0.817064421,0.806110665,0.826356673,0.788427865,0.826847868,0.788221365,0.821569933,0.827431495,0.815625199,0.802254108,0.846687951,0.806850216,0.849785101,0.829923466,0.841114027,0.834928323,0.799874537,0.842381539,0.824744649,0.801578651,0.832688757,0.822061256,0.81694249,0.846789736,0.796228342,0.776301092,0.837053055,0.772759365,0.876802208,0.834719304,0.807180373,0.828773836,0.81749182,0.836721131,0.824608675,0.807666279,0.823374841,0.818868159,0.816879015,0.831552085
0.768246946,0.815651328,0.852110408,0.84846937,0.858090935,0.857750757,0.838019223,0.825812574,0.865909903,0.857813105,0.826685172,0.851493781,0.810326308,0.850741698,0.839576035,0.832544723,0.788062555,0.789212862,0.862902132,0.789542878,0.858468405,0.835562314,0.838235478,0.803096554,0.857768032,0.840610363,1,0.833545108,0.867645612,0.801268785,0.836041656,0.766378747,0.713716839,0.823269854,0.763008374,0.841001711,0.755283023,0.895624667,0.835695566,0.811613548,0.773318578,0.854439445,0.839848513,0.89580089,0.841320429,0.84373157,0.772305846,0.853068952,0.835134942,0.828038875,0.820490038,0.836201195,0.819944985,0.852874476,0.830281875,0.824193455,0.855869262,0.849999931,0.817007395,0.864140222,0.847808384,0.854043571,0.854934622,0.854945221,0.823563977,0.854358017,0.814098579,0.834556416,0.842468196,0.793974282,0.816854413,0.862360098,0.821927624,0.895530646,0.814756366,0.840422215,0.878183275,0.825790749,0.83179336,0.817776939,0.772705503,0.870671825,0.831219399,0.842311744,0.840901919
0.781484318,0.830140216,0.8324275,0.814464045,0.842500127,0.837195757,0.818356869,0.820194053,0.82470363,0.832049246,0.792448695,0.831180409,0.789182277,0.807631313,0.808731886,0.775723191,0.765365234,0.829151116,0.825727826,0.790801695,0.827755718,0.840410744,0.838381347,0.814117731,0.832644934,0.817199252,0.833545108,1,0.812297386,0.799039741,0.809884017,0.79469161,0.738688244,0.813280453,0.778605056,0.831390952,0.761396648,0.871966546,0.826429977,0.806958663,0.786294391,0.845282007,0.826569801,0.872034046,0.82809457,0.846751577,0.769236087,0.830878465,0.829863302,0.858005053,0.843870231,0.82112168,0.823547372,0.844162153,0.807138172,0.815225731,0.810654455,0.81702605,0.793023551,0.813927239,0.819563835,0.80769686,0.807520079,0.811296388,0.824667765,0.804168177,0.796471762,0.804443813,0.823327944,0.771361343,0.802161926,0.827118203,0.807132655,0.872050754,0.836487651,0.806444699,0.819692372,0.8121306,0.816071248,0.836192337,0.784158779,0.826339413,0.815342266,0.816198975,0.813197363
0.773676055,0.812491168,0.852336421,0.845340655,0.817125297,0.845209612,0.856247845,0.824471868,0.861514379,0.848675494,0.824844634,0.826295685,0.788365605,0.844440363,0.830528417,0.846288044,0.772984002,0.785380233,0.855637539,0.806085593,0.860926092,0.82527604,0.836304533,0.798727666,0.845060019,0.851087382,0.867645612,0.812297386,1,0.810115691,0.807270518,0.763527717,0.720117829,0.801208674,0.769816495,0.8378393,0.741119173,0.883881838,0.844402824,0.789654915,0.784997365,0.833791062,0.844529997,0.884360124,0.823603686,0.830026906,0.781163053,0.847376836,0.807259629,0.813024984,0.800147203,0.837181113,0.816511453,0.831166067,0.830005837,0.83847662,0.830687825,0.850290323,0.82406205,0.85484489,0.850496585,0.826420701,0.862895988,0.841689201,0.804308941,0.858090794,0.837846062,0.818318213,0.844753472,0.789274085,0.79283069,0.840240027,0.795289641,0.883906933,0.803504154,0.819241812,0.861418017,0.810982751,0.827296526,0.813587805,0.778695193,0.84864608,0.819115786,0.838772623,0.826000307
0.793274047,0.817784171,0.803287597,0.828228969,0.759771971,0.791375274,0.827757333,0.783646993,0.82343265,0.798470221,0.810254879,0.774438696,0.75860502,0.8093913,0.782976665,0.764807989,0.730094904,0.796465905,0.812425808,0.815509769,0.806761777,0.804790712,0.78853012,0.800585742,0.792435804,0.834547074,0.801268785,0.799039741,0.810115691,1,0.748562358,0.792045952,0.786016365,0.785321108,0.792480097,0.819467884,0.743834045,0.841646846,0.805801107,0.781843685,0.796295615,0.776885353,0.79566219,0.841825254,0.795135572,0.786459659,0.828358057,0.780565225,0.774065082,0.817517843,0.757681361,0.786489542,0.825044588,0.770344744,0.762966738,0.82016189,0.777738114,0.816511969,0.826493309,0.812923477,0.795738599,0.771721778,0.800060332,0.794225947,0.78233487,0.787468662,0.787012209,0.797228255,0.81221101,0.800921202,0.75038614,0.800085433,0.743170486,0.841454443,0.803323656,0.776146443,0.788385003,0.802530532,0.81393339,0.805769235,0.806631466,0.788329452,0.777436539,0.787046017,0.805243208
0.745370409,0.785629696,0.823146178,0.802506984,0.844810196,0.816743499,0.794146426,0.801584114,0.823699113,0.814039862,0.797711318,0.832340636,0.829737812,0.817805156,0.832999445,0.78621117,0.806800785,0.758236856,0.823750083,0.748458119,0.813166172,0.790550897,0.7957486,0.769069415,0.817657273,0.788283912,0.836041656,0.809884017,0.807270518,0.748562358,1,0.734415777,0.683591937,0.837282571,0.732200576,0.80181567,0.772774793,0.854626855,0.806399211,0.821404361,0.741608594,0.834985569,0.795863359,0.854117697,0.820883151,0.814241494,0.728542687,0.829065669,0.824247674,0.783388365,0.806376294,0.822665796,0.799055139,0.832734523,0.806395944,0.779611243,0.844148116,0.797905685,0.785097605,0.822197639,0.811310596,0.83593565,0.813219114,0.828319424,0.817411128,0.813207607,0.773756977,0.829072356,0.812888178,0.782287376,0.846955146,0.823722568,0.856460802,0.854584475,0.785939764,0.844020263,0.8433116,0.816719244,0.807704068,0.785532104,0.737464859,0.821544743,0.808728706,0.80126078,0.824219917
0.774715097,0.817401095,0.791179871,0.792015284,0.748511399,0.75609067,0.778158004,0.776872644,0.77872028,0.75791112,0.770640573,0.739844773,0.720924177,0.758636589,0.749707635,0.732160107,0.696636778,0.794959139,0.75881187,0.762992172,0.774457103,0.790257132,0.779260258,0.78491156,0.768416611,0.802772144,0.766378747,0.79469161,0.763527717,0.792045952,0.734415777,1,0.820119672,0.75689477,0.799538747,0.804634816,0.725019864,0.811122614,0.786327233,0.762652196,0.797094829,0.765549889,0.783927734,0.811375715,0.79150486,0.774185245,0.789854221,0.76928821,0.747987353,0.811113757,0.763820757,0.773363488,0.786871349,0.777308623,0.751443489,0.800185564,0.743513719,0.802486584,0.75894652,0.765126137,0.779420338,0.737909026,0.761555044,0.746188829,0.765641562,0.751807784,0.770616304,0.760092284,0.791928839,0.741154771,0.737061302,0.780406197,0.729193141,0.81120025,0.83002727,0.743643987,0.750675157,0.770949074,0.78864162,0.800709946,0.814169559,0.753536387,0.785869562,0.759643323,0.766198746
0.756094138,0.778857192,0.739407241,0.757948463,0.69121754,0.709179829,0.743726005,0.726341018,0.738568145,0.714726174,0.744927646,0.694598364,0.68744013,0.72593102,0.708991903,0.688616916,0.663308844,0.763714269,0.717727141,0.745052393,0.726139344,0.747550775,0.72731113,0.755478134,0.717129023,0.764275204,0.713716839,0.738688244,0.720117829,0.786016365,0.683591937,0.820119672,1,0.725858573,0.780578789,0.762615076,0.70284038,0.761835611,0.738366572,0.732971652,0.767967791,0.712241953,0.732623784,0.761939352,0.744009216,0.722020245,0.794704265,0.711162862,0.707041319,0.764223475,0.707204153,0.72485254,0.76106581,0.714357336,0.698167912,0.763306342,0.697349773,0.751442913,0.742377497,0.726012194,0.726900384,0.692393563,0.719517753,0.705500859,0.71947162,0.708313705,0.729865802,0.731111379,0.745367069,0.733273222,0.694137651,0.73533761,0.681935674,0.76174807,0.780613161,0.702484618,0.701853562,0.742528366,0.758068591,0.762375409,0.805477831,0.705568119,0.735207426,0.712661197,0.738290268
0.761168469,0.808495649,0.814487749,0.819916778,0.818024641,0.812413141,0.802967796,0.795699659,0.831972639,0.811588832,0.811710772,0.823159043,0.870067186,0.835593955,0.842850056,0.766905706,0.818074654,0.77927669,0.817619127,0.764004123,0.802088638,0.803526436,0.790992447,0.792703271,0.813360337,0.799415582,0.823269854,0.813280453,0.801208674,0.785321108,0.837282571,0.75689477,0.725858573,1,0.755178945,0.820648994,0.818321075,0.866249695,0.809910776,0.87847333,0.757221839,0.817820818,0.788574965,0.864541424,0.835682635,0.811323402,0.77198369,0.80777971,0.831411732,0.799653286,0.792920732,0.806813619,0.822105772,0.809469093,0.779653145,0.788594664,0.838150701,0.797368697,0.810792214,0.831457614,0.801396625,0.82906747,0.800993883,0.823147646,0.827001765,0.799481638,0.768054536,0.874091065,0.812046708,0.835422467,0.846248802,0.830729301,0.850142477,0.865942219,0.80791869,0.866073448,0.832748561,0.869303234,0.836370086,0.802502658,0.773025603,0.812267087,0.799687722,0.800049145,0.84598393
0.774089051,0.808459513,0.78830958,0.789006071,0.739861107,0.751990433,0.79978116,0.788807925,0.785911397,0.756477229,0.77333795,0.739455663,0.722301309,0.761328233,0.758157193,0.730506232,0.703327278,0.775480402,0.764892846,0.771815353,0.786220999,0.774823672,0.760682577,0.774129846,0.768438633,0.79577366,0.763008374,0.778605056,0.769816495,0.792480097,0.732200576,0.799538747,0.780578789,0.755178945,1,0.811890577,0.721179221,0.80825104,0.784410161,0.752610482,0.811821066,0.751052619,0.778192082,0.808494204,0.794474966,0.760452309,0.783380127,0.773561798,0.748171425,0.788929975,0.753661025,0.781144394,0.781718155,0.777023834,0.750877692,0.794319486,0.745192467,0.789451532,0.769955043,0.768256098,0.781253972,0.739763583,0.759302574,0.746585971,0.763081511,0.749377396,0.760652519,0.755928602,0.792488479,0.746644868,0.742923876,0.768911324,0.727614567,0.808540799,0.799395816,0.738743224,0.753079575,0.764468352,0.809821537,0.784484117,0.825185525,0.746473098,0.791135778,0.753910792,0.771651209
0.790854112,0.86508803,0.844174732,0.853724988,0.811845358,0.830290392,0.844840527,0.827130223,0.857926322,0.830677736,0.825513927,0.815186269,0.791346165,0.842555857,0.825702085,0.79448723,0.767952086,0.798873904,0.831055153,0.803582515,0.833097008,0.830719286,0.824646207,0.812103448,0.832668342,0.847665308,0.841001711,0.831390952,0.8378393,0.819467884,0.80181567,0.804634816,0.762615076,0.820648994,0.811890577,1,0.759200207,0.888445566,0.852538361,0.809300457,0.801932183,0.820271779,0.829417321,0.888580642,0.855698792,0.826267274,0.794531245,0.838631609,0.810954296,0.833394146,0.806914436,0.831428433,0.828970274,0.841781631,0.807425309,0.838696679,0.81981345,0.843675941,0.824877464,0.846646129,0.840764317,0.819507261,0.826171725,0.829171723,0.822807931,0.820684484,0.809586578,0.829437551,0.848846171,0.799251351,0.802825261,0.853636738,0.79473751,0.888468918,0.84525277,0.816989926,0.839408971,0.827967734,0.870473273,0.828489982,0.832617514,0.827467712,0.831576778,0.81920627,0.848078846
0.71999112,0.754896973,0.75601666,0.757763126,0.758272595,0.755353556,0.747282778,0.744782346,0.767514245,0.748180098,0.755239206,0.760454521,0.806127075,0.769838102,0.768842264,0.712376792,0.759533423,0.752215772,0.75484618,0.7196525,0.743304851,0.753738066,0.737945708,0.741449518,0.756055553,0.746007471,0.755283023,0.761396648,0.741119173,0.743834045,0.772774793,0.725019864,0.70284038,0.818321075,0.721179221,0.759200207,1,0.792909322,0.75433017,0.813811784,0.725496257,0.758282942,0.737299279,0.7921096,0.777568291,0.756079771,0.738172619,0.748822583,0.772794431,0.754291593,0.745662226,0.748603626,0.770254755,0.750877704,0.732228218,0.736764111,0.770272956,0.735227785,0.753697849,0.768150657,0.745858782,0.760176168,0.744169508,0.756988633,0.765591137,0.73635415,0.723348886,0.791081431,0.750055607,0.807700142,0.787502572,0.764587502,0.792273447,0.792709809,0.760676302,0.782667409,0.75989224,0.796110906,0.776419745,0.758905089,0.736261283,0.74959691,0.749721896,0.74038148,0.781151642
0.816501723,0.865771165,0.894338574,0.884799852,0.86223452,0.883149878,0.880065297,0.862659236,0.901636775,0.882597759,0.862396259,0.873340537,0.839876578,0.881019431,0.873795811,0.841758363,0.810883154,0.834557001,0.88235881,0.826617905,0.882065,0.875356711,0.869266448,0.846396682,0.879725145,0.876938406,0.895624667,0.871966546,0.883881838,0.841646846,0.854626855,0.811122614,0.761835611,0.866249695,0.80825104,0.888445566,0.792909322,1,0.879435572,0.855041207,0.820745152,0.881705501,0.869671905,0.998291729,0.881791427,0.877997068,0.816890429,0.879646548,0.862235322,0.863276525,0.849905272,0.877338665,0.871245355,0.878563938,0.852581429,0.869363153,0.873323132,0.880418034,0.860431505,0.893414051,0.87769741,0.866159209,0.882968326,0.878176287,0.861817308,0.873860313,0.848532639,0.87285032,0.884185589,0.837449719,0.846871172,0.889334366,0.845859911,0.998214182,0.863266403,0.86672353,0.893451431,0.872264849,0.881509342,0.866524318,0.822752825,0.883567611,0.863152641,0.868704494,0.878606865
0.787113253,0.841674714,0.841315699,0.850408033,0.81090254,0.825335697,0.840322951,0.820677515,0.853464342,0.826613313,0.814711703,0.813793807,0.78830181,0.838591132,0.82192964,0.808085965,0.766980656,0.790605739,0.831772357,0.801416793,0.827855685,0.821245912,0.827611007,0.801648408,0.82901877,0.846764545,0.835695566,0.826429977,0.844402824,0.805801107,0.806399211,0.786327233,0.738366572,0.809910776,0.784410161,0.852538361,0.75433017,0.879435572,1,0.798234204,0.791702309,0.822882014,0.831588121,0.879666352,0.832313768,0.823037908,0.783954963,0.84366239,0.804472139,0.820937597,0.805534715,0.832744271,0.824802643,0.826300333,0.808473621,0.828971605,0.823136604,0.835358718,0.821692359,0.841307234,0.839430321,0.81552539,0.838605576,0.828099332,0.822792405,0.825703335,0.813346177,0.81715609,0.84268945,0.796888162,0.795774823,0.836229063,0.795004,0.879440261,0.830695657,0.815722404,0.84414242,0.816516074,0.843525109,0.823587057,0.795243024,0.828540364,0.814196822,0.81689679,0.839819441
