1,0.800835522,0.785375321,0.783380302,0.696079338,0.765121284,0.801804769,0.767696761,0.790788548,0.774422528,0.779715788,0.74207616,0.676449987,0.754492542,0.737589345,0.688543121,0.642147809,0.790550815,0.774354109,0.804782324,0.780534064,0.79613943,0.774050993,0.796022732,0.748104317,0.789110056,0.744558104,0.77181023,0.756015067,0.794908821,0.694624741,0.758311221,0.71935523,0.729754103,0.757080948,0.790246695,0.636114066,0.83739894,0.78296456,0.734261018,0.779835609,0.759166993,0.777798309,0.83739894,0.742773856,0.764290124,0.774888857,0.750376895,0.731067515,0.783296428,0.759999964,0.781240252,0.791378428,0.740299817,0.720561912,0.803982722,0.717701573,0.795714781,0.807839802,0.752343214,0.765203083,0.703873267,0.768019119,0.75665372,0.760065514,0.759402952,0.752300022,0.743972308,0.782811211,0.722178395,0.690817395,0.76455997,0.684912715,0.83739894,0.785988015,0.714991203,0.736904676,0.765463231,0.772131724,0.797528269,0.753124139,0.738903984,0.743192826,0.784128138,0.754532275
0.800835522,1,0.853315573,0.878178417,0.795446141,0.812834177,0.850812186,0.823926499,0.870518245,0.815318492,0.823112332,0.795097007,0.75570116,0.844892959,0.814842679,0.738926349,0.700740784,0.810752281,0.826582024,0.819687176,0.824742065,0.84104079,0.826370128,0.813890204,0.823709613,0.878608246,0.835335904,0.859721192,0.829859315,0.83909135,0.779893841,0.838864014,0.767420139,0.823198658,0.82325216,0.910679601,0.717134379,0.911532879,0.877660305,0.808595092,0.807872111,0.81377655,0.838419164,0.911532879,0.872944653,0.830021422,0.795140167,0.839973779,0.790088501,0.870034282,0.792066447,0.835510859,0.850198688,0.836121019,0.778007931,0.854761731,0.801014971,0.861572887,0.832859767,0.841940425,0.838314154,0.794434907,0.81752539,0.818398759,0.838544977,0.801257887,0.802054495,0.831352292,0.859375888,0.781588639,0.778836651,0.855640009,0.760714486,0.911532879,0.888378109,0.80282711,0.828642633,0.839182297,0.88922721,0.853227867,0.851381084,0.809499779,0.832667034,0.802331724,0.861409046
0.785375321,0.853315573,1,0.881439907,0.850110978,0.868287571,0.878659344,0.874344537,0.891860438,0.863136203,0.863725529,0.850685176,0.794972578,0.874319314,0.867279719,0.857918841,0.745079091,0.811401278,0.871477563,0.790330662,0.897360238,0.861852348,0.870172,0.808066684,0.873516499,0.886920308,0.892669462,0.863301055,0.893013381,0.813108569,0.848368688,0.791039018,0.682000261,0.833865508,0.785578472,0.881206386,0.719873366,0.944968003,0.876835134,0.825038631,0.818434256,0.882243258,0.887769987,0.944968003,0.879020841,0.874600813,0.77932219,0.910985711,0.823893252,0.852425811,0.835127084,0.900994011,0.879797969,0.906285967,0.882501954,0.900315342,0.858329694,0.893219055,0.846892371,0.893162867,0.902863895,0.844690048,0.917380599,0.876457162,0.840714165,0.889242668,0.876123554,0.843609144,0.908062119,0.793367756,0.815214009,0.880307659,0.810458467,0.944968003,0.867950615,0.846127259,0.890733206,0.848500781,0.87125404,0.855691354,0.80373294,0.874715897,0.892953014,0.870856409,0.853851799
0.783380302,0.878178417,0.881439907,1,0.813777076,0.853014436,0.873204701,0.828424891,0.905102813,0.855137928,0.871967989,0.833259444,0.801330055,0.890339919,0.860537096,0.817209755,0.74526995,0.796696648,0.869454104,0.807430018,0.863033839,0.851054643,0.837335003,0.812909035,0.851179515,0.910121028,0.887360371,0.833269935,0.88274683,0.856410942,0.812065667,0.792673332,0.723717731,0.843246257,0.786964963,0.895055412,0.723759421,0.934145241,0.890262586,0.830358533,0.794339614,0.84432948,0.849418831,0.934145241,0.867041234,0.842729834,0.816288409,0.851479304,0.812252006,0.839584932,0.785058529,0.850492487,0.869762916,0.834994731,0.804682047,0.865375949,0.851698136,0.884337349,0.876973046,0.89501062,0.863941903,0.839321325,0.879883151,0.870498137,0.836316293,0.870658865,0.823867293,0.870644422,0.879672497,0.834462844,0.792751656,0.893428802,0.784727707,0.934145241,0.859836963,0.850239786,0.880882999,0.865124476,0.898447819,0.841254083,0.819959163,0.860986499,0.845168982,0.846843431,0.895962943
0.696079338,0.795446141,0.850110978,0.813777076,1,0.873910806,0.80896346,0.829540475,0.859842448,0.859823121,0.783294571,0.880702604,0.826660211,0.828134476,0.847834035,0.798110486,0.786077733,0.762705431,0.853651706,0.718263379,0.855815402,0.831265682,0.843750725,0.771086382,0.863990168,0.799953964,0.901287334,0.878949966,0.837747542,0.725816778,0.882553175,0.701661012,0.563156724,0.839908793,0.682059903,0.828555937,0.72460101,0.90690866,0.826837417,0.813527925,0.709308354,0.892323,0.821703656,0.90690866,0.846698916,0.867053252,0.66737064,0.874804444,0.872126835,0.83167543,0.856696752,0.849919567,0.8044979,0.891238291,0.841457731,0.787072204,0.874082022,0.822839246,0.772086137,0.848218696,0.839201592,0.865987802,0.834922481,0.848741509,0.83657371,0.83316806,0.769643766,0.832816238,0.837469842,0.745720628,0.853698669,0.866703424,0.866911646,0.90690866,0.809664994,0.853437465,0.885587199,0.81857572,0.818566184,0.812335076,0.694160746,0.87778275,0.832472514,0.834966337,0.833840926
0.765121284,0.812834177,0.868287571,0.853014436,0.873910806,1,0.857357223,0.840314534,0.887670996,0.92482822,0.827914326,0.920219227,0.816400242,0.864866804,0.860773931,0.839771364,0.792181761,0.816365587,0.87910656,0.792075676,0.875904018,0.899019506,0.894609085,0.837042695,0.873427644,0.837903407,0.900563369,0.870807699,0.882614767,0.79061604,0.837485454,0.718481961,0.609131585,0.830232335,0.709546066,0.859613615,0.718425766,0.932474008,0.85142868,0.811567966,0.745241549,0.909521874,0.846152517,0.932474008,0.839429004,0.914888673,0.749656778,0.866292684,0.882250965,0.839940954,0.874115193,0.851608696,0.836359996,0.870362493,0.843378374,0.831502284,0.859078688,0.859977524,0.83750638,0.876702295,0.855660835,0.861604841,0.873191512,0.885141792,0.831986037,0.884085364,0.827878527,0.840173494,0.84740401,0.788885292,0.819527588,0.882959769,0.835334431,0.932474008,0.82274793,0.849538921,0.896125453,0.836118656,0.838272956,0.85410442,0.736214307,0.92537359,0.825813995,0.890655571,0.850070628
0.801804769,0.850812186,0.878659344,0.873204701,0.80896346,0.857357223,1,0.862756689,0.909536721,0.874531153,0.855730235,0.836440303,0.771313758,0.861485914,0.847107888,0.834843354,0.737498932,0.798566487,0.881406437,0.851521449,0.891339573,0.851966463,0.840730755,0.827642196,0.87191715,0.876250408,0.87159292,0.840009195,0.898407578,0.85563619,0.79636539,0.765226932,0.691988186,0.813262004,0.807546212,0.88216858,0.700528771,0.92922568,0.875270659,0.795453683,0.818267376,0.835724061,0.871351926,0.92922568,0.849512506,0.839366668,0.796442452,0.871916443,0.817011407,0.843414985,0.807648854,0.882019793,0.846370555,0.849693771,0.839320694,0.870957142,0.836133041,0.881567757,0.861394122,0.878582567,0.878922034,0.825740959,0.879177858,0.850182493,0.831577842,0.859978734,0.8480503,0.832863356,0.87671495,0.800632956,0.793651984,0.851954249,0.783391608,0.92922568,0.822055113,0.815688348,0.867858636,0.83113098,0.868707218,0.841351097,0.8043537,0.85446068,0.842358922,0.845340611,0.853521781
0.767696761,0.823926499,0.874344537,0.828424891,0.829540475,0.840314534,0.862756689,1,0.85959371,0.841845795,0.80198261,0.822149442,0.759724548,0.815891342,0.836099694,0.810965041,0.73550878,0.781217899,0.843020137,0.774196682,0.883883594,0.83580477,0.832392191,0.800582702,0.867726939,0.828423869,0.852325155,0.843186847,0.850130429,0.775541586,0.810363557,0.762562704,0.651159684,0.799604714,0.786501768,0.854575881,0.69463014,0.909711278,0.84376107,0.784700997,0.878117548,0.839430601,0.859217984,0.909711278,0.844776989,0.839122462,0.734057511,0.875513817,0.814960116,0.828984632,0.831772671,0.879329869,0.809897269,0.884413678,0.852955046,0.841349549,0.81982966,0.849532049,0.797189631,0.839713454,0.873368448,0.815298943,0.846844726,0.817047137,0.816339937,0.841588718,0.823051556,0.801292736,0.851180745,0.743790685,0.811612681,0.841958208,0.804801176,0.909711278,0.825966085,0.798348129,0.849165742,0.80499889,0.840011682,0.818239156,0.773411814,0.831843915,0.865752611,0.834728489,0.815977092
0.790788548,0.870518245,0.891860438,0.905102813,0.859842448,0.887670996,0.909536721,0.85959371,1,0.890122471,0.869238125,0.878569409,0.828408886,0.90284717,0.880359242,0.836628785,0.783715223,0.792778963,0.900240806,0.820495903,0.888470257,0.868536007,0.857276888,0.833224523,0.878666414,0.887230888,0.911331261,0.850745285,0.90548322,0.848476431,0.8493777,0.766423731,0.680220978,0.863251997,0.780983933,0.900882848,0.744916358,0.951960092,0.894571122,0.836821238,0.795600663,0.870230414,0.860570358,0.951960092,0.887619456,0.866217511,0.80572546,0.891213763,0.85624253,0.846034135,0.821566931,0.887953267,0.868877625,0.867767471,0.840537518,0.865495659,0.890077486,0.894842782,0.881955736,0.916818095,0.889660133,0.879562772,0.89350173,0.889889303,0.868399661,0.880463209,0.835223527,0.881311391,0.887677952,0.847255009,0.836442608,0.89176977,0.829026716,0.951960092,0.846499931,0.866228966,0.91375937,0.866478154,0.900111996,0.851782897,0.800061266,0.891168907,0.852275755,0.866739111,0.896104731
0.774422528,0.815318492,0.863136203,0.855137928,0.859823121,0.92482822,0.874531153,0.841845795,0.890122471,1,0.840578285,0.910481992,0.805425535,0.866303128,0.853251973,0.84059576,0.784381185,0.815188797,0.885685926,0.806928529,0.878689799,0.886814759,0.884177007,0.848780376,0.87876897,0.846066686,0.900615707,0.862697764,0.887676227,0.804132557,0.832792836,0.722473758,0.622952797,0.828794801,0.719471479,0.860222139,0.702499807,0.931857682,0.853516176,0.81336354,0.753023827,0.894502249,0.852209406,0.931857682,0.839363657,0.88581163,0.760646001,0.85532604,0.87885737,0.839750052,0.86221671,0.851311616,0.837229912,0.86084962,0.836629886,0.84201776,0.859234063,0.864627443,0.83980199,0.878767309,0.857895257,0.860904004,0.873066188,0.880172473,0.829093118,0.881897367,0.833766555,0.844086974,0.852777831,0.78944871,0.812303287,0.880539518,0.827904687,0.931857682,0.814729448,0.844298303,0.890961408,0.83964502,0.840800193,0.851890245,0.742842476,0.912511568,0.825940855,0.884991722,0.84843243
0.779715788,0.823112332,0.863725529,0.871967989,0.783294571,0.827914326,0.855730235,0.80198261,0.869238125,0.840578285,1,0.82138349,0.791985024,0.872860282,0.845968378,0.795971384,0.742705107,0.772175008,0.852173816,0.783711883,0.83921444,0.820707273,0.801662406,0.793407581,0.833294451,0.857398353,0.853937266,0.792971108,0.850958452,0.825881778,0.803168917,0.749699695,0.694513817,0.82891783,0.75540523,0.852009801,0.717921584,0.906804022,0.833617298,0.818825521,0.763526352,0.821149606,0.81298244,0.906804022,0.836114186,0.811977267,0.797040138,0.812901384,0.799929499,0.7955744,0.761982834,0.833086917,0.841245778,0.803420832,0.787975464,0.844527616,0.824758514,0.852683038,0.857229041,0.866552129,0.825657232,0.81372952,0.859514189,0.856551016,0.795489898,0.843906328,0.806356828,0.854339206,0.857494922,0.834679935,0.78985187,0.859769824,0.771337094,0.906804022,0.805467393,0.83046915,0.84438133,0.849835235,0.863117998,0.818861364,0.79113812,0.83682484,0.821346314,0.821888014,0.857811924
0.74207616,0.795097007,0.850685176,0.833259444,0.880702604,0.920219227,0.836440303,0.822149442,0.878569409,0.910481992,0.82138349,1,0.840517247,0.855085637,0.85824094,0.808645535,0.813081298,0.795561305,0.877896837,0.762279262,0.856132269,0.866556828,0.870661618,0.826672926,0.867883829,0.806569032,0.892251743,0.861411023,0.853527728,0.757048528,0.863381915,0.6819739,0.571966139,0.848579017,0.681179027,0.834566622,0.729228027,0.92100009,0.832117339,0.826956085,0.704989712,0.914966176,0.82622001,0.92100009,0.840250226,0.891679943,0.72413693,0.850190698,0.90962485,0.812385233,0.861514764,0.84383001,0.832062255,0.859801684,0.826712943,0.794391889,0.877448972,0.829871304,0.824700349,0.867425098,0.838765619,0.87584894,0.856012261,0.882833828,0.845988779,0.865127126,0.790168865,0.849328177,0.833355816,0.7956609,0.841567802,0.870410315,0.858483672,0.92100009,0.800423781,0.861569881,0.894351047,0.83565029,0.83125168,0.845264479,0.704119838,0.90947821,0.815070597,0.858549377,0.855218372
0.676449987,0.75570116,0.794972578,0.801330055,0.826660211,0.816400242,0.771313758,0.759724548,0.828408886,0.805425535,0.791985024,0.840517247,1,0.845828286,0.870494261,0.729550409,0.866244775,0.712857427,0.823024954,0.691748546,0.785219314,0.77327395,0.756180201,0.738225278,0.802566486,0.760415847,0.827039402,0.78726945,0.786146864,0.724187612,0.859498827,0.637592206,0.553541344,0.917371113,0.640992724,0.791519812,0.819666913,0.87522827,0.785653699,0.898379138,0.662014367,0.816674543,0.742828893,0.87522827,0.821037898,0.796055555,0.675219077,0.791852786,0.836877293,0.747442403,0.762192755,0.784816402,0.805479368,0.79535367,0.749332822,0.736945232,0.857096565,0.760552161,0.797117063,0.838038182,0.770216614,0.84644928,0.791260459,0.840366108,0.819806749,0.797683074,0.70854258,0.893300922,0.793018464,0.844574562,0.873899349,0.833780141,0.884649114,0.87522827,0.756829022,0.89718752,0.849149566,0.883191568,0.819513237,0.75773876,0.675734978,0.814522555,0.763962928,0.779066844,0.847754962
0.754492542,0.844892959,0.874319314,0.890339919,0.828134476,0.864866804,0.861485914,0.815891342,0.90284717,0.866303128,0.872860282,0.855085637,0.845828286,1,0.878911446,0.819254332,0.793935864,0.759633291,0.882836289,0.785946095,0.851221276,0.833780603,0.830029264,0.792931797,0.852868458,0.865083002,0.89091054,0.821203229,0.881740376,0.824271779,0.839301995,0.724067385,0.650172742,0.868722223,0.730017211,0.878871791,0.749327822,0.929824153,0.872794391,0.844659719,0.750244239,0.84676576,0.825455044,0.929824153,0.865578003,0.838693784,0.775336575,0.84802277,0.831134237,0.805466967,0.784365107,0.841853439,0.862284316,0.835347412,0.806379761,0.84398301,0.878759382,0.862301962,0.872010744,0.909652201,0.855991292,0.874006977,0.879124931,0.889990538,0.839499411,0.869637863,0.80267556,0.891862179,0.874446465,0.864533325,0.817637296,0.888180753,0.813581923,0.929824153,0.819838828,0.883693225,0.902653631,0.878685505,0.881878747,0.821438583,0.770830075,0.878168639,0.81784551,0.847042518,0.892380225
0.737589345,0.814842679,0.867279719,0.860537096,0.847834035,0.860773931,0.847107888,0.836099694,0.880359242,0.853251973,0.845968378,0.85824094,0.870494261,0.878911446,1,0.817646727,0.844560812,0.7517333,0.864300639,0.753570871,0.855110156,0.820557404,0.815366397,0.780630513,0.851308105,0.827961873,0.874227355,0.823157011,0.859995436,0.774165139,0.864415811,0.704320687,0.608630527,0.879872295,0.723134646,0.852187686,0.747301697,0.92153692,0.845832399,0.853802746,0.742835372,0.857908817,0.812692351,0.92153692,0.852245124,0.842204719,0.731121342,0.86574259,0.837619438,0.792301972,0.80318416,0.857983945,0.834404361,0.856124905,0.82103212,0.817230675,0.871987772,0.838228146,0.836322222,0.878734693,0.851284496,0.85830884,0.865658943,0.874439425,0.833093638,0.859562225,0.799369354,0.890922087,0.85781163,0.831281902,0.855979875,0.866236008,0.852315506,0.92153692,0.806393506,0.89550942,0.891644798,0.878452346,0.867901002,0.801006348,0.756436883,0.860146999,0.829934183,0.849318678,0.867805509
0.688543121,0.738926349,0.857918841,0.817209755,0.798110486,0.839771364,0.834843354,0.810965041,0.836628785,0.84059576,0.795971384,0.808645535,0.729550409,0.819254332,0.817646727,1,0.716446563,0.707905796,0.827148602,0.731004038,0.84490679,0.800776536,0.828966621,0.736339724,0.84154714,0.821144664,0.86264789,0.759470064,0.883685694,0.736247707,0.781154975,0.663952264,0.556566957,0.742048136,0.660232357,0.796188927,0.618152703,0.877562678,0.821317381,0.728863347,0.726992631,0.835777308,0.845083713,0.877562678,0.782239741,0.81633644,0.695944536,0.85153156,0.764538473,0.753866923,0.771388236,0.850400056,0.771474965,0.823932357,0.879660435,0.822938033,0.814983819,0.84432651,0.776754441,0.84902534,0.850400694,0.805959581,0.907536302,0.826761712,0.742376236,0.882487255,0.877538288,0.777337852,0.828276426,0.730565572,0.751462268,0.825172601,0.761553114,0.877562678,0.747978073,0.794420926,0.864331231,0.768288717,0.775898758,0.772811545,0.697461393,0.875416322,0.807280939,0.857162823,0.781779284
0.642147809,0.700740784,0.745079091,0.74526995,0.786077733,0.792181761,0.737498932,0.73550878,0.783715223,0.784381185,0.742705107,0.813081298,0.866244775,0.793935864,0.844560812,0.716446563,1,0.658047436,0.789707995,0.657166729,0.754230999,0.731470786,0.726770676,0.696790752,0.766121427,0.703741497,0.7857359,0.738977621,0.755499867,0.659556132,0.820468915,0.576992123,0.488808467,0.840260744,0.59414542,0.744519971,0.727076848,0.827864986,0.742519935,0.816198915,0.625167464,0.790436906,0.706674463,0.827864986,0.759670702,0.764375824,0.613572546,0.75690296,0.802022163,0.691425607,0.734362828,0.753679343,0.7461637,0.75835702,0.724358644,0.68976995,0.811411388,0.721660864,0.75070842,0.785554661,0.734751871,0.810174296,0.7619284,0.803138752,0.767282007,0.781841579,0.67491359,0.826129838,0.745355003,0.762885074,0.827237846,0.783223633,0.843018139,0.827864986,0.696780693,0.841570039,0.812216344,0.806891639,0.764218972,0.710746742,0.623689866,0.788809997,0.713699101,0.762613606,0.790125448
0.790550815,0.810752281,0.811401278,0.796696648,0.762705431,0.816365587,0.798566487,0.781217899,0.792778963,0.815188797,0.772175008,0.795561305,0.712857427,0.759633291,0.7517333,0.707905796,0.658047436,1,0.774167092,0.771759732,0.79426906,0.870652983,0.827728075,0.834597265,0.79406417,0.806038043,0.786525202,0.858137746,0.77900314,0.800625002,0.722947958,0.79824539,0.735898982,0.767431295,0.759828151,0.805074991,0.711193399,0.866609342,0.789267568,0.782510585,0.779431657,0.819759826,0.801877665,0.866609342,0.795577195,0.84221462,0.809994917,0.772136879,0.803181507,0.863414084,0.814331509,0.774966604,0.824848974,0.788309627,0.745854826,0.813588248,0.736955194,0.789504153,0.76034516,0.77615795,0.774747904,0.723901823,0.774580978,0.755775551,0.763529661,0.75618348,0.780327828,0.760567555,0.793247271,0.742781303,0.729113875,0.793900609,0.72775063,0.866609342,0.83338729,0.74061687,0.754591779,0.794935307,0.789938458,0.865195543,0.784090615,0.788105815,0.784941464,0.797688953,0.773880713
0.774354109,0.826582024,0.871477563,0.869454104,0.853651706,0.87910656,0.881406437,0.843020137,0.900240806,0.885685926,0.852173816,0.877896837,0.823024954,0.882836289,0.864300639,0.827148602,0.789707995,0.774167092,1,0.817520339,0.898151053,0.847222055,0.842571338,0.814262677,0.886665622,0.862360431,0.907411841,0.852430624,0.897489882,0.829543672,0.849430961,0.724457061,0.630400741,0.839382559,0.73772527,0.860791834,0.717476363,0.931575117,0.861844506,0.816719179,0.763575358,0.867521486,0.860204659,0.931575117,0.843888777,0.855892865,0.753141332,0.86278023,0.850388513,0.835693664,0.81866313,0.864665527,0.850785935,0.854364958,0.839830213,0.845191892,0.864828448,0.87400785,0.862781669,0.882215087,0.860852986,0.870152538,0.878823689,0.889503518,0.844088046,0.874239528,0.819183971,0.855188424,0.870192808,0.804903023,0.817824579,0.879072187,0.826564879,0.931575117,0.81107888,0.854769517,0.893509673,0.840916347,0.853147624,0.823955537,0.745704348,0.874962232,0.823906548,0.85053839,0.863883963
0.804782324,0.819687176,0.790330662,0.807430018,0.718263379,0.792075676,0.851521449,0.774196682,0.820495903,0.806928529,0.783711883,0.762279262,0.691748546,0.785946095,0.753570871,0.731004038,0.657166729,0.771759732,0.817520339,1,0.814134488,0.794765605,0.785936841,0.797869234,0.786422742,0.821119291,0.787555736,0.790030592,0.818846585,0.835363336,0.701460113,0.733621857,0.694745049,0.735751252,0.752317059,0.814056246,0.635292947,0.854140199,0.810069032,0.726021269,0.762753913,0.763333679,0.807489347,0.854140199,0.760673606,0.768021679,0.761905842,0.773764898,0.742734342,0.812452236,0.741163373,0.785417923,0.791280039,0.753417306,0.735708791,0.820627478,0.740156236,0.818335752,0.833751199,0.788964774,0.79099724,0.735277062,0.785228439,0.782050671,0.765691962,0.787575675,0.784598359,0.754663379,0.802945824,0.732010761,0.698286003,0.7830476,0.695058202,0.854140199,0.775406831,0.730751849,0.772766217,0.762912139,0.786697256,0.784648194,0.753747693,0.765222798,0.737491327,0.767832555,0.786898667
0.780534064,0.824742065,0.897360238,0.863033839,0.855815402,0.875904018,0.891339573,0.883883594,0.888470257,0.878689799,0.83921444,0.856132269,0.785219314,0.851221276,0.855110156,0.84490679,0.754230999,0.79426906,0.898151053,0.814134488,1,0.852098779,0.854915231,0.816129061,0.885346227,0.866558349,0.901464776,0.855758996,0.90480535,0.819418683,0.831276041,0.757645264,0.650797375,0.811646434,0.781525459,0.864075124,0.691504033,0.931800286,0.855521473,0.798990616,0.812810539,0.869656616,0.884299412,0.931800286,0.842491644,0.859487218,0.750010853,0.888892575,0.835468036,0.847869887,0.839958717,0.88967507,0.832712257,0.888288909,0.871578213,0.863217709,0.8458108,0.889208096,0.841309322,0.865366568,0.88668597,0.841355772,0.885136027,0.861511919,0.823419652,0.882120127,0.847915046,0.826177681,0.878829259,0.760660442,0.814992461,0.869744728,0.81677071,0.931800286,0.828169783,0.827584383,0.877363786,0.819582131,0.847171848,0.825422078,0.765684964,0.862872899,0.866824413,0.85910466,0.84059039
0.79613943,0.84104079,0.861852348,0.851054643,0.831265682,0.899019506,0.851966463,0.83580477,0.868536007,0.886814759,0.820707273,0.866556828,0.77327395,0.833780603,0.820557404,0.800776536,0.731470786,0.870652983,0.847222055,0.794765605,0.852098779,1,0.882755315,0.872515394,0.858968994,0.847907333,0.86774082,0.875770117,0.851053741,0.81582962,0.789440458,0.789294875,0.700681507,0.814296159,0.758540255,0.860264947,0.714972378,0.923314547,0.844509195,0.809373149,0.793364039,0.875394611,0.852610771,0.923314547,0.843342959,0.908372604,0.811154279,0.840025993,0.859592848,0.877597546,0.860771759,0.841536733,0.843852957,0.853858904,0.820823141,0.854402976,0.815408493,0.858643194,0.815092139,0.847482786,0.836229617,0.810737642,0.846950273,0.833850965,0.823822182,0.842736462,0.833167139,0.817195509,0.847769039,0.78081439,0.78987108,0.867594457,0.790721073,0.923314547,0.856417578,0.801444461,0.844876957,0.832929488,0.84284624,0.892431305,0.790231482,0.882285824,0.836136503,0.863571591,0.832575875
0.774050993,0.826370128,0.870172,0.837335003,0.843750725,0.894609085,0.840730755,0.832392191,0.857276888,0.884177007,0.801662406,0.870661618,0.756180201,0.830029264,0.815366397,0.828966621,0.726770676,0.827728075,0.842571338,0.785936841,0.854915231,0.882755315,1,0.840188024,0.85458905,0.852252795,0.871949604,0.872648913,0.868919774,0.785047008,0.799416045,0.767458371,0.653586994,0.790641498,0.728645711,0.850330771,0.679127275,0.915808247,0.855139104,0.780639291,0.766025526,0.9053912,0.866865396,0.915808247,0.831533884,0.896102206,0.761558733,0.856772698,0.832774844,0.849688349,0.861324148,0.840407157,0.829454825,0.857158138,0.832337306,0.843321305,0.824337825,0.855094163,0.801473698,0.849255407,0.860979515,0.816721249,0.867339889,0.842777535,0.816014265,0.858196429,0.841655728,0.803938959,0.849123314,0.743185695,0.769090362,0.850698798,0.786115534,0.915808247,0.840725516,0.812317955,0.859646632,0.812127302,0.811021995,0.886888625,0.758399101,0.896331398,0.818746122,0.861813048,0.810844108
0.796022732,0.813890204,0.808066684,0.812909035,0.771086382,0.837042695,0.827642196,0.800582702,0.833224523,0.848780376,0.793407581,0.826672926,0.738225278,0.792931797,0.780630513,0.736339724,0.696790752,0.834597265,0.814262677,0.797869234,0.816129061,0.872515394,0.840188024,1,0.814780659,0.812002852,0.812790553,0.832782091,0.804691118,0.808302291,0.746108361,0.778741824,0.718075652,0.793889496,0.757042875,0.829095851,0.686930497,0.884645996,0.810138797,0.787534037,0.773833997,0.819931199,0.81023056,0.884645996,0.811598994,0.840304391,0.816479758,0.783080629,0.837781792,0.840372628,0.818378147,0.802989184,0.82059508,0.796111203,0.755049163,0.824113929,0.778893059,0.815891632,0.798830636,0.808409814,0.797391083,0.775967851,0.782848716,0.782945507,0.809144569,0.786139346,0.782538197,0.791639944,0.811044853,0.767252841,0.76334858,0.825572647,0.755885462,0.884645996,0.817508109,0.765159319,0.797760159,0.802787189,0.815743424,0.857928164,0.78061666,0.812126175,0.789430386,0.79779407,0.811076366
0.748104317,0.823709613,0.873516499,0.851179515,0.863990168,0.873427644,0.87191715,0.867726939,0.878666414,0.87876897,0.833294451,0.867883829,0.802566486,0.852868458,0.851308105,0.84154714,0.766121427,0.79406417,0.886665622,0.786422742,0.885346227,0.858968994,0.85458905,0.814780659,1,0.849484012,0.900485952,0.863657357,0.882245742,0.792615841,0.839093014,0.745048758,0.62891523,0.831963178,0.745237357,0.863385296,0.720101469,0.928890728,0.857408832,0.813104427,0.781587807,0.876930416,0.883652418,0.928890728,0.859725116,0.86373106,0.735485218,0.88226644,0.853065448,0.8479022,0.846722552,0.872247505,0.830360589,0.880966899,0.855025447,0.837766487,0.855434193,0.859676248,0.811980979,0.868438629,0.856719081,0.855477057,0.869998464,0.853424465,0.835118352,0.859330194,0.83397948,0.837416829,0.867714451,0.783170673,0.835891443,0.870049688,0.834667585,0.928890728,0.822611237,0.841852056,0.881811671,0.838278255,0.850154845,0.838850094,0.758190915,0.881666269,0.85788173,0.857430787,0.850237917
0.789110056,0.878608246,0.886920308,0.910121028,0.799953964,0.837903407,0.876250408,0.828423869,0.887230888,0.846066686,0.857398353,0.806569032,0.760415847,0.865083002,0.827961873,0.821144664,0.703741497,0.806038043,0.862360431,0.821119291,0.866558349,0.847907333,0.852252795,0.812002852,0.849484012,1,0.875441505,0.838040978,0.890926901,0.866565213,0.785052671,0.813084275,0.737609827,0.806781169,0.800134925,0.88632123,0.697850871,0.925078435,0.884887968,0.800170741,0.814966269,0.836482019,0.878101411,0.925078435,0.852364732,0.837338766,0.818510878,0.852978344,0.785324975,0.853862394,0.784806067,0.844867614,0.855783902,0.835087327,0.810599329,0.884583946,0.819289131,0.889189493,0.859565926,0.876166539,0.866635072,0.806467567,0.878063011,0.850517475,0.810182957,0.863310668,0.845458794,0.837753838,0.885016691,0.800550453,0.761349519,0.87038178,0.753902971,0.925078435,0.867404242,0.820352234,0.856716942,0.838738284,0.870207865,0.850310432,0.821716838,0.847833918,0.840751491,0.836944058,0.862153797
0.744558104,0.835335904,0.892669462,0.887360371,0.901287334,0.900563369,0.87159292,0.852325155,0.911331261,0.900615707,0.853937266,0.892251743,0.827039402,0.89091054,0.874227355,0.86264789,0.7857359,0.786525202,0.907411841,0.787555736,0.901464776,0.86774082,0.871949604,0.812790553,0.900485952,0.875441505,1,0.865144585,0.913483847,0.809311159,0.869401506,0.740804298,0.62059405,0.849098327,0.733759681,0.87636172,0.71863963,0.945950953,0.868025842,0.829217577,0.754799625,0.896109887,0.874236471,0.945950953,0.876811332,0.880432719,0.752499179,0.893995054,0.867970402,0.855811669,0.843910919,0.8687118,0.843310142,0.89399464,0.859278093,0.849128847,0.898035699,0.88948797,0.837981098,0.908930449,0.886233575,0.895505129,0.896363185,0.896827601,0.848987492,0.895857602,0.831675999,0.866897638,0.878567852,0.796274023,0.838109406,0.906990628,0.846647344,0.945950953,0.834268313,0.875880813,0.926592577,0.85276898,0.862435834,0.838734691,0.753779275,0.917425976,0.861271971,0.878227139,0.876793949
0.77181023,0.859721192,0.863301055,0.833269935,0.878949966,0.870807699,0.840009195,0.843186847,0.850745285,0.862697764,0.792971108,0.861411023,0.78726945,0.821203229,0.823157011,0.759470064,0.738977621,0.858137746,0.852430624,0.790030592,0.855758996,0.875770117,0.872648913,0.832782091,0.863657357,0.838040978,0.865144585,1,0.829554828,0.805458905,0.825484332,0.797735477,0.68019199,0.831677655,0.766199785,0.861649345,0.731268775,0.919590196,0.8535801,0.820541636,0.781187747,0.883088151,0.853870388,0.919590196,0.856313544,0.88525246,0.746358983,0.860820218,0.859404172,0.901227676,0.881119884,0.844723046,0.849141558,0.881437332,0.820239199,0.834623956,0.826575306,0.837723412,0.794254731,0.832387822,0.842097146,0.821287528,0.821011644,0.827738184,0.850822004,0.814851272,0.800528792,0.815588742,0.848440941,0.751037545,0.8116456,0.854740746,0.820646372,0.919590196,0.869953498,0.819169244,0.842330929,0.829402172,0.836241953,0.869260095,0.777085667,0.853456768,0.834887249,0.836290705,0.831288531
0.756015067,0.829859315,0.893013381,0.88274683,0.837747542,0.882614767,0.898407578,0.850130429,0.90548322,0.887676227,0.850958452,0.853527728,0.786146864,0.881740376,0.859995436,0.883685694,0.755499867,0.77900314,0.897489882,0.818846585,0.90480535,0.851053741,0.868919774,0.804691118,0.882245742,0.890926901,0.913483847,0.829554828,1,0.825471955,0.820964676,0.734814081,0.636502863,0.810309656,0.748361543,0.871522549,0.686964501,0.933422956,0.881378165,0.788540554,0.778592735,0.86525046,0.881249658,0.933422956,0.848483155,0.859044514,0.770697929,0.885782475,0.820934117,0.830248984,0.807726682,0.870202227,0.837577689,0.861178422,0.858778404,0.872053862,0.860176593,0.889875445,0.850087699,0.896170655,0.890084699,0.853242393,0.9071454,0.877533776,0.815302584,0.90107449,0.870917589,0.840244056,0.882028475,0.787295491,0.794366569,0.875362695,0.798932651,0.933422956,0.81422798,0.841670713,0.905278178,0.827458578,0.855250274,0.831454037,0.766190995,0.887426058,0.841229464,0.872807922,0.853264589
0.794908821,0.83909135,0.813108569,0.856410942,0.725816778,0.79061604,0.85563619,0.775541586,0.848476431,0.804132557,0.825881778,0.757048528,0.724187612,0.824271779,0.774165139,0.736247707,0.659556132,0.800625002,0.829543672,0.835363336,0.819418683,0.81582962,0.785047008,0.808302291,0.792615841,0.866565213,0.809311159,0.805458905,0.825471955,1,0.70142725,0.792667424,0.781768106,0.779500659,0.793596322,0.841825762,0.692414356,0.877239938,0.817694873,0.772709764,0.800458137,0.761852489,0.798761451,0.877239938,0.797864897,0.781026313,0.856849771,0.769218775,0.756479833,0.838466456,0.721571635,0.78100507,0.851625682,0.748372357,0.732425316,0.842962446,0.763545522,0.836689295,0.853864021,0.830435418,0.798911953,0.751148559,0.807078961,0.796185846,0.773161866,0.783002478,0.781991664,0.802144976,0.829222435,0.80925482,0.705759814,0.807265425,0.689343124,0.877239938,0.81365475,0.760562333,0.784695515,0.81204939,0.832473237,0.817725274,0.819713316,0.784600483,0.763083016,0.782148408,0.817030578
0.694624741,0.779893841,0.848368688,0.812065667,0.882553175,0.837485454,0.79636539,0.810363557,0.8493777,0.832792836,0.803168917,0.863381915,0.859498827,0.839301995,0.864415811,0.781154975,0.820468915,0.722947958,0.849430961,0.701460113,0.831276041,0.789440458,0.799416045,0.746108361,0.839093014,0.785052671,0.869401506,0.825484332,0.820964676,0.70142725,1,0.669464086,0.543207207,0.871310209,0.664346447,0.810782397,0.755171937,0.896731544,0.819179954,0.845729214,0.685850488,0.867550706,0.799706198,0.896731544,0.844552924,0.833133403,0.655167336,0.858135038,0.8502834,0.775345117,0.819244183,0.847610754,0.805897931,0.863989321,0.819198591,0.767766391,0.881592837,0.803513014,0.77894204,0.84697961,0.828061858,0.869045591,0.831589597,0.856887626,0.838681924,0.831324741,0.75582617,0.858156265,0.830757781,0.77345387,0.88584751,0.849313305,0.899325506,0.896731544,0.780682416,0.881386885,0.880549231,0.837510072,0.8216028,0.779630157,0.676404163,0.845766352,0.823390724,0.809758191,0.850210139
0.758311221,0.838864014,0.791039018,0.792673332,0.701661012,0.718481961,0.765226932,0.762562704,0.766423731,0.722473758,0.749699695,0.6819739,0.637592206,0.724067385,0.704320687,0.663952264,0.576992123,0.79824539,0.724457061,0.733621857,0.757645264,0.789294875,0.767458371,0.778741824,0.745048758,0.813084275,0.740804298,0.797735477,0.734814081,0.792667424,0.669464086,1,0.843966921,0.720546327,0.807042129,0.816301191,0.648267055,0.828174061,0.781574855,0.733085886,0.802316513,0.738946584,0.776971806,0.828174061,0.79165318,0.757053728,0.788451491,0.746863118,0.70063891,0.827973561,0.735355308,0.755396966,0.782715147,0.76345389,0.708197762,0.808310295,0.690287842,0.812484042,0.724858856,0.738184822,0.767867163,0.677375121,0.730565485,0.696393038,0.739209921,0.70900273,0.749866781,0.727316616,0.792467211,0.685169063,0.675769561,0.769733671,0.657219734,0.828174061,0.859889593,0.690694339,0.706518166,0.750400774,0.786088242,0.809056259,0.833310836,0.712873124,0.78063085,0.726247637,0.74041761
0.71935523,0.767420139,0.682000261,0.723717731,0.563156724,0.609131585,0.691988186,0.651159684,0.680220978,0.622952797,0.694513817,0.571966139,0.553541344,0.650172742,0.608630527,0.556566957,0.488808467,0.735898982,0.630400741,0.694745049,0.650797375,0.700681507,0.653586994,0.718075652,0.62891523,0.737609827,0.62059405,0.68019199,0.636502863,0.781768106,0.543207207,0.843966921,1,0.650004737,0.770761223,0.733710782,0.593738012,0.731962083,0.679612105,0.666900464,0.744868491,0.616740122,0.666407553,0.731962083,0.692537082,0.640790446,0.798463845,0.614100198,0.603752679,0.737193416,0.604149073,0.647726211,0.730152798,0.621972138,0.581202762,0.735565198,0.579052376,0.709468737,0.68865643,0.650716044,0.652731431,0.566215683,0.63504225,0.599841512,0.634518569,0.606954426,0.66002874,0.662464436,0.695617568,0.667563767,0.570892384,0.672457088,0.5388647,0.731962083,0.770853888,0.592199056,0.590720931,0.689004591,0.723705706,0.73314124,0.818365794,0.600124436,0.67212324,0.617830605,0.679253869
0.729754103,0.823198658,0.833865508,0.843246257,0.839908793,0.830232335,0.813262004,0.799604714,0.863251997,0.828794801,0.82891783,0.848579017,0.917371113,0.868722223,0.879872295,0.742048136,0.840260744,0.767431295,0.839382559,0.735751252,0.811646434,0.814296159,0.790641498,0.793889496,0.831963178,0.806781169,0.849098327,0.831677655,0.810309656,0.779500659,0.871310209,0.720546327,0.650004737,1,0.716845196,0.844420982,0.841125285,0.912316182,0.825808895,0.927574728,0.721069989,0.839581127,0.786074258,0.912316182,0.868922086,0.828292537,0.752497432,0.821993518,0.862075396,0.807069957,0.794344867,0.820306823,0.846866413,0.824945899,0.768212772,0.786090798,0.872744651,0.802872195,0.827313049,0.862616383,0.810463051,0.858363089,0.80991833,0.848599644,0.854931406,0.806757146,0.744382571,0.922289858,0.829557822,0.86843459,0.884866307,0.861015137,0.890502752,0.912316182,0.822220243,0.912235438,0.864579588,0.916344426,0.86988741,0.812322172,0.754764625,0.830113636,0.807098088,0.807831703,0.884442573
0.757080948,0.82325216,0.785578472,0.786964963,0.682059903,0.709546066,0.807546212,0.786501768,0.780983933,0.719471479,0.75540523,0.681179027,0.640992724,0.730017211,0.723134646,0.660232357,0.59414542,0.759828151,0.73772527,0.752317059,0.781525459,0.758540255,0.728645711,0.757042875,0.745237357,0.800134925,0.733759681,0.766199785,0.748361543,0.793596322,0.664346447,0.807042129,0.770761223,0.716845196,1,0.829432208,0.639014076,0.823552325,0.77790679,0.711245615,0.829224564,0.707455864,0.765571597,0.823552325,0.797466321,0.728128909,0.775804613,0.755908056,0.701136065,0.786779073,0.713347836,0.771429932,0.772558072,0.762977097,0.707084845,0.797386468,0.694247368,0.787898327,0.748416861,0.745005774,0.771722686,0.681805076,0.725857198,0.697416504,0.733834329,0.703702313,0.728791768,0.718327563,0.793658078,0.697751727,0.689349409,0.746171421,0.653541251,0.823552325,0.806711857,0.67953179,0.712050627,0.73681474,0.825679027,0.777997817,0.852048914,0.697188054,0.791006992,0.713812857,0.751947422
0.790246695,0.910679601,0.881206386,0.895055412,0.828555937,0.859613615,0.88216858,0.854575881,0.900882848,0.860222139,0.852009801,0.834566622,0.791519812,0.878871791,0.852187686,0.796188927,0.744519971,0.805074991,0.860791834,0.814056246,0.864075124,0.860264947,0.850330771,0.829095851,0.863385296,0.88632123,0.87636172,0.861649345,0.871522549,0.841825762,0.810782397,0.816301191,0.733710782,0.844420982,0.829432208,1,0.726746143,0.938542148,0.893382952,0.824818276,0.810961438,0.843095936,0.858118145,0.938542148,0.897853039,0.853064667,0.796938507,0.872773054,0.827334433,0.864603087,0.820023738,0.861395394,0.858091298,0.877723218,0.820392193,0.872824817,0.84226955,0.880412829,0.851186706,0.884838594,0.875999634,0.841763777,0.852809554,0.857889769,0.847646687,0.843712443,0.824209606,0.85859754,0.888114374,0.806139183,0.81287357,0.895023635,0.797636756,0.938542148,0.883301722,0.837693294,0.873922885,0.856231266,0.917631405,0.856791249,0.863924197,0.85494432,0.861855089,0.841171308,0.887315622
0.636114066,0.717134379,0.719873366,0.723759421,0.72460101,0.718425766,0.700528771,0.69463014,0.744916358,0.702499807,0.717921584,0.729228027,0.819666913,0.749327822,0.747301697,0.618152703,0.727076848,0.711193399,0.717476363,0.635292947,0.691504033,0.714972378,0.679127275,0.686930497,0.720101469,0.697850871,0.71863963,0.731268775,0.686964501,0.692414356,0.755171937,0.648267055,0.593738012,0.841125285,0.639014076,0.726746143,1,0.795507305,0.716196832,0.833311754,0.64942098,0.724698823,0.677906232,0.795507305,0.765423766,0.719985907,0.67932425,0.703938012,0.755214986,0.716047941,0.696450683,0.703559869,0.749892307,0.708318727,0.66581243,0.676619426,0.750350848,0.672889603,0.714406219,0.746539622,0.697500561,0.72884778,0.693973783,0.721868249,0.74019096,0.675355127,0.644959768,0.791811413,0.706606604,0.822608912,0.784718641,0.738251974,0.793979503,0.795507305,0.729592629,0.775374066,0.72872278,0.801390055,0.762742511,0.726032651,0.674835725,0.705896394,0.705706862,0.684728527,0.77226427
0.83739894,0.911532879,0.944968003,0.934145241,0.90690866,0.932474008,0.92922568,0.909711278,0.951960092,0.931857682,0.906804022,0.92100009,0.87522827,0.929824153,0.92153692,0.877562678,0.827864986,0.866609342,0.931575117,0.854140199,0.931800286,0.923314547,0.915808247,0.884645996,0.928890728,0.925078435,0.945950953,0.919590196,0.933422956,0.877239938,0.896731544,0.828174061,0.731962083,0.912316182,0.823552325,0.938542148,0.795507305,1,0.92826024,0.897374856,0.84579467,0.930895032,0.916634285,1,0.931017573,0.926542202,0.837219657,0.928929528,0.907046281,0.908134351,0.890315583,0.926249751,0.918603177,0.927924369,0.893874798,0.91600704,0.920715715,0.929439371,0.904375087,0.943538454,0.926579473,0.911719347,0.932351734,0.926518891,0.906377279,0.921629321,0.887672636,0.920204295,0.933812002,0.870928897,0.885987592,0.939376079,0.884338402,1,0.908627499,0.912442172,0.943685332,0.919561644,0.930899543,0.912268703,0.847901817,0.932783508,0.90862516,0.91514691,0.927306515
0.78296456,0.877660305,0.876835134,0.890262586,0.826837417,0.85142868,0.875270659,0.84376107,0.894571122,0.853516176,0.833617298,0.832117339,0.785653699,0.872794391,0.845832399,0.821317381,0.742519935,0.789267568,0.861844506,0.810069032,0.855521473,0.844509195,0.855139104,0.810138797,0.857408832,0.884887968,0.868025842,0.8535801,0.881378165,0.817694873,0.819179954,0.781574855,0.679612105,0.825808895,0.77790679,0.893382952,0.716196832,0.92826024,1,0.804599041,0.791621803,0.847449867,0.861493709,0.92826024,0.862829646,0.847621164,0.77627897,0.880356244,0.815664104,0.844081242,0.817516828,0.86340508,0.85129751,0.853208535,0.822166868,0.857266713,0.847819678,0.867536079,0.845875156,0.876699238,0.873842854,0.834836622,0.872555792,0.856095933,0.847620157,0.852047667,0.830718342,0.838065857,0.878952651,0.801713304,0.799725409,0.869114243,0.798158497,0.92826024,0.860851644,0.835483726,0.880986938,0.836989018,0.880526933,0.848651063,0.798595827,0.856583581,0.832682787,0.837111007,0.875004957
