1	0.500854404913266	0.54759210468294	0.590003881050238	0.559434851358003	0.490799187834482	0.558757729260612	0.54855591491706	0.615839526165093	0.616656668958008	0.609659855379862	0.528492670217758	0.592345934811388	0.56773597447349	0.546351780431329	0.640910951779926	0.533959389133886	0.524551005268647	0.565026779213137	0.634167862083109	0.586872114486985	0.549095144497332	0.504964437954111	0.541866930827893	0.628827701166333	0.538295911896623	0.542300758174741	0.588468289280817	0.537428468477587	0.543491076381523	0.555245857776874	0.580210672868227	0.589743208016242	0.53385451114941	0.57792609490089	0.502116585630352	0.504587264845309	0.506981540950289	0.557953859506086	0.540850125523335	0.555461515501681	0.564103821622689	0.542709307366359	0.579231271953076	0.554059395639085	0.556820690763144	0.54215675326988	0.536188235261088	0.571344252933404	0.562393581247607	0.533096580296087	0.6083569916551	0.561663851056559	0.606329352550247	0.549376705123249	0.526031898524839	0.582157071519687	0.630388177010461	0.566689516805539	0.565547957664413	0.54618684325539	0.565801526054013	0.529007958247227	0.543026681964877	0.563127357768481	0.586552501201981	0.575337803724296	0.55300962065168	0.563529777630384	0.642786649650031	0.58295247074738	0.491827419363953	0.549552061854436	-8.44664578503185e-07	0.643030429572314	0.587732297623734	0.481264587128305	0.524101257766644	0.625017393905755	0.564821649795454	0.567144559849093	0.7275477222584	0.566543674766662	0.557800528929328	0.558199143091552
0.500854404913266	1	0.633106352684514	0.50381196368077	0.598190242395971	0.727377102403602	0.549098405977589	0.533090334499409	0.506201695189733	0.515954189407046	0.539055651792506	0.58939778680053	0.461476849445046	0.551096067557709	0.658553606618089	0.51267749610681	0.614352973387153	0.619258572140046	0.636100667829567	0.528469934389494	0.51027275017476	0.543823495908051	0.701361881236104	0.536817662752934	0.491067134474506	0.575688006856364	0.603157381698248	0.507661218843347	0.576903419152192	0.603008354755214	0.58905099986786	0.60771040757674	0.468429167676976	0.568572094316323	0.514436680158238	0.724743000654323	0.703193891004881	0.69772812567594	0.53416260446278	0.598582050267755	0.502306253714461	0.569211534192308	0.563053787153653	0.534613846715211	0.565287614283846	0.591708472204297	0.53617918092787	0.554017723821799	0.575808368610842	0.496174482038893	0.518991700916359	0.491694234116256	0.550263883189564	0.533192274692873	0.53065154995518	0.633606813881721	0.527480905325015	0.530891936712568	0.516498091362074	0.571215003061805	0.583575628945799	0.555151881539853	0.618713345955607	0.514186219955505	0.581334399882003	0.55654241794267	0.598281462819884	0.59729925059342	0.531639836763463	0.542633313352407	0.528387999829716	0.681079263335334	0.53704424260856	-8.44664578503185e-07	0.509723375379272	0.504663204385907	0.656009048682783	0.542452327478102	0.499976130471372	0.501752589079235	0.563255643880081	0.475257924158749	0.567536871105803	0.595627836603513	0.549711122934783
0.54759210468294	0.633106352684514	1	0.561417273464036	0.585018120799834	0.617112276797973	0.585597783957298	0.523124159673093	0.529085131400572	0.561691389950424	0.603742798476404	0.559672491562187	0.523807341533891	0.535728947566512	0.678668492374803	0.586704299626309	0.615455628533393	0.58387164476343	0.649421063167128	0.595411818354728	0.532499857877864	0.53902114774448	0.638351102698736	0.549000285738867	0.571974503808657	0.601712906720266	0.604908553409668	0.553117459545112	0.56175925739888	0.589395834540346	0.590521401118023	0.599692078953333	0.519898096266326	0.555783811295021	0.56102954634302	0.628403784404781	0.593084889392903	0.627835316356178	0.533223464760934	0.57060593451029	0.512953156621154	0.575327115320827	0.57346859371883	0.561000225116364	0.599871384827634	0.620227202234866	0.542917945771513	0.514795832089336	0.566584904785416	0.500985071348455	0.501301690061762	0.540172491670773	0.555855284506415	0.550486482526009	0.493781112500306	0.60448928882731	0.498932326529225	0.590389813019274	0.528489469783161	0.555983367355046	0.574416593764897	0.55386229994408	0.600157222173227	0.499291627669553	0.557578408718716	0.560579410765832	0.565301404428927	0.569966255943299	0.526559724158843	0.598494228332709	0.569513073036357	0.58795946904801	0.507477932620654	-8.44664578503185e-07	0.562163762955437	0.524614552959939	0.561112720314685	0.499737945581056	0.523306614117521	0.528471496185416	0.586258373072699	0.504371811842915	0.591417069901054	0.584747195121353	0.579239735011312
0.590003881050238	0.50381196368077	0.561417273464036	1	0.541782162589309	0.505284516524624	0.624262160708092	0.578030933479852	0.633516084810707	0.627955737243451	0.678233890636795	0.5837613986515	0.721013942418343	0.539806712790771	0.513755284600231	0.654362985378859	0.593498939272506	0.594620331618403	0.528942488553021	0.630092531283222	0.660709185260696	0.573908830484579	0.553961800091779	0.625303767616155	0.663919596947297	0.618279523771857	0.573568073924902	0.675852803625991	0.618950463496319	0.543852636550518	0.632811115596547	0.599783611153908	0.667858053033943	0.619554436878072	0.636470541151435	0.510440467513224	0.540527872934912	0.55562283513923	0.575745439079833	0.530923601547835	0.609552227036173	0.610115802161417	0.564032816413717	0.543828837441337	0.61548221503085	0.551901840938957	0.624157444544878	0.577980500872457	0.532555183225671	0.596892221910444	0.526394361687434	0.650089352690976	0.589239134593479	0.602302940485735	0.534877024276278	0.53788123394166	0.567563239096097	0.613992939998613	0.548224267161266	0.571334863018482	0.619527993223653	0.610625368204863	0.568408382641216	0.557703090554603	0.552433921180612	0.587160405662481	0.560898773199359	0.582995205027536	0.626158607210214	0.593399748179467	0.634178394651917	0.461869060606937	0.567118985770757	-8.44664578503185e-07	0.619538265272954	0.653882503489263	0.528658657577798	0.568730967398212	0.546426980881734	0.591195815797563	0.605299088691588	0.593060808879318	0.610649326748085	0.534949081485221	0.614436285166719
0.559434851358003	0.598190242395971	0.585018120799834	0.541782162589309	1	0.579616462581366	0.524592455319482	0.549289015891741	0.562115021483188	0.580514635314835	0.596597136486669	0.617720995314559	0.508487518775329	0.567291430657757	0.552401984238233	0.568040055970543	0.668290303174142	0.610082301333831	0.583787650734762	0.590414659184406	0.573240606255942	0.523148140973152	0.574113029117272	0.540264996603532	0.53391032711072	0.599896849123568	0.671077703761957	0.523282194867483	0.670978342948645	0.647909289669511	0.652062982274711	0.57051786932246	0.531367299277802	0.557785512702803	0.575374709199295	0.576050889744477	0.583277164857434	0.595331849753273	0.519025672814241	0.544755041894319	0.519637756436558	0.619129320381272	0.537923344429013	0.514704301137642	0.577310131259956	0.573762407927312	0.572239040703945	0.562298601087792	0.569227235927443	0.519413900244425	0.519381176586687	0.53779923343104	0.537494140624231	0.557926185378019	0.515069099558809	0.531370394529271	0.596281051236703	0.586065202550615	0.565815796793208	0.626313331203369	0.597217768746566	0.588701451047639	0.630566258261817	0.53720726171293	0.582356847524403	0.631512734234549	0.643242728804098	0.579072489080734	0.521163140176053	0.613323471279245	0.596141914035654	0.576485315415157	0.533974746463343	-8.44664578503185e-07	0.547714477557011	0.588224577869802	0.58493751294698	0.54060645441051	0.58903845964528	0.489853932684264	0.553187047951461	0.536600847226755	0.585425159421942	0.862630811093795	0.54567895508622
0.490799187834482	0.727377102403602	0.617112276797973	0.505284516524624	0.579616462581366	1	0.535481137269014	0.507407504689554	0.491005980234931	0.494389105587927	0.521722345347802	0.579941363807507	0.471954960196825	0.521233621001202	0.656802769884036	0.501066538401518	0.610896680516876	0.612709463725631	0.640422034024005	0.524769555975877	0.507789347675873	0.546502276620316	0.681766268821456	0.533448635764257	0.490533681089062	0.576932394176836	0.604946276897335	0.518864832187851	0.580221216842833	0.595638945189961	0.591155257210595	0.621895421079635	0.45704719682898	0.558241506559842	0.495797940790404	0.705426476578137	0.689980500757877	0.672997787034925	0.52533619130678	0.585658852776575	0.493332942365565	0.554766125224298	0.561668997480382	0.524803865221995	0.54591672500353	0.585010374907045	0.516088102905678	0.53960998925958	0.554101929880504	0.480320438230546	0.497922188382542	0.472710450498983	0.540755884530206	0.524261101149119	0.512312660735952	0.666799202369161	0.497808669680044	0.512269553678745	0.480668580409111	0.535055289385148	0.561572376069115	0.550061113189286	0.589009161553333	0.473195502625031	0.549495149558576	0.532115789515995	0.572503551934433	0.585071440332121	0.520500546752658	0.528579847526017	0.516517272133142	0.668792059881342	0.52394361567601	-8.44664578503185e-07	0.504364184740376	0.485728885213679	0.655346109112648	0.51281819425127	0.473944746065889	0.478327617863753	0.567030553806351	0.470468168406789	0.556469929480023	0.576465059859188	0.55165872236163
0.558757729260612	0.549098405977589	0.585597783957298	0.624262160708092	0.524592455319482	0.535481137269014	1	0.663806654145981	0.549634373144688	0.564573972925318	0.596040217463482	0.584257550632525	0.583042996898933	0.606300085020883	0.568652583091747	0.567064517206177	0.572518828014399	0.557482501191311	0.545793371952563	0.575390332241646	0.563749025007997	0.681856096127346	0.565773274344048	0.687947027454592	0.588903327938415	0.608633408493068	0.564963438372398	0.609071940346399	0.551258060538586	0.566508273048583	0.575679153435396	0.555674473313203	0.555275301515736	0.589931610873127	0.589615280287077	0.551316006041085	0.553362994095741	0.54935899967095	0.654497890343529	0.658846645788465	0.693558852600137	0.57145213424035	0.702810268293989	0.64928489921958	0.569909561239735	0.630780478003987	0.563774355505009	0.558792637316334	0.636507600968087	0.576525345184764	0.63337827395993	0.603893298811311	0.703759302543065	0.592052357570813	0.624265637510717	0.5606593624263	0.512210469738602	0.570582802430143	0.562603847412716	0.553590958629153	0.572609938586214	0.547982752804816	0.548202859732008	0.545837935872199	0.594085808581141	0.549211746999786	0.518252840759525	0.59639693814865	0.636603544781743	0.585702844999507	0.55236038609273	0.513872570642409	0.657240282634301	-8.44664578503185e-07	0.58738364593937	0.560161001725938	0.525631312865224	0.578696988469785	0.514338241467858	0.609974554069177	0.596217753626052	0.54096459915347	0.621019387501319	0.524562275447018	0.691848819530817
0.54855591491706	0.533090334499409	0.523124159673093	0.578030933479852	0.549289015891741	0.507407504689554	0.663806654145981	1	0.567596367044922	0.551150376358367	0.566372719648158	0.603366573017045	0.546310769193753	0.622573735617089	0.512878733360187	0.54259469359484	0.546640466572095	0.553406516923208	0.501495502363974	0.529270831652862	0.558489530486594	0.636832088148762	0.533225238312108	0.660937124553461	0.543702489290896	0.564744253581551	0.536982281591855	0.564831734284078	0.559409797687761	0.559852550542562	0.547498518434302	0.513114770493279	0.568784090914306	0.568053658390321	0.568062189388653	0.528708407479368	0.548060166469045	0.538888822843064	0.627229584464774	0.6199539945146	0.679689096687527	0.566268918051476	0.650070562030883	0.610843945798572	0.563932051282522	0.576177738816363	0.57598070294396	0.597517169524587	0.629025441932842	0.580138883078837	0.653480078513913	0.590601550932007	0.656199216482285	0.580748305758285	0.645129020670517	0.516673923203849	0.563939132713919	0.541782920174211	0.585902638815856	0.585526146932778	0.559931298576374	0.559079518382044	0.546915728518451	0.592453985694579	0.590450945753993	0.566567283360803	0.541949903395607	0.574073443624355	0.596731107018316	0.548072910421269	0.555628566451973	0.522382238038518	0.672206148270092	-8.44664578503185e-07	0.545790247417238	0.582677916680842	0.543936723419445	0.635551572530552	0.546545207571409	0.595915517476018	0.563415894666792	0.553719050305045	0.578165092561334	0.547653209365474	0.626920320240632
0.615839526165093	0.506201695189733	0.529085131400572	0.633516084810707	0.562115021483188	0.491005980234931	0.549634373144688	0.567596367044922	1	0.632462654071725	0.608493794308652	0.548148655912739	0.62612934316334	0.573555633119225	0.517549869185508	0.647521234715498	0.556205580151058	0.568884784901806	0.539923057649572	0.632692003174647	0.659481964550673	0.555720230342703	0.521801565743671	0.565864623977785	0.616601544857886	0.565921087907802	0.558395770133166	0.603447749190555	0.586879652329256	0.551994123397948	0.588438235252909	0.581572013518111	0.613366041196535	0.585830463910928	0.613292026099116	0.497038301254676	0.52132525000297	0.533509095397223	0.585749612325926	0.532921683907433	0.561521486983546	0.637079389875771	0.544012171692921	0.539940962361634	0.584544031065684	0.534573662767036	0.593035396211381	0.606730271016508	0.54922257677583	0.642964474937552	0.533550158685346	0.630711120064667	0.547211093198602	0.606613284807578	0.559541380430953	0.52252006832761	0.607216015819086	0.599860592533923	0.556863420378864	0.586767472286937	0.595294270640321	0.601052167794975	0.564372468265847	0.571452293568104	0.538338977988453	0.619094552169021	0.5934668062381	0.549105616071689	0.578024477743351	0.596820862606844	0.609844414131502	0.471492634305757	0.55285423584796	-8.44664578503185e-07	0.645380276616132	0.611997418837465	0.509395098393954	0.56328075178889	0.622401373309464	0.578762936359258	0.608841436502098	0.613937590271179	0.595949834936327	0.562990682105452	0.558337965484699
0.616656668958008	0.515954189407046	0.561691389950424	0.627955737243451	0.580514635314835	0.494389105587927	0.564573972925318	0.551150376358367	0.632462654071725	1	0.652725036170364	0.554893421147035	0.605254568203416	0.565196142209036	0.529166797663117	0.619413425550425	0.577788860150177	0.567592451720638	0.530288428285107	0.649224607693651	0.626284735163265	0.554233366216915	0.53947487804886	0.571342490123967	0.615081323939192	0.587307287646903	0.57464848488998	0.613313890107353	0.592886464496986	0.545212396007608	0.602368558550214	0.573588144087722	0.591403256382155	0.585614875789342	0.623261137778709	0.513901416599643	0.520389757688121	0.546373236813148	0.552792745424585	0.517171259854939	0.572387446648152	0.606932657232477	0.551421634997253	0.542454644945443	0.579358585325916	0.560562351838089	0.597776744391952	0.568435028996353	0.552293533292761	0.591690447749184	0.517282606757873	0.613123005697782	0.549869726661294	0.560024279971414	0.529789398495597	0.503099917902074	0.584129595510877	0.616498604762994	0.576256693322747	0.593805170971562	0.590510267207383	0.588649841785428	0.570330685216931	0.564115279783929	0.573901544185223	0.626882810981495	0.589993865761472	0.566918905864733	0.56785929977591	0.636621530915143	0.612773188359681	0.484963564805358	0.531011523926796	-8.44664578503185e-07	0.634027837012906	0.606662239257691	0.506862593657215	0.560473615027737	0.608649442010597	0.57033643474332	0.57385319265834	0.595247798373633	0.611455963550687	0.575956286933388	0.575694016467935
0.609659855379862	0.539055651792506	0.603742798476404	0.678233890636795	0.596597136486669	0.521722345347802	0.596040217463482	0.566372719648158	0.608493794308652	0.652725036170364	1	0.607748690841135	0.624895344799746	0.572308239747627	0.53739976026859	0.656510709567572	0.585272085026918	0.599452277090153	0.553999294806579	0.670983009033915	0.628312510176742	0.559101649448465	0.558306641044242	0.580119331783381	0.652436653110021	0.615375818254467	0.575726154648969	0.629634866747139	0.611397191466017	0.570820387346167	0.614393610888304	0.600267576581727	0.632309170593945	0.600182052065677	0.628408389635051	0.541530386769807	0.545279017303092	0.555220888213851	0.553300843218903	0.527221630236423	0.583587692062531	0.604643268700206	0.558330601850939	0.559127700806294	0.616902722218566	0.579387674361085	0.612922064096908	0.561255036369082	0.578694435238973	0.568896204848669	0.543734906791553	0.632068686340372	0.578694293831853	0.582365143372716	0.526201776197529	0.508529546224349	0.585076957052086	0.664374534003569	0.584157331718435	0.597108029540055	0.605904270371412	0.598618619617217	0.582865463688004	0.560643817364459	0.605243179624259	0.611811079632376	0.595994905359572	0.585052733878503	0.585962794110618	0.665525401200054	0.658569958204839	0.498900075397267	0.556775172296981	-8.44664578503185e-07	0.637012660424867	0.669626035233596	0.526722259175275	0.551432407519616	0.596286525681981	0.575877252395055	0.583305002227789	0.599781766305928	0.614100231239073	0.589366426798104	0.577680462284311
0.528492670217758	0.58939778680053	0.559672491562187	0.5837613986515	0.617720995314559	0.579941363807507	0.584257550632525	0.603366573017045	0.548148655912739	0.554893421147035	0.607748690841135	1	0.524120772532071	0.595660663125564	0.53941857838633	0.532880999555782	0.624887353622926	0.603246979731	0.536530088986431	0.554058158228177	0.557664844591369	0.576558742674272	0.575764257819028	0.585198578101713	0.520453575159025	0.607425719477536	0.607297445602839	0.557865758271918	0.642312336145902	0.623441105418081	0.613354262964737	0.556889576599301	0.540295309814131	0.613157542395122	0.566557075854447	0.581791872340678	0.598325515412128	0.588128338980765	0.558823481575326	0.568536687971164	0.575721621672336	0.592878957728172	0.586707881256493	0.542692905686682	0.569841344131042	0.577831392622575	0.588729696796357	0.623676562608009	0.604540581680622	0.561983825464534	0.592255426958457	0.55005102050301	0.58344290354706	0.564431724877507	0.567034736153245	0.536377051084302	0.567523751533193	0.538268446854826	0.573251525197081	0.602587928947142	0.609344230244133	0.590111408572389	0.599089704047533	0.579817732288113	0.597630471603072	0.575159378285216	0.587982657269146	0.585321047677803	0.568536941263445	0.558160851963116	0.600238771171762	0.563445572895801	0.584955030648738	-8.44664578503185e-07	0.547625688518265	0.594015777918698	0.608822732382533	0.610856140802024	0.541181350087388	0.554565831736809	0.587372085870132	0.536727438990108	0.583728913151012	0.607695580699148	0.578791487649952
0.592345934811388	0.461476849445046	0.523807341533891	0.721013942418343	0.508487518775329	0.471954960196825	0.583042996898933	0.546310769193753	0.62612934316334	0.605254568203416	0.624895344799746	0.524120772532071	1	0.514705056679869	0.506391439387318	0.646880570802602	0.546426286095793	0.557229653691856	0.521215128904045	0.624783490992195	0.66217696523255	0.565172369362632	0.526532638508049	0.618522028871281	0.676400206894546	0.56975850796351	0.538309297936292	0.6685813282811	0.577246288620119	0.492320853281496	0.593172658192516	0.581401218590414	0.688347945530404	0.571998316239971	0.616650849809762	0.468987547382085	0.501318483670983	0.516528562725642	0.572564905175606	0.51371932878299	0.589055025520951	0.577522161418852	0.53918914199529	0.539095017362405	0.580771187926347	0.52804423037011	0.585338631077917	0.538949672556574	0.493004364091435	0.568089251731382	0.497911690276857	0.64262254301263	0.564268061371426	0.60896169864871	0.530890099529795	0.525047198129686	0.553793339044097	0.597991721495158	0.511340350838742	0.523709281553663	0.5753936498686	0.58168466841609	0.526971337485685	0.522331999546188	0.522880226626224	0.560620611519826	0.528066190245751	0.557136357931252	0.624823948032578	0.579460894372824	0.612909035682797	0.426310095070133	0.549004451684184	-8.44664578503185e-07	0.603840094254471	0.623110275110266	0.488233672334743	0.529496169109168	0.535756009781005	0.550785280872368	0.579688566372596	0.595015652553021	0.590157202280814	0.504499017598879	0.584171190112464
0.56773597447349	0.551096067557709	0.535728947566512	0.539806712790771	0.567291430657757	0.521233621001202	0.606300085020883	0.622573735617089	0.573555633119225	0.565196142209036	0.572308239747627	0.595660663125564	0.514705056679869	1	0.533670809290884	0.554360319955723	0.544287405489967	0.550324358887472	0.528086690582288	0.572653447709949	0.564976800738541	0.613320379889695	0.532502993594154	0.598805488439085	0.542247989604955	0.558840897362748	0.547144049304959	0.552042228527759	0.553526781613647	0.573327470033758	0.546833277296236	0.518573320146923	0.553481059876118	0.555880435508032	0.591394173920617	0.543322192120925	0.546210653871493	0.538353762628828	0.609016453937318	0.59677302729864	0.614792941942781	0.572941263410303	0.602118124487528	0.607806602198243	0.542684731487014	0.6290816989678	0.589166986066117	0.64859357978557	0.6894444368221	0.62228119499054	0.648521810933845	0.611481288368362	0.616671701779967	0.606140501303275	0.609533508102965	0.499457379533792	0.567196578318806	0.563566769052463	0.617104575755361	0.617263805112167	0.584584717465617	0.567281636962355	0.557580954855996	0.606579193688004	0.622554279676748	0.5830942679343	0.553690263437338	0.588147888761986	0.561366059655926	0.59230419427752	0.564735165613405	0.534791449003086	0.633542163450267	-8.44664578503185e-07	0.593619915317867	0.57216256717907	0.532820922094551	0.599993592727907	0.569055771873644	0.569911933129782	0.597241515112083	0.573266541665836	0.636799947049377	0.562907021768895	0.573763330497509
0.546351780431329	0.658553606618089	0.678668492374803	0.513755284600231	0.552401984238233	0.656802769884036	0.568652583091747	0.512878733360187	0.517549869185508	0.529166797663117	0.53739976026859	0.53941857838633	0.506391439387318	0.533670809290884	1	0.550653415535739	0.578051483275962	0.549357266767769	0.69047461325751	0.560649732058392	0.506518609508798	0.549547673887142	0.633383113412596	0.536990970498024	0.547112427544355	0.552569195295525	0.585740484505122	0.536843660450597	0.52351510956348	0.56919749499761	0.554242154085818	0.593486159563832	0.493248144275237	0.522889496711677	0.524532272274986	0.663857083342352	0.609952450885173	0.613862268364295	0.547353768942086	0.602982664677213	0.500353092278988	0.543103030064639	0.57403437743885	0.586247295414309	0.55051837472818	0.605684353790378	0.488139171128455	0.495267922522568	0.568940492259803	0.486319423827086	0.515135640789317	0.508891137213086	0.560465462948812	0.551072174275443	0.520501227993109	0.644836917907428	0.490305665386966	0.557153232971919	0.503341809739149	0.524251412285017	0.53501378351079	0.521737446522797	0.560859490969561	0.488860005821017	0.548211499021162	0.537929230931516	0.551421743384082	0.564590632336151	0.533060829005936	0.584727558347263	0.525518044407408	0.628201468960401	0.521754990201262	-8.44664578503185e-07	0.550212099030901	0.483881489934618	0.570445954933904	0.489055309352804	0.508304465371531	0.517297177075374	0.557390340068231	0.50852087428812	0.560895990527695	0.553361011871012	0.566363555619195
0.640910951779926	0.51267749610681	0.586704299626309	0.654362985378859	0.568040055970543	0.501066538401518	0.567064517206177	0.54259469359484	0.647521234715498	0.619413425550425	0.656510709567572	0.532880999555782	0.646880570802602	0.554360319955723	0.550653415535739	1	0.568264807907855	0.554986398590082	0.603065194352021	0.68039807965038	0.621997883584806	0.536494044812103	0.524043051762257	0.545620508116919	0.708885904653174	0.562217237267071	0.557047942381003	0.595240558484862	0.551587650606597	0.573152843992975	0.58381079648795	0.599283247425022	0.647360293374561	0.557411744746191	0.61830447002976	0.508203771891801	0.507558546877252	0.524808675828273	0.54148796284789	0.528820878831623	0.549220313584441	0.600472815112906	0.535396247178271	0.570506781088954	0.57717975479635	0.571412156152583	0.563879870918239	0.533046785730958	0.555609561624395	0.563156402420458	0.510016133174914	0.62557124469418	0.554287440424085	0.602414067773014	0.527176220914529	0.525184159422715	0.575621784844385	0.672102457709602	0.558363251404066	0.580883632708433	0.576282513573769	0.597641665137637	0.552634378348479	0.539889881851634	0.566536594490216	0.59435212806516	0.581804958992507	0.559651030749646	0.561058047342884	0.653081998560849	0.635749302825468	0.486365159428611	0.533509440188426	-8.44664578503185e-07	0.633849697623386	0.618101231734177	0.492976480937586	0.507533413970673	0.61208516514918	0.560285504107719	0.586292506702927	0.627626949897566	0.574727647457239	0.568056563876297	0.550386373437443
0.533959389133886	0.614352973387153	0.615455628533393	0.593498939272506	0.668290303174142	0.610896680516876	0.572518828014399	0.546640466572095	0.556205580151058	0.577788860150177	0.585272085026918	0.624887353622926	0.546426286095793	0.544287405489967	0.578051483275962	0.568264807907855	1	0.63235159121942	0.592732536013822	0.588679856250915	0.601524628755911	0.552128458828058	0.622306429068701	0.587556915500911	0.536774729872149	0.634637674735927	0.702050297306913	0.556533326861677	0.692487391821977	0.677834567934307	0.705053504593526	0.595035836185387	0.505278311021462	0.599764849017567	0.573564688486329	0.577982244208268	0.595657087286818	0.623134872044477	0.543996086687523	0.577293169941553	0.536014551163181	0.635494799796326	0.570504843015302	0.519728410935515	0.577581511464607	0.605287105458075	0.576197186373629	0.571728081385751	0.556529940801712	0.519525017494009	0.490055669357068	0.557924006847417	0.553918757451878	0.564784046743613	0.520551849493478	0.573922271102223	0.535411761750102	0.556654864800268	0.514917282103976	0.580651081110483	0.61174202644846	0.601101882962194	0.633571123335569	0.496731003889564	0.55330070008674	0.58943438862896	0.611863167729231	0.590240315567219	0.549378714097005	0.585751692674419	0.594542039380002	0.56925298981142	0.535553294416947	-8.44664578503185e-07	0.554320211542032	0.57023652957153	0.606049751339144	0.547486702418158	0.532221044524748	0.50982774437616	0.587528045071225	0.512987980357096	0.622070061666633	0.659199734267782	0.596004233426448
0.524551005268647	0.619258572140046	0.58387164476343	0.594620331618403	0.610082301333831	0.612709463725631	0.557482501191311	0.553406516923208	0.568884784901806	0.567592451720638	0.599452277090153	0.603246979731	0.557229653691856	0.550324358887472	0.549357266767769	0.554986398590082	0.63235159121942	1	0.55993267327263	0.577085175940945	0.61463035052494	0.579292540313673	0.638245526497748	0.597345461683076	0.539099110520194	0.626947864361339	0.638817176257765	0.592162283340733	0.659013576883096	0.598803116445283	0.66148248166534	0.611666311251906	0.530685132374026	0.624454785970773	0.582004624061092	0.589226758026795	0.623358352552324	0.645514899066314	0.55979591959724	0.558137243271964	0.55943632191216	0.634367141406689	0.565629671430276	0.521374476729302	0.601054285353368	0.575652370134986	0.613587102300887	0.600365866124162	0.554786294178789	0.552556155577634	0.506284157656923	0.559108967451292	0.559403666098544	0.560713879169359	0.529780447636618	0.573417953914086	0.557278809405663	0.549101060708198	0.521461989851557	0.610843173209953	0.628574921187844	0.62831508564899	0.638810638860152	0.521262693385447	0.575791149304022	0.612531006412025	0.616843607832418	0.628428906152141	0.57237467805232	0.565211058906582	0.587053253385728	0.562080579610064	0.558659559888794	-8.44664578503185e-07	0.551026922496141	0.59163422730562	0.635761288077473	0.554359938598892	0.520257715480022	0.523864250667554	0.614772587875394	0.515141603333233	0.630205892019496	0.605720599282007	0.579528163089481
0.565026779213137	0.636100667829567	0.649421063167128	0.528942488553021	0.583787650734762	0.640422034024005	0.545793371952563	0.501495502363974	0.539923057649572	0.530288428285107	0.553999294806579	0.536530088986431	0.521215128904045	0.528086690582288	0.69047461325751	0.603065194352021	0.592732536013822	0.55993267327263	1	0.605980139834567	0.527355110273484	0.524938474068314	0.602178894871375	0.509998534876818	0.573066339099636	0.525319641653994	0.585287661483733	0.512389232894597	0.532998508283307	0.579266518827746	0.561748570033212	0.618500130474514	0.508190185731093	0.50452528309768	0.514136628778242	0.622054332328048	0.588951340029529	0.592892334404372	0.520264782126737	0.59330236236783	0.480546934645782	0.566277275382544	0.548068449232097	0.568692074275448	0.544251370821891	0.595007191278814	0.494972768922499	0.495472625490607	0.555689261770859	0.481149697571927	0.492328873056669	0.502794420665493	0.535361752134868	0.560066986552008	0.512376179289646	0.630621608310798	0.528482584291672	0.605828267789853	0.49963786104567	0.550410875543213	0.541921706249136	0.547714453874196	0.577400232340475	0.485720852362119	0.549854362531589	0.556099605365002	0.592640161365264	0.565734413534424	0.513670442033267	0.602478712187528	0.556009474940813	0.60787545551514	0.510368299353604	-8.44664578503185e-07	0.55389147360385	0.509457834957966	0.566032303068033	0.475268958198177	0.549556888048188	0.48741893828822	0.550949813084749	0.541308455765816	0.552166231820792	0.585424395753953	0.535507494438139
0.634167862083109	0.528469934389494	0.595411818354728	0.630092531283222	0.590414659184406	0.524769555975877	0.575390332241646	0.529270831652862	0.632692003174647	0.649224607693651	0.670983009033915	0.554058158228177	0.624783490992195	0.572653447709949	0.560649732058392	0.68039807965038	0.588679856250915	0.577085175940945	0.605980139834567	1	0.639359400206887	0.550617098618192	0.555961704705455	0.559230859717909	0.659342238581528	0.578520772013254	0.578663925973737	0.605459846281549	0.583014568115683	0.581500069880546	0.624050797865025	0.618907755852303	0.590586581637848	0.564251172924686	0.599815173264575	0.516765896547389	0.525255707033969	0.538090534936832	0.536098472899498	0.538499761853362	0.552551460927102	0.628715301595167	0.540364990557994	0.568456418376922	0.555199038324023	0.605459309367607	0.590350500164001	0.547849609021198	0.57553871725444	0.567502436972508	0.506250703519206	0.631985738600019	0.564913408079169	0.605148530320733	0.51462994319107	0.533561054896293	0.575463974560554	0.645977259880556	0.555097452551593	0.604362339391028	0.587729459213351	0.627319408075509	0.575951256456202	0.525041047412089	0.593888892177653	0.618460850577119	0.613922695770438	0.572653743164434	0.56198127174494	0.677750801255765	0.630206567951237	0.49812299684795	0.531894027083651	-8.44664578503185e-07	0.643408668950835	0.60722668129186	0.510213767386133	0.503200961860726	0.607803732330227	0.535129961796677	0.589592305068503	0.618683062458985	0.614491764054331	0.588432859446358	0.563467590234957
0.586872114486985	0.51027275017476	0.532499857877864	0.660709185260696	0.573240606255942	0.507789347675873	0.563749025007997	0.558489530486594	0.659481964550673	0.626284735163265	0.628312510176742	0.557664844591369	0.66217696523255	0.564976800738541	0.506518609508798	0.621997883584806	0.601524628755911	0.61463035052494	0.527355110273484	0.639359400206887	1	0.565838267942073	0.558953773106184	0.591801053846132	0.606613137604752	0.602674623221117	0.589529206953176	0.643923722676161	0.62746018159753	0.549303693958143	0.650035226533626	0.598400397716138	0.611952271883176	0.610440915083006	0.619562918183304	0.487336296561206	0.529102980516301	0.557151392581751	0.572254928752899	0.525415071068481	0.584128388001095	0.649139350377637	0.542913079252729	0.515918883398847	0.588956320013782	0.560611246977599	0.652758936200184	0.609688027397058	0.537967945373944	0.607585824174094	0.511618481876064	0.650050680794138	0.559293249555276	0.611204750268171	0.53862972870312	0.522599227338036	0.592370710099319	0.595872767554278	0.538497705054091	0.602318311490764	0.626665803460947	0.643050195893349	0.60271144127314	0.535420666624574	0.556456915387004	0.622930946415055	0.604944544994045	0.586807779884246	0.592530259196087	0.594763421610539	0.630647051053262	0.470154611983535	0.550712146663455	-8.44664578503185e-07	0.6410721086862	0.645902900431398	0.521685678746311	0.563602744726232	0.581870288034991	0.531814366527241	0.625660139534353	0.585118494885275	0.650920030506383	0.568259359540028	0.56616422069535
0.549095144497332	0.543823495908051	0.53902114774448	0.573908830484579	0.523148140973152	0.546502276620316	0.681856096127346	0.636832088148762	0.555720230342703	0.554233366216915	0.559101649448465	0.576558742674272	0.565172369362632	0.613320379889695	0.549547673887142	0.536494044812103	0.552128458828058	0.579292540313673	0.524938474068314	0.550617098618192	0.565838267942073	1	0.559596455730083	0.702845909285756	0.559271165888761	0.620308137282905	0.573163919550344	0.613835256115335	0.570348501523726	0.558773536933621	0.58956470062355	0.554886471836345	0.5415441739015	0.601853503828616	0.577890868264666	0.53237718301878	0.551475651354498	0.54830631766718	0.705537252170076	0.674067920527711	0.680302279890952	0.580168387616443	0.718576724326699	0.658320369842447	0.55393319264169	0.611708804701016	0.549213265658328	0.591921727571186	0.629768404221618	0.584206603677789	0.63876133553622	0.569900781503771	0.715725996967263	0.575181106345958	0.649298626084574	0.560140283864972	0.516176685676556	0.530562729444832	0.534415205156381	0.549634219004164	0.567792722752415	0.546799790348288	0.548873668285465	0.522493802061117	0.575967784440024	0.568775937217844	0.532655336113986	0.608602462481715	0.648053436560964	0.571111087644293	0.526179087019718	0.519933740608083	0.700078825398853	-8.44664578503185e-07	0.582873922488874	0.54496842717276	0.547208546927841	0.593414498732662	0.50839623978314	0.599250697638377	0.602425430598528	0.524828762147404	0.624035960462285	0.520550345412324	0.690908137978973
0.504964437954111	0.701361881236104	0.638351102698736	0.553961800091779	0.574113029117272	0.681766268821456	0.565773274344048	0.533225238312108	0.521801565743671	0.53947487804886	0.558306641044242	0.575764257819028	0.526532638508049	0.532502993594154	0.633383113412596	0.524043051762257	0.622306429068701	0.638245526497748	0.602178894871375	0.555961704705455	0.558953773106184	0.559596455730083	1	0.572362812907153	0.516863874796834	0.604358076609513	0.609299496162653	0.565647263826113	0.59616480320341	0.578807691025779	0.616660448618003	0.625150425455117	0.489404359790841	0.589814145933034	0.5545045531536	0.667908304786858	0.685529188274733	0.706355429088674	0.538540056455989	0.560161197638013	0.526995726267518	0.580954265773086	0.564142256284269	0.53067461400246	0.584752057948823	0.591804715760116	0.575079437198614	0.561445960152259	0.555625896982444	0.510009092534052	0.497853855529822	0.541410471822013	0.547368538116218	0.550388310961473	0.510272340299947	0.625167288510447	0.515537829238264	0.52519569508549	0.508281229254991	0.566682583074212	0.60067556265799	0.569776791315922	0.611158120462554	0.505716953553945	0.56425452810086	0.571116391273963	0.574599513195967	0.58763380185626	0.549738305346936	0.545332249679861	0.558499780863114	0.605467588118668	0.515671199375328	-8.44664578503185e-07	0.535164690667344	0.527299316185125	0.624670259152604	0.525984784313292	0.494936877900056	0.512834883872948	0.586221915086491	0.486771853024533	0.607246545511239	0.573648241797064	0.576966913478043
0.541866930827893	0.536817662752934	0.549000285738867	0.625303767616155	0.540264996603532	0.533448635764257	0.687947027454592	0.660937124553461	0.565864623977785	0.571342490123967	0.580119331783381	0.585198578101713	0.618522028871281	0.598805488439085	0.536990970498024	0.545620508116919	0.587556915500911	0.597345461683076	0.509998534876818	0.559230859717909	0.591801053846132	0.702845909285756	0.572362812907153	1	0.574361140860476	0.633846014172509	0.589373813830258	0.62366035756086	0.599750162638404	0.558738316311502	0.613631118226826	0.548757715095824	0.554893552910305	0.608117231322725	0.609286385334539	0.529141529499951	0.553087460582394	0.560501466988121	0.668832601347587	0.632303084737962	0.684909028405219	0.597102928841967	0.686637299132673	0.625993263122244	0.581285572222106	0.611845426635321	0.581837397613713	0.596261249832654	0.605573088775397	0.574812418398503	0.597252920588487	0.603468776297938	0.673459935562317	0.597515270691582	0.610219737926126	0.555440426343246	0.511501347788948	0.539971391908201	0.53957733008915	0.553132542601699	0.581861722698266	0.559981541206659	0.556612072071452	0.534725050658225	0.572249133544318	0.566746991728083	0.528957852818069	0.608685584796992	0.645223568270899	0.574916172624824	0.562089443456251	0.490123569057652	0.669776732754767	-8.44664578503185e-07	0.573051911639086	0.569009506075649	0.539261316988443	0.59896087827347	0.504632823980445	0.584266887548373	0.600315712666146	0.524999118643731	0.652717184430455	0.536877960236863	0.723743416265939
0.628827701166333	0.491067134474506	0.571974503808657	0.663919596947297	0.53391032711072	0.490533681089062	0.588903327938415	0.543702489290896	0.616601544857886	0.615081323939192	0.652436653110021	0.520453575159025	0.676400206894546	0.542247989604955	0.547112427544355	0.708885904653174	0.536774729872149	0.539099110520194	0.573066339099636	0.659342238581528	0.606613137604752	0.559271165888761	0.516863874796834	0.574361140860476	1	0.559925077223824	0.545348359505071	0.609136088338925	0.537064570400945	0.528640794468235	0.567584467345868	0.57682371037545	0.66788211187338	0.545176290137724	0.610178845059648	0.496478431981381	0.495171055868772	0.503467571126516	0.554796664815947	0.533664738836746	0.564877015785998	0.571506600995562	0.551017041668303	0.585626908645192	0.562230767226948	0.575341121225844	0.546545063945958	0.518225786161016	0.552826870979799	0.551609110803875	0.511254248936043	0.619628655834706	0.576581100500613	0.604571834795923	0.51836663575578	0.523333733040133	0.540626062146897	0.654746506098615	0.541483617877383	0.545997992538113	0.542712605173926	0.563834150406031	0.515111091872434	0.521275969912471	0.565375569953258	0.572091276430551	0.540980786806067	0.559801258926696	0.578912601224328	0.650125097272211	0.603299318674974	0.479248784647216	0.544645224472876	-8.44664578503185e-07	0.634572739854283	0.601635623833538	0.47835957858814	0.491489065688856	0.573114250513894	0.552803938877356	0.586331698807415	0.60528576393962	0.58174294146712	0.531228271604476	0.57628955827619
0.538295911896623	0.575688006856364	0.601712906720266	0.618279523771857	0.599896849123568	0.576932394176836	0.608633408493068	0.564744253581551	0.565921087907802	0.587307287646903	0.615375818254467	0.607425719477536	0.56975850796351	0.558840897362748	0.552569195295525	0.562217237267071	0.634637674735927	0.626947864361339	0.525319641653994	0.578520772013254	0.602674623221117	0.620308137282905	0.604358076609513	0.633846014172509	0.559925077223824	1	0.651551412068278	0.62724509941399	0.654506851442962	0.64431807301421	0.675609582073026	0.584668731527256	0.535145373629331	0.704204397395309	0.616736745181895	0.554504084344965	0.575993665411349	0.599600443166549	0.590101140611758	0.56827487850286	0.594342282036584	0.605824023814958	0.612901918978367	0.549522140136058	0.619092065270547	0.589965854116212	0.610872975165069	0.592718045679224	0.56971467484021	0.577722147398454	0.531518183584368	0.587449544386512	0.600415561234688	0.561292428676943	0.529021897100784	0.560154657416977	0.521272448077216	0.538682703593095	0.52793822079401	0.584482247463714	0.62165411301695	0.5880821368215	0.613337140059084	0.512807217123699	0.572901058657875	0.608054212956839	0.569614071203262	0.605513451087776	0.593070054992231	0.589575556277568	0.57821590188018	0.514133813498688	0.567435635941361	-8.44664578503185e-07	0.59237900592474	0.588461498942039	0.565121622334414	0.55717463992561	0.51932420926269	0.584927395836922	0.630931358606926	0.505936015674495	0.640990422975852	0.59390802212343	0.658380471248487
