1	0.823585585545793	0.822671017277608	0.823814784222892	0.811969810019238	0.831473356353514	0.793394204494765	0.804877428127648	0.822026836067612	0.835280001948447	0.835776545883325	0.829941755004391	0.817653806885947	0.835296254909913	0.809265134681671	0.821734298144392	0.813938713931394	0.833583852195083	0.828546378225079	0.818746929152944	0.80589659989008	0.826382951190114	0.824030482048863	0.820319171696626	0.818706572828696	0.830422342487151	0.821047203791858	0.819674884310506	0.826514584493924	0.822173354869716	0.816973562167184	0.800156375043414	0.818837781904051	0.816890339145698	0.817888497460279	0.816060077396258	0.802643327570777	0.812194795699345	0.83107460829939	0.810250055599206	0.799480615591351	0.834704930845228	0.830695849829238	0.848802235793942	0.814242173319729	0.843401324772778	0.836699739027825	0.805844642173338	0.823923958396971	0.805396755352868	0.83056905073313	0.799944649912001	0.848802235793942	0.826493480577102	0.811885473683182	0.827954349401163	0.831162844552228	0.821333953800614	0.845461937184544	0.832039054831909	0.813074500388218	0.822551211337135	0.823776261777199	0.84518704357203	0.829006677276983	0.844031391703939	0.818190728781423	0.821344013228742	0.809349953625593	0.828693681215205	0.799914946366167	0.841274517476015	0.805892692825632	0.831904181799414	0.829091904269305	0.808801617356771	0.840837614747967	0.827339384535224	0.81046296172063	0.837619979763916	0.799337640837775	0.817029546731259	0.798230954048493	0.879052816248786	0.81641789644711
0.823585585545793	1	0.842909419292304	0.88554524659047	0.851080147264956	0.825530811484538	0.827711002367031	0.818134405046325	0.869073028330908	0.81223077419045	0.851844964120475	0.895668989839152	0.840217840426538	0.828482507627081	0.840261896359985	0.806428887662415	0.817120599647573	0.816476517102966	0.88761411642805	0.848543524488994	0.834213369981838	0.822109564603648	0.826289277823919	0.810042358520841	0.829607401133456	0.885795484423863	0.883733110343277	0.86013308198007	0.874109775987845	0.869517447926711	0.854234567402863	0.827915541338369	0.879629279827311	0.873053914599483	0.844653573148192	0.872591738254473	0.827146899456562	0.820141927111582	0.870827975680379	0.837514469944558	0.820442717468798	0.839089374727628	0.844009054103145	0.87131075493144	0.863982495272453	0.833588944930955	0.844699124401965	0.837014058623694	0.81721546046508	0.86803417948551	0.823360179386097	0.81855284675746	0.87131075493144	0.848607179795062	0.828447948016968	0.856340473333115	0.878795736291001	0.873531455895184	0.848355218303262	0.874463676292792	0.866499339595152	0.887721410634887	0.846816550983692	0.861374907295002	0.86847734323826	0.832649134280146	0.823737104996767	0.879564023601578	0.842153664578553	0.842913485903372	0.833820317801128	0.854517648924931	0.843587324121661	0.849369246230787	0.881861751960141	0.85619679308771	0.88650749514381	0.845421650229919	0.873923992012968	0.842774232227723	0.858611642285343	0.829591954050447	0.837752475618101	0.833101552220433	0.886397164073586
0.822671017277608	0.842909419292304	1	0.835665415091618	0.812058047925234	0.811708394896971	0.837521347063648	0.840185673637332	0.843860362354663	0.806136003778116	0.862069499386773	0.860934977199113	0.86017384063864	0.805269085385223	0.82697202080543	0.817395599698727	0.802546127897755	0.8012580429512	0.848680000476919	0.815010080867185	0.857279960565731	0.801063295622064	0.798401014691612	0.794356722704364	0.829077668521359	0.847896371359099	0.831875110438413	0.825182714054345	0.842855120097143	0.831753109868801	0.822461567666631	0.83730781879315	0.814566667622156	0.807581241895302	0.838105585847975	0.853961606780637	0.817856177955843	0.822629081464332	0.835238029626637	0.814446708958481	0.837042880062346	0.812381694916172	0.832820740599408	0.861317956128843	0.855516057797424	0.803562168696813	0.819301293148157	0.850007392180678	0.792677054963713	0.823652761062317	0.805509699744937	0.836962896055189	0.861317956128843	0.879062445732993	0.843623265259183	0.88658029061559	0.86413301226272	0.830817155559877	0.850922520255076	0.880348610366327	0.857002314625438	0.83478640482411	0.876005649588378	0.840442956789819	0.837371281287488	0.840059828629213	0.83593913011738	0.826165794090629	0.873026708232812	0.83680227544352	0.821667193130829	0.823781417733804	0.814613261379787	0.848674132002235	0.831037738057007	0.812934837434581	0.850007347446675	0.82823487893016	0.851752542799836	0.810149654195019	0.858866030735719	0.798767568627733	0.850522128511925	0.811278468217445	0.841727163101577
0.823814784222892	0.88554524659047	0.835665415091618	1	0.840558319730457	0.8331267793421	0.838455561600756	0.825252322532019	0.879668515504913	0.819163665079272	0.852452419409363	0.897897883498669	0.852896431457769	0.827733396817269	0.842874525668597	0.813338114247032	0.821687715714866	0.821225815664903	0.921223010935589	0.835138322129441	0.834405986485761	0.82393250109013	0.821855540726516	0.80995234714309	0.839358577714414	0.909313137381395	0.885418017552395	0.855895870055644	0.877374876540677	0.866664456368276	0.866120562990136	0.831311161277561	0.866701356794673	0.87494125974141	0.8517452957211	0.855275903117153	0.834924595136569	0.821760579202249	0.9012065885014	0.849427241000965	0.832140296562888	0.84395451460347	0.849884783850097	0.878458231666484	0.872884377619707	0.836063948615005	0.851557187382292	0.849796549052957	0.817688840724409	0.859676027933597	0.826914403299398	0.835313232158993	0.878458231666484	0.841515386373124	0.828186734498648	0.850972089576624	0.886642260659657	0.864080753951213	0.860501686982291	0.881780618783159	0.862264634174083	0.886843048685825	0.855490144535302	0.877813295145472	0.877568384869673	0.831775522842797	0.825965096293074	0.87846782413993	0.844310877909673	0.849283740290466	0.847297354834868	0.873809401550846	0.864462687170511	0.867375040814123	0.896154172191843	0.852442617133144	0.892098611845476	0.851126054908629	0.875679227647989	0.836168368951864	0.849298037139366	0.829570169697731	0.845240564745787	0.827039105683906	0.908384873368412
0.811969810019238	0.851080147264956	0.812058047925234	0.840558319730457	1	0.84641266230305	0.800841087711425	0.795772571418275	0.825478293454927	0.827338494891666	0.823872628739015	0.856410715373568	0.815702144814738	0.849409147045304	0.82442262056435	0.78786997924217	0.806989333299672	0.838819144025159	0.845677751484923	0.852066012499034	0.82279231610955	0.849132646214475	0.845230537023619	0.838593573471991	0.840477769905065	0.856275095439045	0.888550219213765	0.890531721641537	0.850029666789961	0.887058264877539	0.821712860459201	0.798161565378902	0.835247620857748	0.844837989517413	0.830288517687334	0.822633963949902	0.828229071318397	0.798290567206663	0.828164399295073	0.812570711969683	0.798038968438944	0.845782964052514	0.845668659688591	0.859458452761057	0.820054419776943	0.845169823058776	0.851919286462179	0.821799071233796	0.845647641965554	0.886845576082122	0.834369856947041	0.791328356604686	0.859458452761057	0.829889574870609	0.799225260542538	0.832881783704784	0.852776607255499	0.845038839112825	0.828045147459362	0.845020039577694	0.818809210797487	0.833842845695258	0.809106080660081	0.838333351112323	0.839649486754323	0.810288819523977	0.797002421044298	0.845444864765676	0.827353244932438	0.83325027438089	0.80299794893179	0.841548135117796	0.819778495680665	0.829112684674471	0.848411913815903	0.835832728454799	0.847623462499579	0.817823969874412	0.817348963005989	0.850606895727517	0.830034990273987	0.861171198846455	0.795736910535558	0.817961334614512	0.826160914517039
0.831473356353514	0.825530811484538	0.811708394896971	0.8331267793421	0.84641266230305	1	0.793432918386187	0.784261285404557	0.826212601942002	0.87107677440192	0.82639976095401	0.835046541729468	0.818104133783565	0.886980920241944	0.828397334300173	0.790555658816571	0.815845854785416	0.878324343022006	0.831346004455045	0.825605412538321	0.797447391614954	0.89062806562274	0.866232731533012	0.86064509878355	0.818112417218874	0.833441478988919	0.845732244430944	0.838357564473003	0.843952898424945	0.845899281897377	0.819184264578651	0.795085883191422	0.822564284542248	0.828335100317592	0.835403453642088	0.812516915935632	0.832981022550456	0.802307463199683	0.825095148270705	0.831439496275398	0.790451050347559	0.874001758082747	0.846490495046704	0.849632897617652	0.822380366453156	0.914055929902517	0.877994025329379	0.808072581103396	0.868646285643206	0.848206076461241	0.863847581871239	0.787879574496839	0.849632897617652	0.810880602167864	0.788504585856945	0.817006595684424	0.838721441499828	0.832201325824254	0.851674464068439	0.824498671788579	0.810335139643769	0.837499117531945	0.80815923584177	0.853981108255689	0.843626944166884	0.826998991399481	0.802447818725728	0.834851060591504	0.804660610678412	0.844466499606535	0.793456396078162	0.853102438961485	0.826124567097639	0.836450786112424	0.836893019574244	0.827449526938952	0.846996491294595	0.838468134932903	0.811430036398576	0.859421050403264	0.800907597980731	0.874677601857688	0.790898057377944	0.847825303311467	0.823560702720602
0.793394204494765	0.827711002367031	0.837521347063648	0.838455561600756	0.800841087711425	0.793432918386187	1	0.86965968496046	0.868965773705429	0.787712611095051	0.836254840686878	0.836655532559626	0.867051019198006	0.794949821315986	0.786360472249321	0.83841289142966	0.79354610181429	0.774425206334193	0.845094274512636	0.817090355358058	0.890593568240052	0.778596829324164	0.798877412555974	0.793794046673969	0.848308380875154	0.83448121067792	0.830699034097129	0.818918292060362	0.856968723447638	0.823067109588443	0.815598657396293	0.887954902532932	0.819570608737465	0.816330150492293	0.796548453073777	0.867209856699774	0.786645372329442	0.830412795915709	0.836523152584754	0.77778084950801	0.877812258823831	0.805849668600166	0.854156759355192	0.849208843944039	0.871935494336279	0.791011757226086	0.81142383468785	0.875865110281844	0.7783753693982	0.815699393737565	0.793255188776217	0.860818320302042	0.849208843944039	0.871133533493615	0.853899311055187	0.851318116407507	0.866247376862327	0.83575912836982	0.804929350880543	0.86821707846749	0.882650811276297	0.843214952109431	0.863987426319096	0.818102422166355	0.829324993554813	0.817331184554126	0.83290792800965	0.813210328421238	0.862266113661765	0.789037205847147	0.834734946947316	0.798286351249778	0.803168686233665	0.828410324152649	0.815336029454317	0.808797533319152	0.862240011834561	0.789640212502135	0.865797525762181	0.809206461537332	0.867061979757825	0.786428663639458	0.863835120907443	0.794732587953204	0.847277650307436
0.804877428127648	0.818134405046325	0.840185673637332	0.825252322532019	0.795772571418275	0.784261285404557	0.86965968496046	1	0.845620110772471	0.782427551162305	0.839020877087762	0.82627551018641	0.866831007290387	0.78569164852338	0.783588162857944	0.836866959527087	0.80216128972575	0.77292894703032	0.826215178867153	0.798523584324534	0.859656890285084	0.775245141852963	0.790423800859207	0.786533023515689	0.839466606500935	0.820411680001215	0.80452550186892	0.805112533983762	0.828606279122056	0.812969730850376	0.818507905446054	0.873703989414373	0.812894065243007	0.809257176873139	0.792327260159013	0.847299273292621	0.779377117444651	0.834383011449412	0.821179009685661	0.785138311074485	0.920301914814394	0.79700746813841	0.838413050811586	0.8404451164064	0.858824622399435	0.788112537716764	0.803254222770643	0.845451038761434	0.777998098632154	0.79218365513818	0.794155018279196	0.845871812310241	0.8404451164064	0.856578055937619	0.851886490699471	0.840218881917239	0.849605922088926	0.829222109057168	0.801388395537542	0.849674094321116	0.850613438244453	0.829865077679274	0.849903936895982	0.813361450777951	0.826903206126772	0.820109485106359	0.833502518639084	0.806200747294835	0.844103040283893	0.78392836823392	0.836993871781046	0.800349908231609	0.798889647345656	0.830191095764882	0.80592014759908	0.795057621408561	0.84283817394836	0.792138971420294	0.845033640004466	0.804969509799414	0.849542703754025	0.776972654920833	0.856522389102873	0.795258387716827	0.827076641508061
0.822026836067612	0.869073028330908	0.843860362354663	0.879668515504913	0.825478293454927	0.826212601942002	0.868965773705429	0.845620110772471	1	0.816170489949166	0.869478158371002	0.865395295344869	0.86987393794883	0.826126967056395	0.811882410485148	0.837750773480768	0.807773751876107	0.802161158112612	0.886633284301366	0.835967499552557	0.856649803725379	0.80643046125264	0.833992714986995	0.810719611549507	0.841951374809234	0.869173138489822	0.862423132028199	0.831916974336708	0.88510398424364	0.839183184461332	0.857637054582311	0.866904715080851	0.864667300765319	0.866196081340718	0.826426018547418	0.891975303525124	0.807101774544866	0.844653574991018	0.878240566080189	0.813068300946208	0.854082392613407	0.844062216301587	0.86303458707615	0.865301691260318	0.89681659763849	0.8262595322155	0.849485604595278	0.871264687339681	0.809223202855624	0.845888139389175	0.82311786490715	0.86074932455076	0.865301691260318	0.867293089009221	0.854714444417134	0.861135523750188	0.886322099601127	0.878317178503507	0.838761283297298	0.883671247107431	0.886204419360827	0.892500494341464	0.872356114174473	0.853965993313126	0.860861675997608	0.83335238192728	0.848950760446571	0.856335190732905	0.860335815283116	0.817448098026768	0.852082012682857	0.829562122518737	0.834683815854136	0.8540845486882	0.852552819866114	0.835469232494781	0.893925630469858	0.818032693597795	0.899035439945781	0.837009481759766	0.875874737657524	0.812648264646331	0.869735592050298	0.818207901942339	0.898305127757532
0.835280001948447	0.81223077419045	0.806136003778116	0.819163665079272	0.827338494891666	0.87107677440192	0.787712611095051	0.782427551162305	0.816170489949166	1	0.819526819764412	0.830762090138702	0.808961807961588	0.865769559011025	0.82555942575151	0.801862099789868	0.824371334150109	0.872796658369864	0.829567815597163	0.833539341949315	0.792288220746678	0.864590666609841	0.856691018915502	0.853925879696308	0.823503234530521	0.833544469489988	0.82692186167111	0.829992990889686	0.84067465300272	0.836938744958326	0.814092425368939	0.784944759181413	0.804653674383257	0.809001898254072	0.830734736721748	0.799783538159021	0.82966988365027	0.805735743449146	0.825634227608195	0.820063261236962	0.791788286940246	0.868347292124639	0.844006013211224	0.844317631514404	0.81091554075347	0.863132216306859	0.854905803978059	0.803975842307706	0.865754640793657	0.829025700977609	0.861346917560174	0.795565380817873	0.844317631514404	0.803405907806592	0.789837906853554	0.812917740738901	0.824558730288812	0.824687708759621	0.845216174014733	0.822766678323498	0.803193752405081	0.829900450406898	0.805807684329896	0.841359168793707	0.824979885438717	0.838081086497574	0.805003584042174	0.826238950056922	0.797203015669935	0.83683409308813	0.797587897837587	0.831392563461187	0.819875168046489	0.830371166721923	0.826704888860852	0.815963838888766	0.84116379430434	0.834544791642592	0.801946942957575	0.856325881989152	0.793043636434471	0.841832738127652	0.782796605022864	0.85028083975112	0.810289976397163
0.835776545883325	0.851844964120475	0.862069499386773	0.852452419409363	0.823872628739015	0.82639976095401	0.836254840686878	0.839020877087762	0.869478158371002	0.819526819764412	1	0.86133017884333	0.873215854625019	0.826790811170927	0.834858305934104	0.834846210242589	0.825577537289654	0.812876243979131	0.858483093214202	0.833897479344556	0.83995944757575	0.81733122457418	0.823616551150377	0.811355230806823	0.841776878770636	0.859933908246527	0.84334650162122	0.830083077827972	0.85213896898	0.844973437907374	0.854983022752741	0.837962565278982	0.837425162103179	0.83682704125711	0.84243841578184	0.855283217010619	0.827958954252461	0.835331832774096	0.851420960976673	0.828734766169007	0.834675068563563	0.833008085189678	0.860780089403005	0.860724233768871	0.864274884518561	0.829577974037123	0.840207841807344	0.854979753578711	0.813073354218538	0.835164354346303	0.836221586120632	0.846372897619554	0.860724233768871	0.860013286302155	0.844903711443591	0.852513275361707	0.867270471677766	0.841992019123372	0.854763892370466	0.870644358378298	0.852801101578831	0.852646721995187	0.863504881187956	0.850635609819145	0.846825206418089	0.847970011295068	0.859741524171515	0.848905344731587	0.857686204282387	0.840005141642711	0.85124141760274	0.834288257938356	0.848370606871787	0.868449142961296	0.846410371656688	0.837204656512026	0.871009989553246	0.84378605035494	0.857107298487267	0.838353119321707	0.853797377178863	0.815672181941793	0.846694777656967	0.829629196710719	0.849804040090168
0.829941755004391	0.895668989839152	0.860934977199113	0.897897883498669	0.856410715373568	0.835046541729468	0.836655532559626	0.82627551018641	0.865395295344869	0.830762090138702	0.86133017884333	1	0.850685778012167	0.837871668305978	0.864585930304626	0.817145427690996	0.821648704772621	0.830159364841592	0.900082213721013	0.848969272310192	0.838137565947871	0.830362291816469	0.830685061758396	0.819666674529934	0.849124568337952	0.897504500993514	0.898699473542053	0.875803012098682	0.879796351010817	0.889112401542331	0.862099881741042	0.826806890756842	0.866563233215509	0.868805376473316	0.878668754696226	0.86513764172848	0.864677660507734	0.825447427853466	0.877481772566624	0.865674948882602	0.831066618019999	0.841295652141622	0.856665646083237	0.893916792077826	0.866149541313155	0.836032372259948	0.85753429805222	0.848785798291273	0.829388000380683	0.879435798661642	0.830835937887093	0.835969170399017	0.893916792077826	0.853709907445585	0.837247497274887	0.868617267066699	0.890628752901537	0.86456316361638	0.859383207675803	0.88434638977297	0.867150037199771	0.892003689135381	0.853696159888514	0.865822975636303	0.878186957148122	0.843321362239051	0.83162876249981	0.897965183704542	0.851568507949113	0.863947069544595	0.841348726935676	0.871565193496731	0.862589860822998	0.865049231018273	0.886083968456906	0.874493406034318	0.892403847534256	0.870357175797453	0.876302899006224	0.849905104266192	0.859489723924542	0.836501048605609	0.846904682302732	0.837526776185662	0.884998035161828
0.817653806885947	0.840217840426538	0.86017384063864	0.852896431457769	0.815702144814738	0.818104133783565	0.867051019198006	0.866831007290387	0.86987393794883	0.808961807961588	0.873215854625019	0.850685778012167	1	0.814609802151796	0.818519589601407	0.846594884372109	0.817668648744489	0.797289922742698	0.85308392013961	0.820104856537641	0.863574952241652	0.799955266146261	0.815241375717996	0.806853959173106	0.846639884896209	0.845145776873308	0.829958752287387	0.827138687793228	0.855065921714694	0.827839921949245	0.849985186275091	0.865613981050596	0.832153039873427	0.824378253886858	0.826326141939778	0.86110802885906	0.809497857068068	0.832474263105924	0.855068549437881	0.814144927813305	0.866236820281883	0.825983883795546	0.857296679406298	0.860197739356725	0.874038257875399	0.819938442699161	0.828550106924571	0.859716647389384	0.794421572181397	0.821020365135757	0.818147634668422	0.857179817471527	0.860197739356725	0.869744274185989	0.840004852758056	0.85170544236417	0.872012481522812	0.843438732671829	0.831395543818628	0.873393612193562	0.856697036896019	0.847501575302519	0.874737368143528	0.849354607781036	0.845046366416432	0.845134833087496	0.84542933078641	0.833766903315895	0.859791076090465	0.816249323484516	0.855040376684233	0.817584227062446	0.822146245775701	0.868756992754874	0.834106844268513	0.824102684580367	0.866527859390184	0.825189014474748	0.867919857879323	0.826929314514532	0.862673966112646	0.802772786372893	0.849865311199115	0.808965371910824	0.851403323885268
0.835296254909913	0.828482507627081	0.805269085385223	0.827733396817269	0.849409147045304	0.886980920241944	0.794949821315986	0.78569164852338	0.826126967056395	0.865769559011025	0.826790811170927	0.837871668305978	0.814609802151796	1	0.835582833588625	0.7879747263688	0.836520048572837	0.879393749617703	0.82786011037026	0.839862180330669	0.801777222718622	0.885400838668754	0.873759853708879	0.877416446097722	0.828504038688238	0.833257112392669	0.851439340850533	0.846308352011464	0.833450253263217	0.859699551857912	0.81989397719567	0.789241337857745	0.826877344051136	0.834804334083574	0.841243064750379	0.817745023593654	0.841700119272662	0.804263514778227	0.822285237763966	0.822591217570609	0.785991062754276	0.886172220636344	0.853175406026711	0.853522597459293	0.815177625164832	0.883878416265916	0.890448267687359	0.80525429725732	0.902168885937911	0.846222292791684	0.872006453751398	0.783442339741981	0.853522597459293	0.815834075906739	0.790810529504239	0.812612993513929	0.840983160149941	0.829129999926378	0.842531434494775	0.825355298192075	0.812039850861848	0.837186628637189	0.807371634917773	0.851950654607507	0.84942587966414	0.823628919455533	0.79511921746521	0.836606730748787	0.812013009939887	0.843338567251192	0.805200879861715	0.831412849773079	0.817643709634034	0.834264712543267	0.836837557393254	0.829032711219698	0.8560105964514	0.829420056538138	0.817242348698756	0.881095997198142	0.811483290136572	0.871418621783299	0.785095823742887	0.835408274273767	0.81629065518013
0.809265134681671	0.840261896359985	0.82697202080543	0.842874525668597	0.82442262056435	0.828397334300173	0.786360472249321	0.783588162857944	0.811882410485148	0.82555942575151	0.834858305934104	0.864585930304626	0.818519589601407	0.835582833588625	1	0.766866693746083	0.836365763846108	0.83746858273829	0.840752888660431	0.817198156855992	0.795742178824824	0.833388631453733	0.808910057744803	0.825387977698291	0.807045108857436	0.849664090145866	0.852052789084435	0.84679938747229	0.821147093583297	0.858303041653356	0.839198160597948	0.775846106540988	0.827341814465303	0.823044352134798	0.901347526870653	0.812533363284614	0.896807193951719	0.793255231951735	0.821046364776426	0.90602574196659	0.78365829717301	0.829110811603666	0.829396983013111	0.852693645345375	0.810491388740773	0.8237399994679	0.838479615904949	0.791758698390483	0.833559579701397	0.843254840421908	0.826677821379922	0.773874816739429	0.852693645345375	0.806703433783947	0.778836041443609	0.823351485919023	0.83688811176623	0.815641826369138	0.851187551445821	0.836050413777494	0.804494171219338	0.836971855574909	0.803196006713495	0.847112815954453	0.847949201128521	0.835419220132707	0.783262706210675	0.863898559567048	0.802364176621376	0.88589268482755	0.814421177778542	0.843410056291561	0.864578606665278	0.864643373703659	0.844340765602753	0.882940922593777	0.843900091112632	0.903304541513396	0.812338709064901	0.829730994557941	0.813853792301268	0.820426495629273	0.784028372115755	0.824061290744975	0.81744637422521
0.821734298144392	0.806428887662415	0.817395599698727	0.813338114247032	0.78786997924217	0.790555658816571	0.83841289142966	0.836866959527087	0.837750773480768	0.801862099789868	0.834846210242589	0.817145427690996	0.846594884372109	0.7879747263688	0.766866693746083	1	0.805952172235633	0.769891615921211	0.827075445354449	0.81596899569103	0.824736582179628	0.780077244197159	0.814145244067282	0.77722397979668	0.830883054236307	0.819120607452552	0.798418482461348	0.790385415398095	0.83305545016293	0.797600981752127	0.82115678632568	0.829073282295032	0.795079474021659	0.801906571208656	0.781355953515292	0.826059894271931	0.768446966103655	0.831946122920251	0.830311183500913	0.771458843313133	0.840896344339982	0.803043764376225	0.83692735618631	0.839919919516376	0.833188568560972	0.804549915020492	0.796194975309201	0.851728430970494	0.773095767731905	0.787273426627899	0.795813205381477	0.870418857028011	0.839919919516376	0.828075597090628	0.866828029768498	0.818446211805872	0.824063031969186	0.831311556932243	0.799555818950184	0.827330584070027	0.827017048535374	0.823074911380983	0.858043543924012	0.820402226523171	0.804794218788446	0.841661529027124	0.888731768371496	0.797166171109836	0.83704857916826	0.776213862615337	0.819516299892255	0.788090258836637	0.78509782258057	0.82294731580634	0.797672548472113	0.785689083247398	0.829819289468829	0.78596924105759	0.812845878409484	0.812143207890837	0.813236231676225	0.782920741048217	0.832429218520134	0.805927091098009	0.816096946078239
0.813938713931394	0.817120599647573	0.802546127897755	0.821687715714866	0.806989333299672	0.815845854785416	0.79354610181429	0.80216128972575	0.807773751876107	0.824371334150109	0.825577537289654	0.821648704772621	0.817668648744489	0.836520048572837	0.836365763846108	0.805952172235633	1	0.812092197252872	0.821742648076798	0.813437086809352	0.798317464752207	0.81415595987641	0.821922945667878	0.809745135052241	0.807987840492221	0.825890468893361	0.820922009616728	0.821262663558054	0.817164047819621	0.819405585225978	0.835780845963932	0.796929001584488	0.812390570882604	0.812154434898853	0.824411731148128	0.800457008807366	0.824445916399708	0.811087537884732	0.815181505894579	0.818712994264235	0.801878017509648	0.824926629773627	0.826465764729146	0.839592144468357	0.807773677268664	0.827676392249541	0.822631990129392	0.795784482186588	0.822791627226149	0.802389541581902	0.816627018644555	0.789315626303438	0.839592144468357	0.800039610487115	0.784687023219211	0.802177028455147	0.825237739671577	0.812634590298976	0.814245492703424	0.814787591601024	0.801534463479455	0.820639169669123	0.803508751413066	0.833502460421467	0.830975113609786	0.835342336492551	0.799717626247422	0.82309630910265	0.798300058834874	0.813044592376965	0.82449248024409	0.809333574760523	0.824725645604208	0.837700855895089	0.818153493645966	0.829492843279996	0.830890043630542	0.828960968761412	0.801878498556957	0.824475807695177	0.806430737160632	0.80596267920942	0.783189219666208	0.81569579596744	0.809747229580137
0.833583852195083	0.816476517102966	0.8012580429512	0.821225815664903	0.838819144025159	0.878324343022006	0.774425206334193	0.77292894703032	0.802161158112612	0.872796658369864	0.812876243979131	0.830159364841592	0.797289922742698	0.879393749617703	0.83746858273829	0.769891615921211	0.812092197252872	1	0.819266935703764	0.814781188619156	0.777860746166583	0.874101489772882	0.838612233030302	0.852281295942432	0.815774341467563	0.829062952087152	0.832071117269998	0.837600971793812	0.82585595544545	0.847954192551682	0.803782436671907	0.773335560912187	0.808496742794326	0.817618442703156	0.842059428076999	0.793642955506025	0.840282683949493	0.784242950570994	0.812058821837071	0.828281343290005	0.772767057931852	0.84675305281147	0.836067918112067	0.845428112318195	0.793616176751761	0.877826890611306	0.883016508813859	0.785333073388167	0.877260078127643	0.842535784416928	0.858497615738162	0.76795551225824	0.845428112318195	0.79662329510318	0.770961839006798	0.809463523308063	0.819978601715614	0.822826418584041	0.853292269547989	0.812485339738533	0.786641014829203	0.815240159499763	0.787281122050625	0.839248555439306	0.835118718146034	0.823499607363605	0.784009795336333	0.830343895025937	0.792333217173078	0.853402407662967	0.781967325108875	0.840030000841474	0.824219922850089	0.826698913000324	0.82458330603598	0.825604968395992	0.830856345887681	0.839160494852018	0.790699371662574	0.852558717430218	0.79048004742815	0.85766930866546	0.765549738798759	0.843896971141193	0.803796686494349
0.828546378225079	0.88761411642805	0.848680000476919	0.921223010935589	0.845677751484923	0.831346004455045	0.845094274512636	0.826215178867153	0.886633284301366	0.829567815597163	0.858483093214202	0.900082213721013	0.85308392013961	0.82786011037026	0.840752888660431	0.827075445354449	0.821742648076798	0.819266935703764	1	0.852984945245925	0.848721115401783	0.824311568548548	0.836836487345768	0.819788245037239	0.839919172073198	0.953355839363239	0.89072279578664	0.865213772778982	0.890604104033838	0.870006641857412	0.862464085201905	0.839022474442842	0.862899130476032	0.8795912985525	0.84816850388103	0.864212191652268	0.835227040752595	0.834717224849496	0.904476031238315	0.835433121827156	0.835719149507183	0.850845201191753	0.859285069173016	0.891405720540237	0.876393102353561	0.836164766004556	0.855201545728147	0.862840506063852	0.818668101602248	0.865315580120553	0.832449405563528	0.849834558699297	0.891405720540237	0.852686090851845	0.839377712166921	0.872047889040317	0.887020288726916	0.874059195564957	0.863060308756915	0.891874897437133	0.871471201309937	0.891582353905183	0.860628566310776	0.870654012477033	0.875922795140651	0.853012853831111	0.835394400064594	0.869219946848195	0.854602142688116	0.850031566520488	0.845745106233402	0.868535733162601	0.853391638033425	0.864671031544162	0.892343983627863	0.84931966356939	0.888899135009825	0.840877155059543	0.885479263364279	0.848480944297948	0.856432489144289	0.82429200091578	0.849328283480881	0.830733170279149	0.912032369516415
0.818746929152944	0.848543524488994	0.815010080867185	0.835138322129441	0.852066012499034	0.825605412538321	0.817090355358058	0.798523584324534	0.835967499552557	0.833539341949315	0.833897479344556	0.848969272310192	0.820104856537641	0.839862180330669	0.817198156855992	0.81596899569103	0.813437086809352	0.814781188619156	0.852984945245925	1	0.837501711294344	0.814817711180828	0.836416042949012	0.834435461710871	0.851439235361428	0.853108189610671	0.865628193916886	0.850554215770993	0.859201828904005	0.866172420812556	0.820926664445575	0.799672362391473	0.826761305912779	0.833997557663853	0.818883965820074	0.833884618996219	0.813041624047888	0.836157889868694	0.828009382080553	0.803539505491734	0.804405455381397	0.841812456486148	0.857298144523444	0.855362805270128	0.822706991606317	0.832627703768063	0.833263944662328	0.835807433164239	0.826995570956784	0.853743856244987	0.823672003408218	0.813971020450564	0.855362805270128	0.826749413986479	0.822554869751939	0.835226944012597	0.843666706425772	0.833864958757775	0.833585891663252	0.848873816985532	0.832615667355358	0.844344911773904	0.822427951751538	0.831500854477146	0.83264200876275	0.848189761297636	0.822915056778141	0.837237404432566	0.834736625547701	0.824097546590784	0.812249830655849	0.825096895418271	0.806365947503456	0.826109965844678	0.835129834931312	0.834696198421536	0.852524125427151	0.820012533249149	0.824337046533882	0.850084562424338	0.83329952744242	0.82204809162956	0.800702129016516	0.825815372739853	0.825915567784716
0.80589659989008	0.834213369981838	0.857279960565731	0.834405986485761	0.82279231610955	0.797447391614954	0.890593568240052	0.859656890285084	0.856649803725379	0.792288220746678	0.83995944757575	0.838137565947871	0.863574952241652	0.801777222718622	0.795742178824824	0.824736582179628	0.798317464752207	0.777860746166583	0.848721115401783	0.837501711294344	1	0.780180366985924	0.806469257139655	0.797528085790382	0.847352982939427	0.842511594250819	0.844613593388653	0.830691778733656	0.862460594375678	0.83545984253421	0.813474300337045	0.879531919332703	0.817128644780289	0.811296561357215	0.798988864584982	0.869446069243763	0.78657715345541	0.839362824004728	0.829590444312857	0.779953252859623	0.868612366686032	0.811124656516647	0.854881988003206	0.859061710208495	0.862585366170033	0.793782462382985	0.816351254179577	0.870133617370083	0.786456603306736	0.822842812910104	0.796540246368224	0.841574318729528	0.859061710208495	0.882259665438843	0.840932433514388	0.872389427498331	0.863552383598941	0.830965823923221	0.814498484820529	0.881042633197826	0.872802384213766	0.836187341342057	0.860391387394087	0.81560119739145	0.822787687915886	0.828154658650692	0.823979392902922	0.804489886796869	0.869683195193266	0.796785651791157	0.829683579203658	0.806137635096806	0.798448648343557	0.829745618167726	0.823889913731108	0.805810990001485	0.85484694615074	0.790972395212072	0.860976846283068	0.811670802238909	0.88267021610397	0.782090290832623	0.842261618829948	0.804417665339896	0.839622881027505
0.826382951190114	0.822109564603648	0.801063295622064	0.82393250109013	0.849132646214475	0.89062806562274	0.778596829324164	0.775245141852963	0.80643046125264	0.864590666609841	0.81733122457418	0.830362291816469	0.799955266146261	0.885400838668754	0.833388631453733	0.780077244197159	0.81415595987641	0.874101489772882	0.824311568548548	0.814817711180828	0.780180366985924	1	0.858135415028164	0.861132883254064	0.811246000953728	0.834370240530413	0.842311035914964	0.843159214450067	0.825667184985462	0.84857328940196	0.810654434677109	0.772336627361217	0.816690441316373	0.820613935328865	0.842793440539717	0.797051998577806	0.841979847565282	0.785951657775019	0.81957964860075	0.830084922410168	0.779565238461247	0.862712219028556	0.829904527202366	0.848289149387307	0.8043704746031	0.883098732870913	0.876244475316947	0.784151047020078	0.885638140540683	0.843375072972261	0.866383543857311	0.778707946968855	0.848289149387307	0.79924158723927	0.776142815458908	0.807241676253523	0.826343660820203	0.823499771178064	0.847178538145179	0.815521991819343	0.795370677223231	0.82711791494625	0.795283634824866	0.84640871145783	0.840469449500069	0.811672838377769	0.789513165211116	0.831224623261557	0.795350745177195	0.855442170739374	0.785515972493688	0.845926291833615	0.81722253698397	0.82540778456052	0.836977219563225	0.821471985126127	0.837898011959512	0.83537640699359	0.797474183119053	0.863354007455189	0.792004554099507	0.879731548370282	0.77498192206907	0.834351380788011	0.807243567331913
0.824030482048863	0.826289277823919	0.798401014691612	0.821855540726516	0.845230537023619	0.866232731533012	0.798877412555974	0.790423800859207	0.833992714986995	0.856691018915502	0.823616551150377	0.830685061758396	0.815241375717996	0.873759853708879	0.808910057744803	0.814145244067282	0.821922945667878	0.838612233030302	0.836836487345768	0.836416042949012	0.806469257139655	0.858135415028164	1	0.866093925961313	0.824738863461605	0.839497102811818	0.84664047733863	0.826982476449829	0.850235989863315	0.836572381005336	0.822828980893475	0.795308036172547	0.821802486931621	0.828483175997467	0.824415898852127	0.820068784210617	0.81640555813742	0.812210295649864	0.829038623953921	0.80383479798151	0.798196826831486	0.888009978342885	0.841341366421796	0.851674924691601	0.819367437989238	0.877576988265456	0.85573392567082	0.813832618541268	0.860624914857491	0.835873629667908	0.848311266281705	0.806352581937648	0.851674924691601	0.811812137384396	0.800732752177674	0.816341821885157	0.831088960147712	0.841680817196352	0.832123478469655	0.821923057086756	0.806231861918241	0.83736537945628	0.811171225334151	0.838103467376624	0.834017981802881	0.825452104712911	0.810141601351271	0.829483006925231	0.810366202319776	0.822122550222193	0.804347364973218	0.828804448616084	0.808545187378143	0.82184385893739	0.831734985778405	0.816081131091159	0.844821782920384	0.815412019319937	0.812824456416748	0.880289619674133	0.810241174180476	0.846390631996888	0.794482083829857	0.840099353065414	0.819791584074221
0.820319171696626	0.810042358520841	0.794356722704364	0.80995234714309	0.838593573471991	0.86064509878355	0.793794046673969	0.786533023515689	0.810719611549507	0.853925879696308	0.811355230806823	0.819666674529934	0.806853959173106	0.877416446097722	0.825387977698291	0.77722397979668	0.809745135052241	0.852281295942432	0.819788245037239	0.834435461710871	0.797528085790382	0.861132883254064	0.866093925961313	1	0.813472699373105	0.824566237248821	0.831143526385866	0.832929082664893	0.829461738210385	0.838834701505865	0.804388733216471	0.782138794718122	0.811699547929942	0.809814525907679	0.826037700299753	0.803293641341409	0.828383944988801	0.792935638861943	0.807755763825691	0.812595341467447	0.785661497749446	0.872531757862989	0.83238556725267	0.84499581376805	0.800194637317671	0.856864871822595	0.858668150255895	0.790485363007548	0.876388474529352	0.825228776840817	0.855446080911377	0.782276770135887	0.84499581376805	0.805092224361148	0.785662108627682	0.81211679924386	0.822534700619043	0.815584267556603	0.829467585451156	0.81479276395879	0.797452881144836	0.823939449066397	0.793137894475484	0.828892413718355	0.832481995521017	0.816506206740379	0.783850481009594	0.820089585456614	0.794445442987282	0.834398765719629	0.78853292113673	0.820292595140023	0.807854743427188	0.81306504230308	0.815395962344112	0.822867855210548	0.83434992734428	0.818063205346312	0.803437432214206	0.865623504424168	0.798453406408676	0.85027279147488	0.77288605753009	0.839696962143465	0.799310940613213
0.818706572828696	0.829607401133456	0.829077668521359	0.839358577714414	0.840477769905065	0.818112417218874	0.848308380875154	0.839466606500935	0.841951374809234	0.823503234530521	0.841776878770636	0.849124568337952	0.846639884896209	0.828504038688238	0.807045108857436	0.830883054236307	0.807987840492221	0.815774341467563	0.839919172073198	0.851439235361428	0.847352982939427	0.811246000953728	0.824738863461605	0.813472699373105	1	0.838192474770079	0.852017731271057	0.844617756967705	0.861716760068745	0.857559709510514	0.831706367674469	0.834655418142679	0.820854983966149	0.8249664814061	0.815268944519814	0.834111763159717	0.809340274448552	0.83011474266103	0.83687446447382	0.80302783599963	0.841857024786626	0.827896528422585	0.893251239916861	0.858135809683922	0.843727285279251	0.820377189062445	0.832223959449522	0.860788462425624	0.812548791623883	0.848307390818611	0.829563988942353	0.835010574040247	0.858135809683922	0.843547493666175	0.831289681428155	0.840283301746231	0.863983909725299	0.838370867814823	0.828268253164894	0.854773870630096	0.840372531694446	0.84136855661953	0.845549529895147	0.838692693690431	0.841803521846598	0.831710479457469	0.833657694873212	0.83360714832101	0.85896983436903	0.819449798724623	0.824993688482465	0.816570850368918	0.819777387719344	0.841160572468607	0.830475620807276	0.824789301075961	0.861866437419314	0.819669245010497	0.829912194686844	0.83929950995715	0.834664385334304	0.81120231042993	0.825228307179957	0.811435331931138	0.835081889882566
0.830422342487151	0.885795484423863	0.847896371359099	0.909313137381395	0.856275095439045	0.833441478988919	0.83448121067792	0.820411680001215	0.869173138489822	0.833544469489988	0.859933908246527	0.897504500993514	0.845145776873308	0.833257112392669	0.849664090145866	0.819120607452552	0.825890468893361	0.829062952087152	0.953355839363239	0.853108189610671	0.842511594250819	0.834370240530413	0.839497102811818	0.824566237248821	0.838192474770079	1	0.89792403409238	0.873680955126588	0.878826881791693	0.876787339402368	0.857078016872935	0.826995980867567	0.865127280524695	0.879532187428109	0.856898801320473	0.855014669878588	0.846626133349005	0.828153778310319	0.890291010107863	0.841761824534545	0.827845796184426	0.852775908635615	0.855736849560873	0.895799367488119	0.864127647644433	0.841361496152976	0.859161823161117	0.848870115860861	0.825898434212206	0.8675171420478	0.838078936107403	0.835861930475642	0.895799367488119	0.850470202089012	0.827401130312349	0.871468225061346	0.881354053220977	0.869213028505691	0.868187960011475	0.892542671236385	0.85997724905601	0.87931008856272	0.848563829244398	0.872164553077774	0.876240966269805	0.851823443491491	0.830347423058455	0.874508866443671	0.846600717032003	0.861770380062164	0.841384099060791	0.879341686903651	0.855814299303779	0.860132681629359	0.899023977556752	0.855113772602842	0.883739617499428	0.849134460743388	0.869846413141583	0.853355758806631	0.856762010425113	0.8344552095588	0.835386798531858	0.83560399980683	0.886151688105121
