1	0.821194721152089	0.819773866379396	0.821202753588942	0.811772494126739	0.829541478063561	0.793831489902973	0.808257184803132	0.82044183587261	0.833549966805119	0.835127568294331	0.827295960368489	0.818390564206993	0.834842983181851	0.807365044511417	0.823842480358778	0.817502530320027	0.834824910702004	0.827373620163066	0.815686189372591	0.804112078797755	0.825186573987425	0.824341730818747	0.817859531857567	0.815566428481737	0.829354464533346	0.818771496634512	0.81749642791048	0.823576917266965	0.820072501444295	0.815281779831245	0.798832057684416	0.81800431075541	0.816647399502155	0.815726351203696	0.814386737857571	0.801901862136218	0.809979493440426	0.831103383201097	0.809515107925121	0.80297309780392	0.834117370373422	0.830605978242984	-8.44664578503185e-07	0.812274358505852	0.842387642168385	0.835099063411228	0.802552120954358	0.823121292759184	0.805054053063833	0.831490865642766	0.798872611001895	-8.44664578503185e-07	0.823879663394944	0.812358610567993	0.826766046919936	0.829282716267188	0.8189291202666	0.842095178072489	0.82992282558796	0.81398176901262	0.820076542697887	0.822920826707096	0.843674002335794	0.828758537788115	0.842318551564813	0.818803557585597	0.81922145665315	0.808862681682554	0.828488888001083	0.799295464483687	0.839231330811474	0.804484176510176	0.831932276376112	0.826510422945675	0.806556009121653	0.8392319170341	0.826431340106179	0.809060238328425	0.838260347203313	0.800352229479673	0.816767665971739	0.796433226696343	0.875984769449924	0.814634115030133
0.821194721152089	1	0.83610576862583	0.881735810133035	0.846165083957729	0.820501271343535	0.821958839738813	0.814827756522145	0.864706067408296	0.810045566055381	0.847270460083504	0.892359659924853	0.836198908476121	0.823075411203302	0.836366355306925	0.806377179534941	0.814591612789936	0.812090897853302	0.883958562374962	0.849018860975365	0.831897787886688	0.816257738916248	0.821227653944002	0.804423153100112	0.825861830724125	0.881163394457687	0.880401208750627	0.856260205160228	0.870994818608876	0.865547609920162	0.850242697578175	0.820305630437113	0.875679117077198	0.865867370192506	0.839105817040565	0.869048316979379	0.822989678493484	0.819083060543526	0.866739859767424	0.832542353523172	0.816851809434039	0.83426044998558	0.839358467272195	-8.44664578503185e-07	0.859194503054876	0.82899700744801	0.838544190645945	0.831607618269173	0.814206326649792	0.863036973720097	0.821436316722048	0.813078166030235	-8.44664578503185e-07	0.844976163302194	0.82467617504475	0.851425302932691	0.872770321787125	0.870515132136342	0.843758256479398	0.868826568972013	0.86237878432643	0.882523478146836	0.842283962459435	0.856699948513656	0.862996823140823	0.830196903097135	0.820436384237387	0.877312267017492	0.83639063933393	0.836865631556984	0.831405697054454	0.85038472931838	0.83828777409474	0.844709949647912	0.879503137439759	0.851710828031742	0.88248037674123	0.84007899237945	0.868152101743733	0.837482113359989	0.854704043327012	0.823879876893087	0.832495900130355	0.830334954331679	0.880296997790667
0.819773866379396	0.83610576862583	1	0.831292368059976	0.805112146251076	0.806860543304114	0.836930927914507	0.839151636137311	0.839165455597252	0.803154139295262	0.859319125595894	0.855975358665691	0.855870607214785	0.802341673934811	0.821933274702957	0.816588461601845	0.802058043288534	0.796590100432925	0.844133794773068	0.810949483374469	0.856016401449565	0.796068479579519	0.794808038282033	0.790529232138186	0.822568819260177	0.843665623393122	0.828002277976527	0.81990222189951	0.836990135958869	0.827421955692888	0.81727776172895	0.835247184603336	0.808113247517011	0.802139009019919	0.834302684332847	0.849162114910864	0.813624082244202	0.818862960443855	0.830969954150473	0.810034016668727	0.832786213865115	0.809977228473947	0.827266845926263	-8.44664578503185e-07	0.851547870612046	0.79977668369661	0.815752451162697	0.84529823262524	0.789501796634291	0.817041752038412	0.806088661129305	0.830125928909047	-8.44664578503185e-07	0.87321583762395	0.843253034235139	0.879969565751608	0.861905320938148	0.824672912449349	0.845838078087587	0.877944433048597	0.855810215815038	0.829566263018483	0.872775460235228	0.836308101212144	0.831645205627408	0.837049470225026	0.834491656734138	0.820320522036068	0.869288311609706	0.832555682761543	0.81855132609703	0.817963621240707	0.80980240425425	0.845074762348113	0.824225549915677	0.80860779075491	0.845843387246205	0.824259060488739	0.84927267491922	0.805985770999978	0.856656198381184	0.79497029896249	0.848625778983995	0.809834451940744	0.836868469375605
0.821202753588942	0.881735810133035	0.831292368059976	1	0.834126270099833	0.827478562875055	0.836263768102645	0.82456806502012	0.876694364754614	0.816146668705417	0.846684901855481	0.895766901566205	0.850072330488543	0.821936663876196	0.838882260428147	0.813580299383996	0.820044657934781	0.815886878322509	0.918662322183781	0.83250919964901	0.833386437880608	0.818075371778604	0.815153317538289	0.804288764317722	0.834931403363588	0.906452756052964	0.881926218250828	0.851610325117614	0.873424995274785	0.862476963134885	0.862187381362692	0.826991788522119	0.862401831104977	0.869759920175495	0.845691951510612	0.851827297015733	0.831542033091591	0.820166576767209	0.898636180574621	0.844844097241623	0.829634280935537	0.839040422245902	0.844344701702228	-8.44664578503185e-07	0.870563259639408	0.831476043634256	0.846180520190036	0.846648693582416	0.813182239879911	0.854080856882417	0.825540969015666	0.830055065947578	-8.44664578503185e-07	0.83744397149199	0.826769837183031	0.847070934555852	0.883040312262089	0.86053648729626	0.857822605210857	0.879146269490938	0.860149759592715	0.883231078858613	0.853087278053767	0.874635396394876	0.872214774514071	0.829282245594282	0.823648217779335	0.874744798661258	0.839431545525493	0.843097988009861	0.845466354436779	0.8681119360745	0.85979835194149	0.86403800048053	0.892119561315396	0.848787789639501	0.891168491118732	0.845402427556668	0.873328764176861	0.830236034283433	0.845444872603556	0.824599499256113	0.843514801362049	0.823712159490494	0.906009442166386
0.811772494126739	0.846165083957729	0.805112146251076	0.834126270099833	1	0.841007312228757	0.794437926515421	0.792843402960516	0.81984876402656	0.824595063235137	0.817793081253478	0.850948859065165	0.809830544574989	0.84319166337295	0.817630686974385	0.788564254971813	0.803869511188885	0.836363661231865	0.842097858843509	0.849195293654498	0.817272277832264	0.844472430929382	0.840491290622533	0.832843577908113	0.833640682096808	0.852000508956896	0.882316570963959	0.885523186021321	0.844883946108705	0.881940747862001	0.814553544883639	0.790313259038075	0.83066815681532	0.838878756947523	0.823818763135468	0.817436233331114	0.821534159369063	0.794673578349836	0.824816296987141	0.805429121093186	0.795133288413409	0.839702927669955	0.840885996121562	-8.44664578503185e-07	0.813281730990678	0.840076211653798	0.847023537041116	0.813580875842102	0.841104658951928	0.883364620416208	0.833071150944	0.78565732339554	-8.44664578503185e-07	0.823340389935194	0.795835540289821	0.827994012390692	0.845613471812052	0.840003926793476	0.82325162728988	0.83798894454242	0.813579683807645	0.827628147889963	0.803263035840684	0.831584211127796	0.834707339621876	0.807155581784575	0.793982946652275	0.838894247382507	0.822087689097003	0.827451175773323	0.795706270717629	0.834228997415193	0.81241066469671	0.82212095037207	0.842953625835076	0.828651399697127	0.841790152821096	0.810685873201615	0.810908772501753	0.844281978214742	0.826000201559243	0.856408241054109	0.787937654238067	0.814760201356892	0.821972407983428
0.829541478063561	0.820501271343535	0.806860543304114	0.827478562875055	0.841007312228757	1	0.789309641720052	0.781592419471391	0.82079384172443	0.869673475209787	0.822511902431716	0.82986322915548	0.812699136476654	0.88452246454471	0.822827917101404	0.790468814712286	0.814121116868016	0.874002133640441	0.825837331324038	0.822594041282503	0.793899955495395	0.888488539246278	0.862275406514573	0.858010206705361	0.811827776088901	0.827591324271469	0.841355010002512	0.833486071750726	0.839153378473122	0.840860434494999	0.813151765061576	0.789641624111268	0.816836224885223	0.821300584344122	0.831762579289958	0.807717789909973	0.827451610054657	0.798553591865378	0.821045893903292	0.826297648844708	0.786653672539883	0.870654101349937	0.840260709138049	-8.44664578503185e-07	0.816342217195086	0.910829527276137	0.875681231040588	0.80062858285871	0.867183129356072	0.841758716626395	0.867408166375088	0.781376764463189	-8.44664578503185e-07	0.805781757762044	0.785906901132749	0.810359480177393	0.832924989071498	0.826891458030062	0.845701814577386	0.818843487476097	0.806937073023144	0.83169681284582	0.803306166398318	0.848483612446517	0.837158640561489	0.823362765506939	0.799193554785883	0.8292301039198	0.798561964677959	0.840334893842426	0.789279654166017	0.849212283824367	0.819730826961697	0.830871306813714	0.832014728543103	0.821273649833217	0.842121509482267	0.834114206082735	0.806383550768553	0.854653105328173	0.796905034074381	0.87342285945451	0.786119887983616	0.846872264238363	0.817932178498099
0.793831489902973	0.821958839738813	0.836930927914507	0.836263768102645	0.794437926515421	0.789309641720052	1	0.86737225745603	0.866018789107133	0.787642071487494	0.832535929005607	0.833097143536029	0.863301676415375	0.791693089067279	0.781581039320126	0.838734407086207	0.793944947572137	0.771597706192544	0.84339647154035	0.816408493953978	0.891128074733902	0.773539686228435	0.795192792999923	0.79131814960873	0.843906342744268	0.832979727425065	0.828152124318156	0.814541679747993	0.852786475665295	0.819898539496948	0.810968963099153	0.887107558445201	0.814739121412094	0.813010304994185	0.792047293510576	0.863691083673376	0.783061956443107	0.829440023341275	0.833707380282828	0.772883449205279	0.871464307216708	0.804691954696776	0.850677397198703	-8.44664578503185e-07	0.869989030574671	0.788723913262467	0.808272858190424	0.873571067771473	0.775196219818929	0.810399024017398	0.793978217361979	0.853816092614879	-8.44664578503185e-07	0.866711896120221	0.854184784652188	0.847593813509336	0.865984200136174	0.830867921360416	0.802458420532097	0.867424958155431	0.880429356070359	0.839051335400967	0.86159274194653	0.815080571957137	0.824742427923353	0.817232466052408	0.832784034185386	0.807881937478204	0.859932882810965	0.784045340063237	0.831861462058107	0.791926775060378	0.799195631937033	0.825889269849314	0.809344148703166	0.805884490408161	0.859428467594705	0.785307890888851	0.864047373867093	0.805540123216778	0.863924863978026	0.781534874343017	0.862248015287103	0.795430210015398	0.844842182021949
0.808257184803132	0.814827756522145	0.839151636137311	0.82456806502012	0.792843402960516	0.781592419471391	0.86737225745603	1	0.844618191219282	0.784011938808958	0.836227364994822	0.823172901693018	0.86670716022265	0.782926212306056	0.780344426756839	0.839131518352785	0.804502724023566	0.772479340360827	0.826802497451575	0.802243498665245	0.861800669158832	0.771044286871178	0.788547982559255	0.785445719392012	0.839401920620032	0.821198555947262	0.803776428777523	0.802026693172817	0.826258952270371	0.811038459187413	0.815714542904233	0.872062757552942	0.811847067935855	0.809915626967543	0.788310236109801	0.846560756318448	0.778294134171567	0.835703736173572	0.820049116605767	0.781741444710516	0.91782170694195	0.797745863457451	0.838483491450955	-8.44664578503185e-07	0.857942205598617	0.788028338963006	0.800467375134582	0.84307190860505	0.775935719736869	0.7892910859533	0.796290023006654	0.842236733565754	-8.44664578503185e-07	0.856110036200399	0.853807328826028	0.839338253952055	0.849761756327128	0.826992353334154	0.798619337565459	0.848543246773216	0.848731669145391	0.82596762370579	0.847924948752278	0.810931035908204	0.823871942569254	0.821824328806454	0.834625697044174	0.80330534954175	0.843213641410179	0.780018074930519	0.83633993273298	0.796227757746748	0.796546427100844	0.831039151964943	0.802955809959304	0.793772427356291	0.840744732566454	0.789161763526611	0.842726367371958	0.803517771637418	0.848626696894673	0.771834201803289	0.855579674530534	0.796849730347015	0.825013317434117
0.82044183587261	0.864706067408296	0.839165455597252	0.876694364754614	0.81984876402656	0.82079384172443	0.866018789107133	0.844618191219282	1	0.815124546046858	0.865573525416087	0.861359836488583	0.866877904373745	0.8219246615387	0.807324226524241	0.839462058578369	0.807754667130429	0.797695433638233	0.884033331495599	0.835867673301978	0.855740561140273	0.800290717546595	0.829487682025066	0.805509166124635	0.838067200302785	0.866263073725829	0.859589957354113	0.827419302944923	0.882333948332247	0.836004475885267	0.85421437489954	0.861075885548295	0.860276468767664	0.861450859178146	0.821010083106838	0.8893321785076	0.803528777056622	0.843463825183353	0.875260722963209	0.808210247557634	0.850453288086369	0.84124144706664	0.860277154262202	-8.44664578503185e-07	0.893399033179389	0.82220085217284	0.844088635384392	0.866194205045525	0.805815086009722	0.840410135942063	0.823464041501476	0.855541938539633	-8.44664578503185e-07	0.86306534734745	0.855269332995907	0.856868738228447	0.883825333779316	0.874799648059295	0.834054176134783	0.88026439869743	0.886111619543693	0.888651961194941	0.869533006695722	0.850895217806468	0.856528022947374	0.8321686381758	0.848272222620658	0.853376731686631	0.856269266482776	0.811579999607191	0.850603336267538	0.823311610743344	0.830981316847553	0.851322590250824	0.848298446276223	0.832356325315088	0.890555468838665	0.812367953326143	0.896100881971931	0.832279401165788	0.874101184311649	0.806563018684175	0.865060417075421	0.816273867052133	0.892873839167335
0.833549966805119	0.810045566055381	0.803154139295262	0.816146668705417	0.824595063235137	0.869673475209787	0.787642071487494	0.784011938808958	0.815124546046858	1	0.816480341996279	0.828857708332923	0.806870332206606	0.864035033326432	0.822323585726717	0.802471156116053	0.821935034660122	0.868046411893088	0.827266903976335	0.830912172796429	0.791055487156149	0.864992701235962	0.85382865283611	0.852150099851313	0.818386310319693	0.83052541912229	0.823615303691133	0.827396207239133	0.83878463725865	0.834249814787515	0.811106543240774	0.782015534509345	0.8020487078673	0.805318480416005	0.828006860602516	0.798038471817162	0.826291505473932	0.802787369344895	0.82543627255456	0.817066399850436	0.793205349241213	0.865748229596203	0.840032101162754	-8.44664578503185e-07	0.808347700557347	0.860907201104961	0.85422366107544	0.799363624084221	0.863395866251122	0.825548933569372	0.865658007271947	0.793691109352018	-8.44664578503185e-07	0.799990421322176	0.79173283541739	0.810311347719587	0.821304907014968	0.823680232147866	0.842421779861733	0.82025053284432	0.803805092633015	0.828913889810648	0.804700269580322	0.838554058116056	0.821559305156839	0.834617926096473	0.803701043204099	0.823460468632638	0.793400571168445	0.835042980762587	0.795183398268362	0.829099757358769	0.816202746560846	0.827609446735042	0.824765122727813	0.812187252122091	0.841107786679115	0.831153854829387	0.800664030866594	0.853825286167799	0.791925134232284	0.842924704299867	0.781944502191798	0.847463234654046	0.808820725255038
0.835127568294331	0.847270460083504	0.859319125595894	0.846684901855481	0.817793081253478	0.822511902431716	0.832535929005607	0.836227364994822	0.865573525416087	0.816480341996279	1	0.856211105898644	0.867404895466515	0.822158898573238	0.829072870428459	0.833523922913845	0.822136594282706	0.807038893377685	0.853166357489573	0.830965650511291	0.837056433835372	0.813382194262178	0.818685888209081	0.807915278979867	0.83490066009507	0.853721442183661	0.83868440891293	0.824850966099381	0.84748074808981	0.839593231258923	0.849196569110913	0.833969110364079	0.831731237940521	0.829509374298663	0.839333658499546	0.851907253314561	0.820982515076636	0.833702438695713	0.848134271877034	0.823298609278055	0.830960559125701	0.828483840754551	0.85348701909771	-8.44664578503185e-07	0.858853223338267	0.825373592011407	0.837922335639434	0.848285192162378	0.809616172948765	0.828042082156617	0.836498496061312	0.839649936117271	-8.44664578503185e-07	0.855728047294863	0.842378906831609	0.845898877690651	0.861825380321569	0.837109084955614	0.850339729606908	0.865762339188573	0.848777899831784	0.847526634179664	0.859080224208483	0.844973481514844	0.839968780898942	0.845310751838999	0.856396700997042	0.842089661888611	0.85263994391609	0.83630736616239	0.848996941410746	0.829980675237468	0.842668750230284	0.862889971785033	0.841359191103549	0.830694719067019	0.866237830095714	0.840385296239238	0.85281265226884	0.833133096575269	0.850583438851687	0.812627098139266	0.843577421854599	0.829040068497632	0.845072221959653
0.827295960368489	0.892359659924853	0.855975358665691	0.895766901566205	0.850948859065165	0.82986322915548	0.833097143536029	0.823172901693018	0.861359836488583	0.828857708332923	0.856211105898644	1	0.846958488588091	0.832673967158616	0.861999296183191	0.816126360708184	0.819665850017534	0.825600125789772	0.897132972661822	0.84765342793536	0.836414002834193	0.825021351388595	0.824655437829796	0.815394084244321	0.84417417265777	0.893944885930166	0.894450089183477	0.872815730806958	0.876421955776734	0.885857000374483	0.858801808951632	0.822078297038589	0.861986198925533	0.862109742144339	0.87341219443859	0.861217806479727	0.861244014563078	0.823531474125419	0.874207707357559	0.862539065206958	0.826882259475431	0.836423626989464	0.851569122729161	-8.44664578503185e-07	0.863366973686345	0.830874292318576	0.851794991455851	0.846104937553322	0.825394387220315	0.875089761014468	0.829561054085637	0.830589225329969	-8.44664578503185e-07	0.848767658005877	0.835060471883328	0.863839489453389	0.886388913956228	0.86063586624182	0.857178032271858	0.881010192664093	0.863958039600188	0.889009129394246	0.851556633237799	0.862945451108039	0.873590718988992	0.840347374001761	0.828708916582651	0.894950758533467	0.846900313911594	0.858524949985706	0.83973590425403	0.866382670904621	0.858715922582615	0.861182334300186	0.881872418223012	0.87069072193788	0.890742498046903	0.865748106420052	0.873210758515417	0.844674929913392	0.85467770038094	0.831884462027391	0.844063024413496	0.834723108107146	0.882188217272595
0.818390564206993	0.836198908476121	0.855870607214785	0.850072330488543	0.809830544574989	0.812699136476654	0.863301676415375	0.86670716022265	0.866877904373745	0.806870332206606	0.867404895466515	0.846958488588091	1	0.809197738395738	0.813422630409967	0.850238651060262	0.817215113637335	0.794485363652667	0.852056818099705	0.818740196092888	0.861961031249778	0.794195478605192	0.810675152099358	0.802088844218378	0.843202696404571	0.843498586723149	0.826370164536486	0.821518213285247	0.850849831830609	0.822906336228811	0.845850787618679	0.860646480413739	0.83021836851311	0.822373604009589	0.819784791829382	0.856931588758531	0.806366366784427	0.831062100090025	0.853825745897582	0.808088948860856	0.865014068365052	0.822240693902015	0.855318042649694	-8.44664578503185e-07	0.870423481359111	0.815794663676334	0.823490511525474	0.855311804616483	0.78882187997236	0.816940221347072	0.818861237832162	0.855028716670904	-8.44664578503185e-07	0.865812557857153	0.840800595954118	0.850709934209179	0.868251069095469	0.840518761367551	0.827571681462192	0.870056089528389	0.854034175568201	0.842433075514454	0.872503287962065	0.844465611656043	0.840755919874436	0.843688702879146	0.845732367265778	0.829692571306336	0.856365406256238	0.810281605727551	0.851552531147909	0.811335258094639	0.816795441816872	0.865532901761422	0.82933603600395	0.820597845001802	0.863083003924116	0.819030697123802	0.863971550808073	0.822934102481313	0.859148533099373	0.797256921880169	0.847343512778127	0.806979650618343	0.848721190187309
0.834842983181851	0.823075411203302	0.802341673934811	0.821936663876196	0.84319166337295	0.88452246454471	0.791693089067279	0.782926212306056	0.8219246615387	0.864035033326432	0.822158898573238	0.832673967158616	0.809197738395738	1	0.829569322501921	0.786804213918191	0.833226851146522	0.874544172748711	0.822624972111947	0.83636737227479	0.798974917686558	0.883254144047002	0.870336865146918	0.875794020759145	0.82116132402943	0.827366498401517	0.847173650872181	0.840910470075713	0.828371261692601	0.854791277361132	0.813762700850325	0.784743679186273	0.821181962281813	0.828116586780546	0.837873853109492	0.81336949748837	0.835117505423073	0.801682927031632	0.818863848569742	0.816624926419317	0.781715867292824	0.88313444953102	0.846472547973033	-8.44664578503185e-07	0.809488564253968	0.880936968866526	0.889767184881931	0.798568616699813	0.901620153596153	0.838914481242333	0.874432633489373	0.777676444545473	-8.44664578503185e-07	0.810739844710237	0.788784159682078	0.807175020343417	0.836244302391893	0.824452671163854	0.837958083315183	0.821013137598956	0.808505210722251	0.832474054025287	0.802343344257185	0.846687783860711	0.843083171856032	0.820195005730206	0.790968731633682	0.829928351039897	0.806803037867784	0.839676296618679	0.801313340399022	0.826526899673749	0.81126550324572	0.82799995004912	0.831201922779054	0.823198640878124	0.851706045806062	0.824957412529706	0.813373898642062	0.877323491253616	0.808359613285203	0.870402407553585	0.782314355107057	0.835204267549863	0.811475439471352
0.807365044511417	0.836366355306925	0.821933274702957	0.838882260428147	0.817630686974385	0.822827917101404	0.781581039320126	0.780344426756839	0.807324226524241	0.822323585726717	0.829072870428459	0.861999296183191	0.813422630409967	0.829569322501921	1	0.765901095701423	0.832436062037192	0.831706480086839	0.837236385187754	0.814314358945423	0.79280873547831	0.828240790767164	0.802296448384769	0.820210456210892	0.800585378292333	0.845376336032919	0.847303512613296	0.842236827228334	0.816653024264686	0.854059604305319	0.834374622115676	0.768931707183226	0.822440499854206	0.815980843378295	0.896349905800567	0.808024313058024	0.892177669166357	0.790365825649515	0.81746057783287	0.902381339207921	0.779260045617358	0.822891743445774	0.823182116822778	-8.44664578503185e-07	0.805524282681972	0.818128671126331	0.833325610599461	0.785772382808961	0.828843385594684	0.837156283565344	0.825887010041261	0.768333955312888	-8.44664578503185e-07	0.80113499668633	0.776493045655398	0.818938368813571	0.831453085592914	0.811627163998901	0.848527231910286	0.831537339554482	0.800433644095665	0.833097151657738	0.798951299085044	0.842392599811698	0.842483815565866	0.832515619325823	0.779351474164262	0.860000403257291	0.79615940521918	0.880714522319097	0.809746521144957	0.837752479706358	0.859375857748932	0.859274775883261	0.84022392697715	0.878640020103483	0.840972778125456	0.898031930775453	0.807984247178506	0.822975004195853	0.809211612898579	0.815427953579415	0.779770516212314	0.821307542017833	0.813791662354598
0.823842480358778	0.806377179534941	0.816588461601845	0.813580299383996	0.788564254971813	0.790468814712286	0.838734407086207	0.839131518352785	0.839462058578369	0.802471156116053	0.833523922913845	0.816126360708184	0.850238651060262	0.786804213918191	0.765901095701423	1	0.807986445862686	0.77138118536456	0.828967698775532	0.818268275827203	0.825847180995953	0.779037904792468	0.815001035950866	0.776906484265607	0.83175235469573	0.820483010009627	0.798699358329397	0.789048916173958	0.83249232954308	0.79638035781817	0.821702723768719	0.82943977290929	0.797453793456022	0.805215284262529	0.779176319571994	0.826732236849338	0.769282422714957	0.83406312019715	0.832309731286543	0.770521303518012	0.845373254020913	0.80419308982711	0.83922447905218	-8.44664578503185e-07	0.833911406946806	0.805877255447435	0.795229131641793	0.852299454519551	0.7720126674277	0.788432109537142	0.796273168156332	0.872822183681044	-8.44664578503185e-07	0.82906356572425	0.868374321810896	0.820795262809845	0.824048143021197	0.832745089191135	0.798489017073254	0.827372364320639	0.826821629956164	0.822031281632478	0.858672020906528	0.819637653372945	0.804648129640983	0.842043249799512	0.890410584044199	0.796634260994663	0.838643518260014	0.775594794087254	0.82166132333883	0.787536452154473	0.785056472091448	0.825266314191257	0.797224838896735	0.785850517582317	0.829935590879202	0.78561284010001	0.812204548518578	0.814575682371814	0.814392840204283	0.78209651165455	0.835024246146248	0.80528852562316	0.816229992704558
0.817502530320027	0.814591612789936	0.802058043288534	0.820044657934781	0.803869511188885	0.814121116868016	0.793944947572137	0.804502724023566	0.807754667130429	0.821935034660122	0.822136594282706	0.819665850017534	0.817215113637335	0.833226851146522	0.832436062037192	0.807986445862686	1	0.808167887039308	0.822141879139711	0.813694983251834	0.800452218739808	0.811740184449846	0.820562716609296	0.807679099989269	0.803837391917013	0.825683932079834	0.81892927871727	0.817823114975309	0.814474702451206	0.815995203958329	0.832302372455909	0.795262827077999	0.811213484263146	0.811070624557128	0.820923572359889	0.800673330293406	0.820706094685403	0.812450996921664	0.815475418827855	0.814187249841314	0.804448322469523	0.823083292242159	0.822324256897283	-8.44664578503185e-07	0.806554278473081	0.828716299735427	0.822134591259532	0.792115625648787	0.820632363387368	0.797961586884869	0.817516770026388	0.787483888167247	-8.44664578503185e-07	0.798872622425022	0.78631241354223	0.801853651326541	0.823586504589181	0.812109626562867	0.812767395095291	0.813373169948379	0.800158103174062	0.819045891218392	0.800879140010829	0.830070876204348	0.827647664666838	0.835557381445774	0.79847240603539	0.819013744878545	0.795928965099985	0.809694266046812	0.821693300080854	0.806196181373501	0.820098479001404	0.836178674626552	0.816612228378141	0.82671889315476	0.831815446255816	0.825123749782129	0.801011729653556	0.821323472036502	0.807640290234549	0.803456511681758	0.784822155280091	0.815781628851412	0.810543877623818
0.834824910702004	0.812090897853302	0.796590100432925	0.815886878322509	0.836363661231865	0.874002133640441	0.771597706192544	0.772479340360827	0.797695433638233	0.868046411893088	0.807038893377685	0.825600125789772	0.794485363652667	0.874544172748711	0.831706480086839	0.77138118536456	0.808167887039308	1	0.8161284855897	0.810688935112773	0.775013373527525	0.871480049952813	0.83582922693246	0.84933326787848	0.808597781128077	0.825627846789527	0.826672915132827	0.832510554417888	0.820890131786301	0.842546027263408	0.797589825644689	0.768636183490807	0.805562299345652	0.814016953859313	0.83769987484754	0.789759110963775	0.834893700304095	0.780104842257836	0.810695101040141	0.822554373198117	0.772969973987266	0.840843499293458	0.831682712644092	-8.44664578503185e-07	0.788195333055645	0.872799312262171	0.880947838452536	0.778336972244576	0.872754409146044	0.839472969317526	0.861559933738601	0.765363591047612	-8.44664578503185e-07	0.791428664432941	0.770599774352659	0.806545619918261	0.813956501574602	0.818863819214153	0.848233438022406	0.807177932297282	0.783766610075354	0.810759491562856	0.783132543260823	0.833553099282296	0.831418141845687	0.818504007800405	0.780406947095113	0.824635244670469	0.788220716440605	0.850440585417294	0.777384674538424	0.835514766480869	0.817468811922985	0.821005198074679	0.820056632533282	0.81937776025845	0.827954961084064	0.833498252540814	0.786756615093781	0.848675181829994	0.788861313821361	0.856260469224645	0.762794604560425	0.841485216390075	0.801363876107904
0.827373620163066	0.883958562374962	0.844133794773068	0.918662322183781	0.842097858843509	0.825837331324038	0.84339647154035	0.826802497451575	0.884033331495599	0.827266903976335	0.853166357489573	0.897132972661822	0.852056818099705	0.822624972111947	0.837236385187754	0.828967698775532	0.822141879139711	0.8161284855897	1	0.850388204834381	0.847227065296158	0.819016954055584	0.83224898830676	0.814605775059132	0.835335022009683	0.952537018422203	0.886991181668685	0.86148305707161	0.886944866613137	0.866422938528635	0.85897148773714	0.835225335887352	0.860098953266211	0.876715116174237	0.842866044299622	0.861292942923651	0.832571710217974	0.833414358337091	0.903989292169863	0.831563978679545	0.835660255917857	0.846295478387766	0.856373324939386	-8.44664578503185e-07	0.873911576209645	0.83146675777921	0.850206756828999	0.859466077406687	0.814564216694582	0.862596644437039	0.831261326251687	0.846690299809547	-8.44664578503185e-07	0.848342291345361	0.838659479956221	0.869589617786104	0.883501960336483	0.870407216969221	0.860062359878889	0.888856041892055	0.870447755723146	0.888469060458157	0.858553629219787	0.868079634329659	0.873466281449376	0.85123378525023	0.833632614713969	0.865481853119968	0.851957741698031	0.845614933060042	0.844886285145827	0.862754866492887	0.849833556924243	0.862024433585168	0.888149364594866	0.845824543510529	0.887458230448377	0.835976280215313	0.883495715224677	0.844391005360183	0.854961017290039	0.819766951061886	0.84688191938366	0.827468575838505	0.910466295186136
0.815686189372591	0.849018860975365	0.810949483374469	0.83250919964901	0.849195293654498	0.822594041282503	0.816408493953978	0.802243498665245	0.835867673301978	0.830912172796429	0.830965650511291	0.84765342793536	0.818740196092888	0.83636737227479	0.814314358945423	0.818268275827203	0.813694983251834	0.810688935112773	0.850388204834381	1	0.835523835270006	0.812589734568979	0.830665963665025	0.828659854109164	0.850385020965003	0.849589357800882	0.864865468005951	0.848412980005499	0.858346357600724	0.86396317550819	0.81832466845408	0.795495001299033	0.825286881400857	0.83108283798853	0.815179700962917	0.832889767776606	0.810906850277092	0.837446853482043	0.827499604559606	0.799495851623405	0.80711599978057	0.837400703147003	0.854124659666526	-8.44664578503185e-07	0.819927044653561	0.829810942126056	0.831542290476625	0.83177680074859	0.824847953642833	0.8505683338967	0.822474754599494	0.811621677362958	-8.44664578503185e-07	0.825551339067593	0.821820601042761	0.833428631607965	0.840055658285093	0.834046578619433	0.831259173746784	0.846810871327717	0.833346227374474	0.842413463466947	0.820732283091183	0.828282828140541	0.828963091438005	0.84841451185613	0.822678701258333	0.835432230614269	0.831041360633908	0.821221469707413	0.811343244196314	0.822786248119871	0.802214953675694	0.823341842602564	0.834317875181254	0.832288715872927	0.851946175064627	0.81667327675426	0.822373715728179	0.846912475519503	0.832310956632662	0.821734370322014	0.798504444034794	0.821650148377655	0.82323641806384
0.804112078797755	0.831897787886688	0.856016401449565	0.833386437880608	0.817272277832264	0.793899955495395	0.891128074733902	0.861800669158832	0.855740561140273	0.791055487156149	0.837056433835372	0.836414002834193	0.861961031249778	0.798974917686558	0.79280873547831	0.825847180995953	0.800452218739808	0.775013373527525	0.847227065296158	0.835523835270006	1	0.776690415847211	0.801415093354808	0.794061286852611	0.845646509182559	0.840804506590057	0.84359503886501	0.82757940497161	0.860116445800701	0.832932327232887	0.811107595761486	0.878944692602525	0.814936014302455	0.809559164549116	0.794950866202893	0.866794384919486	0.785130184242189	0.838775034608254	0.828472708859874	0.776193394105393	0.867378084005935	0.809354033685421	0.852624867523756	-8.44664578503185e-07	0.861522112760426	0.79107607603589	0.813949634056379	0.868768254237529	0.782996564035878	0.819112178291845	0.797468761300778	0.837921870398663	-8.44664578503185e-07	0.880160771969088	0.841850437412616	0.870790992458644	0.862961400340263	0.829161331312721	0.812553394307747	0.881527928662527	0.87358339289906	0.833289587599482	0.860670016846185	0.81307417242817	0.818907280882299	0.827827682795049	0.825102843009297	0.801540620168751	0.867133847360812	0.792973066913444	0.828826686253552	0.802002182476328	0.795599306379701	0.82844686721914	0.820255973131325	0.804281384454591	0.853419947800863	0.787532623457392	0.860100634529615	0.809031392017752	0.879176445870035	0.77962657697769	0.841807085551418	0.802854310932145	0.837574101431271
0.825186573987425	0.816257738916248	0.796068479579519	0.818075371778604	0.844472430929382	0.888488539246278	0.773539686228435	0.771044286871178	0.800290717546595	0.864992701235962	0.813382194262178	0.825021351388595	0.794195478605192	0.883254144047002	0.828240790767164	0.779037904792468	0.811740184449846	0.871480049952813	0.819016954055584	0.812589734568979	0.776690415847211	1	0.855746795184366	0.858954177323962	0.804811791650797	0.828912152144766	0.837785054432226	0.83874427558934	0.820482225913158	0.844157099018817	0.804264486101546	0.765984862907655	0.810064813588345	0.812713179709182	0.839398244679454	0.791983962711281	0.836265163808594	0.782798881810464	0.814624650489189	0.825258014023984	0.774569509855108	0.859936796766784	0.823729162768923	-8.44664578503185e-07	0.798228358020141	0.88086695347446	0.873191987874601	0.776945102792565	0.887283924684821	0.837099654248631	0.867774215001941	0.771398579510309	-8.44664578503185e-07	0.793827210157146	0.771850345118529	0.800362701901504	0.82064416494005	0.817469501529098	0.842103469392745	0.809665933165769	0.790414198481877	0.821122193429451	0.789250815375251	0.84134074524373	0.83450097267575	0.808560456484339	0.785252728290769	0.825351950344512	0.789554997316277	0.851499286356481	0.780866307784673	0.841499416271985	0.810883165422416	0.819659728442723	0.831928931898694	0.815155422630988	0.832757144186177	0.83122359983909	0.79184609274069	0.858924429066004	0.788191125546932	0.876836648304456	0.769368776620156	0.833873755380734	0.801286183578976
0.824341730818747	0.821227653944002	0.794808038282033	0.815153317538289	0.840491290622533	0.862275406514573	0.795192792999923	0.788547982559255	0.829487682025066	0.85382865283611	0.818685888209081	0.824655437829796	0.810675152099358	0.870336865146918	0.802296448384769	0.815001035950866	0.820562716609296	0.83582922693246	0.83224898830676	0.830665963665025	0.801415093354808	0.855746795184366	1	0.863780866744247	0.816841765059538	0.834011223845652	0.841405938056081	0.82064138700366	0.844880528610476	0.830573947680324	0.817055440433848	0.791264574661439	0.818064333361095	0.82409074417481	0.820688162613263	0.81460738127784	0.810026233163279	0.808654768287192	0.827512586702055	0.797638313588678	0.795983695708917	0.883792989030269	0.837057321938296	-8.44664578503185e-07	0.81278287206629	0.872098730004382	0.85398670721105	0.806498236093939	0.856351951223407	0.831202360742464	0.850239196072589	0.803403838963135	-8.44664578503185e-07	0.805593636659977	0.799529798536334	0.812428099209257	0.825361598888062	0.837024598549257	0.826679069853787	0.816855531249493	0.802820339831713	0.832207864065674	0.806799885262253	0.832041252358892	0.829440362562361	0.821237729711393	0.807225717933024	0.822429283768431	0.806487779255637	0.819224329653309	0.800463025014846	0.823404879824981	0.802615426159173	0.815008594049759	0.825073077015627	0.809881241952105	0.838873965852019	0.811059346350309	0.808335204879291	0.878556139393294	0.807286072753113	0.8455657927695	0.7910395090433	0.839336385850995	0.81545677446561
0.817859531857567	0.804423153100112	0.790529232138186	0.804288764317722	0.832843577908113	0.858010206705361	0.79131814960873	0.785445719392012	0.805509166124635	0.852150099851313	0.807915278979867	0.815394084244321	0.802088844218378	0.875794020759145	0.820210456210892	0.776906484265607	0.807679099989269	0.84933326787848	0.814605775059132	0.828659854109164	0.794061286852611	0.858954177323962	0.863780866744247	1	0.806736536499767	0.81906600418299	0.826535249292793	0.828209138457056	0.82423010359048	0.833924961431683	0.798246422072271	0.777681898128215	0.805268162819049	0.802261824619112	0.822743946283047	0.798396785152884	0.822761137124328	0.790424729549421	0.80361922884113	0.807453539786733	0.7831851465965	0.86930001984503	0.82584191867703	-8.44664578503185e-07	0.794943094777597	0.853952466449592	0.857115667151286	0.784599167604857	0.87772025168142	0.81900783883722	0.855105706619141	0.775891446316642	-8.44664578503185e-07	0.799983706508459	0.781571601017671	0.806443937622187	0.817423682574146	0.810167601130256	0.825856556751705	0.810460268881146	0.793821286078831	0.818921111843511	0.788104331047364	0.823900292152716	0.827221518847419	0.813750202514283	0.780520657247538	0.813876087953815	0.789326522176711	0.830775407538113	0.783972536177077	0.815660247669332	0.801276410199806	0.806782240290965	0.809736830886045	0.816871527766691	0.830519138078788	0.813858520300576	0.799443185852906	0.861722812733899	0.795452048965416	0.849556142568072	0.768771940449036	0.838346708761308	0.794781341049223
0.815566428481737	0.825861830724125	0.822568819260177	0.834931403363588	0.833640682096808	0.811827776088901	0.843906342744268	0.839401920620032	0.838067200302785	0.818386310319693	0.83490066009507	0.84417417265777	0.843202696404571	0.82116132402943	0.800585378292333	0.83175235469573	0.803837391917013	0.808597781128077	0.835335022009683	0.850385020965003	0.845646509182559	0.804811791650797	0.816841765059538	0.806736536499767	1	0.832982398946077	0.848270213854203	0.83842150700777	0.856974978121529	0.850907840743594	0.826034488032981	0.827913851112879	0.817381805855389	0.820383495733911	0.807852713092986	0.830256811743584	0.804918566507577	0.828246622333145	0.833219544432534	0.795209571942154	0.841228542063932	0.821637437758602	0.886658752847588	-8.44664578503185e-07	0.838457008730057	0.814944251970036	0.826340940931821	0.853860567731419	0.806497971951258	0.841212873306701	0.828758173826805	0.830479444666297	-8.44664578503185e-07	0.841126326374302	0.829768967127758	0.836189698796655	0.857193341900742	0.83555978361081	0.821454891786535	0.849067416981428	0.836822378818267	0.834692360770982	0.841040125519374	0.831431786139019	0.83360849129175	0.827718418697702	0.830684699300755	0.829085956662323	0.851672132646692	0.811980542937732	0.821592627410057	0.811643002398851	0.812029462211876	0.836306941378304	0.826978891409491	0.81953468526009	0.85792235779262	0.812224794077216	0.824286605506963	0.832785343798309	0.829959211999479	0.805531162297538	0.822641126592408	0.806575967999137	0.82946525280613
0.829354464533346	0.881163394457687	0.843665623393122	0.906452756052964	0.852000508956896	0.827591324271469	0.832979727425065	0.821198555947262	0.866263073725829	0.83052541912229	0.853721442183661	0.893944885930166	0.843498586723149	0.827366498401517	0.845376336032919	0.820483010009627	0.825683932079834	0.825627846789527	0.952537018422203	0.849589357800882	0.840804506590057	0.828912152144766	0.834011223845652	0.81906600418299	0.832982398946077	1	0.893392598053216	0.869134471289836	0.874043611201891	0.8723474695947	0.8524496187175	0.823512558014324	0.862036407600246	0.87717082777668	0.850672978892056	0.851854548410572	0.843654370347651	0.826179948513318	0.889251584769323	0.837264504370825	0.827692052294728	0.847953297278305	0.851698140404535	-8.44664578503185e-07	0.861558694205813	0.836943095776134	0.854188435471892	0.845088364255383	0.820961029694476	0.864064439799617	0.836645262268821	0.832018141134258	-8.44664578503185e-07	0.845800708110293	0.826693581578996	0.868926501319628	0.877734818535569	0.865070177199743	0.865343503146866	0.889532716459764	0.858285045974281	0.87553402016815	0.845995649987024	0.86875958890644	0.872821258991832	0.849789295387386	0.828592902858267	0.869430211633525	0.843467482725064	0.856742596076284	0.838926233659609	0.872294666809262	0.851388579909442	0.857123878308987	0.893719340246264	0.851177161238138	0.882266491047069	0.843586817146741	0.867731832250991	0.84846334803803	0.854769487315723	0.829734546464848	0.833249318372921	0.831919341019135	0.885112803982557
