1	0.850957524847772	0.850521221784405	0.838348827712852	0.844259439066208	0.847028170079177	0.845293060905791	0.823785118190932	0.845333618095535	0.866514373910804	0.851447691411758	0.831093141129836	0.840741859651738	0.868965558582439	0.832857298238035	0.842053111923966	0.822252609185454	0.860728233955677	0.838754312424444	0.842233496137311	0.831788024404459	0.851213178140729	0.854800549735822	0.856527437402968	0.842089690599925	0.832889519952364	0.838247744185386	0.847431766481095	0.844067429087845	0.828928291563657	0.858031947964823	0.81663380598508	0.813900565048499	0.831807143387536	0.842822526293781	0.841310220889093	0.839187044909302	0.843548334957801	0.847565890991994	0.837845378322596	0.828481539083078	0.881883204261684	0.838065747708925	-1	0.841367045560147	0.864806897369925	0.851385343775634	0.845338284046158	0.852794713012105	0.840798420400929	0.86615516626564	0.842796392789687	-1	0.849299643028843	0.848003147351625	0.858434865011131	0.854010430309792	0.838116649563317	0.875986213132833	0.840665427182377	0.840193329587297	0.847523778870177	0.860578513948516	0.871364990210979	0.842840240578817	0.857653566639073	0.847239656412554	0.843605057134789	0.838773785178827	0.848877684652391	0.842343368636525	0.850062869244501	0.844065135607579	0.849063366244224	0.842897138617479	0.843390885113469	0.862414455263007	0.853617856502978	0.848674349905831	0.870072335411563	0.827737679629208	0.841355323937796	0.845452059544787	0.883646350429537	0.858570424359048
0.850957524847772	1	0.867723678872678	0.903690308303174	0.890440032028725	0.857268296197278	0.870517208667677	0.84676888506164	0.898144337561434	0.848634227618937	0.875741557379083	0.884209466442648	0.85832183710764	0.861987898603007	0.860473506134199	0.848808966967878	0.822492211743744	0.850281447548541	0.905022014972084	0.870130062537334	0.854374609099715	0.851790151512713	0.861562503683639	0.842167902366097	0.867259098296866	0.896704221778793	0.904305105145307	0.89220101617853	0.899603676533234	0.87574182044451	0.887576442468144	0.860649204431924	0.887227931545729	0.892374726932282	0.870319123407355	0.907140561627563	0.858972147557709	0.843036068456126	0.883466382262305	0.861298657284944	0.8652878158508	0.871293550727208	0.862422622334741	-1	0.899776817671349	0.873533545271261	0.860518878257027	0.885772781694205	0.846420952326896	0.897655956410857	0.862649540106471	0.880042744961191	-1	0.87537197056558	0.878202215014101	0.887446137746772	0.89719566841802	0.896444353929585	0.889813564384805	0.893649509594827	0.900001527828674	0.89415325542234	0.886419696064041	0.892476976977921	0.880878335250197	0.858146130222137	0.856096861587727	0.901705399621287	0.882633604632957	0.854121175293394	0.865895183336507	0.882392608036408	0.87009608219271	0.861863995676319	0.899271392627722	0.878664985699784	0.902920791149337	0.871115652494794	0.905925190558392	0.869178012211371	0.886596864740648	0.858832501531544	0.870690903070823	0.837542842266656	0.911907215658662
0.850521221784405	0.867723678872678	1	0.866816325460453	0.856937216454054	0.830328848346969	0.862173012068226	0.842200481186861	0.862394824614896	0.833899200058978	0.868883916138917	0.871346096631291	0.863900759362156	0.852062309714669	0.847349652841951	0.840447678628372	0.805997453813609	0.829065325853503	0.867959596258818	0.831576792635107	0.857997295306491	0.831338626017026	0.838709273217309	0.831574375147076	0.850125707273161	0.865307360195931	0.862694901429724	0.866032747811312	0.859082920042405	0.842335946879765	0.871116767346928	0.845666524745226	0.827956020449748	0.837642655604027	0.866165545651943	0.86865832721812	0.845118703080612	0.832227274014865	0.865658259860626	0.851412609808835	0.847847012632328	0.861314554852197	0.842548004305203	-1	0.874578281221596	0.848189557429713	0.842831061190506	0.865802205215678	0.818135701603403	0.852151574434334	0.850545234019777	0.856451497945096	-1	0.887004947283119	0.867416467901484	0.895463372178177	0.879181249999137	0.858856434036755	0.874598259913645	0.883184050438748	0.874541712652925	0.864514364688021	0.889234003728706	0.879067438076427	0.853714358507132	0.850713736634946	0.85535018563366	0.86355465526317	0.8856173125673	0.85496633990729	0.8450879894625	0.857211110801994	0.853628656943755	0.855180811702983	0.865039810496431	0.865573356713637	0.887563988448884	0.858149910183981	0.885217372260612	0.850067222582018	0.864771695719107	0.84578393437488	0.87410967498641	0.835182751831754	0.87858822213713
0.838348827712852	0.903690308303174	0.866816325460453	1	0.874546435832939	0.857930434152023	0.863463250323326	0.842721789173109	0.884077502753392	0.844980388955703	0.870428137608642	0.885144993888862	0.866185688823432	0.85655179517647	0.859486853579791	0.843965633601795	0.822634967142609	0.850505468822595	0.921612686622342	0.860685918995766	0.859218388733057	0.846725325939357	0.852845248209089	0.835279572182353	0.866512382436125	0.914374189720271	0.906133279426652	0.895367379138102	0.884152340126483	0.879548163178077	0.894953318319606	0.847417158897152	0.865742225527768	0.875881580780566	0.873500881840405	0.877033593639565	0.859102193376694	0.83025527927217	0.893931677450625	0.864151637458727	0.85658488988196	0.870616721029615	0.865314476214882	-1	0.890248501121401	0.86825154993537	0.855325029189427	0.875070101411662	0.83833039831004	0.885048845053477	0.858623037146169	0.874032854462232	-1	0.860694818933006	0.869186176078439	0.882396257702062	0.905378263139681	0.874910803408429	0.889605287735816	0.893700211159359	0.875033898306629	0.889553716378769	0.888167941832437	0.901493807384131	0.887779685436069	0.859211099615382	0.851185566684385	0.882375529382259	0.877870582149513	0.862930874965053	0.867027119084515	0.884711958671014	0.881465960996612	0.87034317870789	0.899139557961257	0.881273400655107	0.905248754018254	0.877026117108632	0.896702369299014	0.863516924239813	0.868477808053503	0.857142961280773	0.870713808253434	0.836870144781719	0.91312255310606
0.844259439066208	0.890440032028725	0.856937216454054	0.874546435832939	1	0.871983782070836	0.849953795052453	0.835313393082831	0.864954726384653	0.859125561086844	0.848446416280819	0.870666842120203	0.847412424419058	0.884380084367198	0.857489705206438	0.83163140455246	0.817772854984794	0.867252201061266	0.881301082392539	0.86842295462036	0.85420026861457	0.871413380587086	0.876858050940565	0.856310146172502	0.861993422870047	0.879495019533295	0.91370139996119	0.91456272606641	0.874267123942664	0.891889481222397	0.868499205350144	0.830029647116982	0.862404174333329	0.875732756344714	0.86751890190482	0.868191821170187	0.86265771557994	0.831401373955446	0.862849741426862	0.859067390729108	0.840203371487709	0.883123592678004	0.856839118397478	-1	0.864489309061848	0.882663256695431	0.87568285458917	0.857508653449451	0.860085600865818	0.911943149404513	0.871429261638682	0.842649882355503	-1	0.86293839471369	0.861767033916858	0.875708335668957	0.883593391434887	0.872365986931534	0.870838521184218	0.868185389501225	0.865479260999857	0.87566842260453	0.866990430651051	0.880237782266335	0.876299082310444	0.847171217669963	0.839649621560169	0.887066444582675	0.867109815435818	0.85993654178769	0.84572156669104	0.878236123782158	0.861561962445195	0.85153425695667	0.885854676713533	0.873011736920671	0.884254608505852	0.862817295641178	0.873554773318027	0.880937685494933	0.859280745387433	0.887398747241891	0.852939367085106	0.838327722846606	0.874162674266611
0.847028170079177	0.857268296197278	0.830328848346969	0.857930434152023	0.871983782070836	1	0.828571457695943	0.829064509761381	0.840902992624664	0.891867550957029	0.841764977688883	0.839162998044506	0.827076632318567	0.908404766249564	0.845714264901613	0.83004815205846	0.821848361986728	0.889343212957069	0.842369967084251	0.859803648070632	0.832289194450895	0.899781948069885	0.889077530035244	0.885543484689131	0.851087653838288	0.844490234982498	0.874043168066953	0.875788298645747	0.849930916413707	0.854735283920088	0.856390673634434	0.806830310947785	0.841491252613143	0.843585844777286	0.857496236283014	0.841607138015951	0.852417964309059	0.821437246391506	0.823723559261293	0.844950820418402	0.831029833101858	0.891102043018304	0.860491950730322	-1	0.835014385199781	0.915740781394009	0.873885634110852	0.834295380713884	0.885386694987327	0.859798724758815	0.88809422653857	0.830059893449942	-1	0.833301707177968	0.846856051855404	0.849193848020875	0.852708653282189	0.840203840408254	0.865809465054944	0.837135922489871	0.838460335906103	0.847011638876156	0.842816620250135	0.86804055348014	0.846561609181275	0.840578423131819	0.832918906597213	0.849002282900263	0.835876625035586	0.849866125283128	0.840202681498626	0.853408025664907	0.853319050981755	0.844459385568136	0.860506967642082	0.84948161277689	0.853863968740695	0.8647894168478	0.839081696853462	0.884386340058482	0.818606082248841	0.883505695676534	0.823779050745729	0.856681391917152	0.844536009622702
0.845293060905791	0.870517208667677	0.862173012068226	0.863463250323326	0.849953795052453	0.828571457695943	1	0.862631081080433	0.89346769659533	0.835896723658677	0.860415146417815	0.838932744627873	0.870098002394487	0.846881599799309	0.811134160463675	0.867426632132305	0.804301181416325	0.825001258178755	0.861110655297499	0.858204546678527	0.89702121108131	0.82315654810629	0.832752999660091	0.830262010980627	0.86841026984054	0.851832999169819	0.858905339574042	0.858575452160307	0.873594743469487	0.844672153271963	0.856409915073621	0.900221154827444	0.83285869469207	0.84830749594058	0.825378495683873	0.899107084206184	0.827935148516244	0.849296659912779	0.864058705872542	0.819869229341829	0.877281618980632	0.854771295994123	0.863986650409668	-1	0.888583638824291	0.838152890135578	0.828863424431014	0.898220852062453	0.820133768116663	0.853368037859413	0.844899359482799	0.889675542246716	-1	0.881492116392112	0.893447608454068	0.882615983953835	0.882951352591139	0.862493474857531	0.858190777992015	0.879457419848093	0.891520871335781	0.865757432398091	0.891374642515538	0.862802556732972	0.843184234705808	0.851465231520687	0.861960451159962	0.846104439527481	0.885095653009619	0.821241628990355	0.855888122689311	0.839242968298386	0.837828225696294	0.846819853423615	0.84383302131103	0.845098383730845	0.885076746269103	0.831195003018006	0.898413919049816	0.848171372679994	0.894002893803369	0.824946153444567	0.898168571396022	0.828748300425782	0.89159544404065
0.823785118190932	0.84676888506164	0.842200481186861	0.842721789173109	0.835313393082831	0.829064509761381	0.862631081080433	1	0.84810067626345	0.824780846439673	0.840104156500909	0.821771688865033	0.84867805895796	0.833217574052157	0.812229234463586	0.840658834765076	0.805984700367808	0.817962875431892	0.836679810762053	0.824789381098752	0.866112728180812	0.814039501035301	0.819247088417312	0.817221724411585	0.860295192744707	0.832702999833986	0.836485129657826	0.837951758579869	0.84414734047887	0.821185680881443	0.852555320228865	0.860869139031458	0.818527459391529	0.8234473707475	0.817383698494129	0.859328871451853	0.816382866861277	0.833218835058404	0.843352348957593	0.809260520154655	0.92047169994843	0.830939912754002	0.852710582228675	-1	0.863196752107344	0.827916371060519	0.8157075559986	0.860068225948107	0.809990121816102	0.823469896503819	0.835017970534236	0.857123359795755	-1	0.853964276777176	0.862559846729805	0.854431378721474	0.85630291434214	0.830160406514802	0.836714618884606	0.849938232929673	0.858870200500927	0.837141166235521	0.855818074342746	0.84104893998791	0.830835850246308	0.831511977787381	0.83498339805197	0.823787961458556	0.850482853413238	0.805807348760848	0.845833509142356	0.825253293122399	0.834575824609756	0.829607631501794	0.835524240185728	0.825769638110656	0.858028641261188	0.825473175401217	0.864910030549405	0.828566537824046	0.847553306449325	0.816494625378103	0.858863836350819	0.810497607031519	0.847944780287111
0.845333618095535	0.898144337561434	0.862394824614896	0.884077502753392	0.864954726384653	0.840902992624664	0.89346769659533	0.84810067626345	1	0.837534392176275	0.869301814758774	0.855858795453043	0.859987940918117	0.846605841555991	0.826318843251007	0.861986167865477	0.811846596030727	0.833968000288271	0.885457037197631	0.84999938769413	0.866587286109678	0.837481921933803	0.851261766463265	0.839241202238035	0.857749651392133	0.875131804445086	0.8806482854228	0.862290970082334	0.881747687773252	0.842953571093677	0.878172314020412	0.882623170381452	0.853235792611654	0.86800689421133	0.842998292122518	0.911524098654785	0.830489918563201	0.838284048468229	0.870822840226426	0.828382918975125	0.865935147319708	0.861572083777984	0.862287584399999	-1	0.901050442851118	0.853774489134767	0.843476721927934	0.887707711015234	0.833916517243605	0.866328525922414	0.853503702950306	0.890455994421542	-1	0.875827507896421	0.88093561181116	0.880757838139569	0.895783122168969	0.884333424704564	0.866411984420644	0.886618472588611	0.894682040196841	0.885144680701132	0.891847049388947	0.867385122196882	0.862661612724203	0.85275175834779	0.858839855770903	0.874289744844817	0.882203333334727	0.830305401602164	0.862097022567514	0.854896168449031	0.849317342897387	0.85303994386102	0.864201696958248	0.853964790505237	0.88929220922948	0.844395246302569	0.904686559265196	0.859288149678793	0.887941908752617	0.842732991708828	0.881941433496086	0.831580838739393	0.896651891349886
0.866514373910804	0.848634227618937	0.833899200058978	0.844980388955703	0.859125561086844	0.891867550957029	0.835896723658677	0.824780846439673	0.837534392176275	1	0.843304195100374	0.833524366762965	0.831505489784447	0.899646034545195	0.834381204426011	0.848044463217087	0.826969849488025	0.884839762950684	0.843045463795405	0.857213281196937	0.836719099815514	0.87789995224187	0.869071367711151	0.874445875729025	0.851648225663772	0.832533550509729	0.851439199323021	0.863599533112438	0.8462502861903	0.842331109528514	0.855139016639381	0.809024124517063	0.813270115905198	0.832505038633595	0.842405428091844	0.835186340059515	0.844121257324678	0.841607871213115	0.830886882287543	0.839226108839109	0.828132528602452	0.886049238065744	0.852555906654119	-1	0.831115822657167	0.886037318076888	0.862207541911399	0.843462647822822	0.879693908488	0.861769500972165	0.884174083744782	0.831718670109407	-1	0.83673668889481	0.850086513977875	0.849439950414842	0.848043088740545	0.832550590355303	0.867923929464318	0.832027320825886	0.837422545161758	0.83998991798524	0.849465769061537	0.869749358241504	0.834939812480099	0.849688024628566	0.850431241422041	0.843332405206072	0.830666420462731	0.848602244590094	0.839382935765272	0.84385626504093	0.844622973801267	0.849631892336273	0.850124487515045	0.845475286722577	0.85365150639159	0.858606823257521	0.842098997433884	0.881265355729698	0.814054722099098	0.871679872393666	0.829371677816261	0.864033403459633	0.842975761100702
0.851447691411758	0.875741557379083	0.868883916138917	0.870428137608642	0.848446416280819	0.841764977688883	0.860415146417815	0.840104156500909	0.869301814758774	0.843304195100374	1	0.849909465164856	0.855646761029499	0.845867667705703	0.83865273004144	0.86002301196092	0.815685009984987	0.839458727319992	0.86318702128899	0.8455022972235	0.843086860718804	0.839687826244436	0.842350366964936	0.833742411975918	0.859132967541971	0.863240193652441	0.862766660057824	0.857790783513681	0.858619812567115	0.838793465179503	0.875606896231164	0.842326090404339	0.841202948278997	0.842439662480373	0.856480043165349	0.860739760152727	0.841195681562316	0.827152096999906	0.852119817981271	0.838005676955569	0.850395994134817	0.857013627073523	0.858549871856519	-1	0.87081746754927	0.856671088652935	0.837288139990867	0.860115528751747	0.835005725177176	0.849964036179974	0.852881589567113	0.866554630033248	-1	0.860113444387512	0.865020516252893	0.863677979977306	0.873801997021807	0.856302660289971	0.863876843191721	0.869346304628635	0.859850645353669	0.852643038084107	0.871647149726014	0.866722138614279	0.850826908442971	0.848605720791256	0.860694554559318	0.854198027653689	0.867528850910196	0.842893578466689	0.856994073589423	0.855232830510157	0.849429427417891	0.846944643337037	0.855985080482556	0.856030779262925	0.873488694003804	0.865383377219952	0.874203752546939	0.853047195589097	0.85235071580209	0.842425513118019	0.850292945033342	0.83244567664244	0.865672958903186
0.831093141129836	0.884209466442648	0.871346096631291	0.885144993888862	0.870666842120203	0.839162998044506	0.838932744627873	0.821771688865033	0.855858795453043	0.833524366762965	0.849909465164856	1	0.846222594695851	0.852399794964611	0.853027839247471	0.802863890203284	0.800210477429123	0.827236468268778	0.898599571437387	0.851010875582921	0.847054304364679	0.825829277749338	0.835296737027647	0.820607298417196	0.850400554237917	0.888482402722544	0.891821913429175	0.883651545021862	0.863976783537374	0.879428695181368	0.8658255254498	0.829244244589682	0.837229225371987	0.855357237785576	0.879843056604126	0.865354303251354	0.87334690209264	0.818660872399853	0.863590611325393	0.871898807092484	0.826182956026339	0.851071847648991	0.833119061683825	-1	0.86117888794086	0.853528166748553	0.857321510922998	0.843706875088696	0.822021534170712	0.884474348092956	0.83542092488555	0.826089732939892	-1	0.842161284194958	0.842857648963238	0.872402203744009	0.874348899382066	0.860568146889826	0.864780028499032	0.872236064972462	0.858427984739977	0.887145920667181	0.86154136939248	0.87334110433266	0.860360413767169	0.840297617774443	0.831150407986507	0.890629721469108	0.849680613432542	0.863626538462436	0.837525649761721	0.866501985459022	0.859788944050277	0.858106703440526	0.873441840963085	0.882465903482445	0.884383278923703	0.863588134409354	0.879840788677491	0.851599112412562	0.856609192653668	0.864262912807215	0.847953071618056	0.829583654394381	0.885383017528345
0.840741859651738	0.85832183710764	0.863900759362156	0.866185688823432	0.847412424419058	0.827076632318567	0.870098002394487	0.84867805895796	0.859987940918117	0.831505489784447	0.855646761029499	0.846222594695851	1	0.841418358238961	0.829114828957503	0.845770556609935	0.818484658551139	0.816412799102423	0.86118553401618	0.830259148909035	0.865281268819038	0.815451961738984	0.826399444306405	0.820253875371862	0.847101421332171	0.847488246584379	0.848895018685687	0.848012130694964	0.858404933581701	0.830104750366628	0.868167963594798	0.85241683531664	0.821724047701035	0.831163711863884	0.842888808423541	0.866305407386195	0.836012432981091	0.829447397140809	0.863227378845202	0.833495616103471	0.854516354195454	0.854301544236192	0.84340985845017	-1	0.870015561399546	0.840404123230414	0.832191087935584	0.867284876999787	0.810686103500418	0.845064254383133	0.840363486580526	0.865226273379638	-1	0.867542892134605	0.86051376004301	0.871338792999394	0.878678982425505	0.842169469534925	0.859820905447721	0.865023338615962	0.861942532050463	0.854700825610345	0.877001591901673	0.87225985751945	0.842585117644894	0.850865258047487	0.843139986409054	0.848836150150355	0.864338729953578	0.833569108014472	0.852681332970702	0.843583118287414	0.842491064081113	0.86779464065934	0.852469289942255	0.858120946984869	0.882684661042691	0.846834356164093	0.889597005774408	0.844107788814809	0.86936854992537	0.828307477364608	0.868474899625548	0.830686947346289	0.876969951700095
0.868965558582439	0.861987898603007	0.852062309714669	0.85655179517647	0.884380084367198	0.908404766249564	0.846881599799309	0.833217574052157	0.846605841555991	0.899646034545195	0.845867667705703	0.852399794964611	0.841418358238961	1	0.856402850050856	0.836815121892533	0.825843406515279	0.895377119163294	0.849996383689398	0.860652938786971	0.845949665598214	0.901152094912751	0.896423689468453	0.901502245931553	0.859159039651911	0.847859519115884	0.878233779105682	0.888700851721189	0.857556716901366	0.867070473430715	0.861769988970003	0.814713397941905	0.836690296309604	0.849973256144953	0.862810544020091	0.850514360425378	0.863937461730504	0.841392339741311	0.845397345970895	0.859758068397911	0.830631602771887	0.91247757314712	0.865439829385893	-1	0.839159635614904	0.903961858745494	0.895088874271458	0.846039994296325	0.895456461586806	0.870133498335563	0.900374996600081	0.831730007640927	-1	0.855176218065591	0.859509636283922	0.86282432106947	0.866582164541169	0.852528472968489	0.871782931635607	0.846105312185508	0.852080654815252	0.857817913876082	0.852967338074082	0.876270897307297	0.858540046178178	0.850046981800366	0.846387224647138	0.866138036629691	0.849089242042476	0.863171490068127	0.847426881057967	0.861137807503963	0.860062681922141	0.857858660690567	0.866763040756668	0.866742834822425	0.869609225125047	0.862969776235773	0.855206237557027	0.909356499183103	0.83460680399738	0.890640060537747	0.842839463436562	0.8638141815092	0.857774053706584
0.832857298238035	0.860473506134199	0.847349652841951	0.859486853579791	0.857489705206438	0.845714264901613	0.811134160463675	0.812229234463586	0.826318843251007	0.834381204426011	0.83865273004144	0.853027839247471	0.829114828957503	0.856402850050856	1	0.794981194417291	0.832750891826487	0.842832697920216	0.847305814784072	0.830178526660592	0.814378274852084	0.848785996373384	0.837277838925924	0.837572842155102	0.828446262516031	0.849177931738271	0.866220727660978	0.866653582009706	0.837325524553129	0.854066504385105	0.86596759597009	0.795224251293916	0.834886159332054	0.835593801250515	0.906040396719364	0.834129023765754	0.888512439480253	0.817984413108437	0.842310099536724	0.905223496243495	0.824677324762749	0.853487714328695	0.829769646304665	-1	0.840010362981427	0.846999145781423	0.843103773634691	0.823834465366297	0.843297145707591	0.85201338461823	0.845977275850719	0.817593948050246	-1	0.829817239012259	0.824453415890473	0.840769564541706	0.856632385706855	0.833482009225624	0.864839918770552	0.854660807834476	0.8337981515142	0.852177111727463	0.834041821033536	0.873093818957583	0.8640863245077	0.835724835570784	0.807573495299417	0.885161253810342	0.835740369992364	0.887112196959655	0.846313179888051	0.857550613614083	0.874516488339047	0.873304385637298	0.86510566375917	0.88225788767111	0.863772626395475	0.901675442799165	0.845740328643956	0.848036061918759	0.822958596887736	0.842217805020018	0.819875341836451	0.822000059668288	0.847311991641331
0.842053111923966	0.848808966967878	0.840447678628372	0.843965633601795	0.83163140455246	0.83004815205846	0.867426632132305	0.840658834765076	0.861986167865477	0.848044463217087	0.86002301196092	0.802863890203284	0.845770556609935	0.836815121892533	0.794981194417291	1	0.810640283164306	0.825036498067448	0.840235739138413	0.839095182483723	0.844086639967346	0.825775853437846	0.845537987842235	0.82910743525183	0.855957192988105	0.834804051493345	0.832099599856864	0.8269226575732	0.848772160144583	0.804669846693585	0.85028641147889	0.834939863072447	0.80628653041446	0.820207085030399	0.805985701866639	0.852838639699062	0.807229892482659	0.841163326421457	0.840188121962834	0.792329808434946	0.85770258953178	0.856436380586137	0.857895399562267	-1	0.852178977127214	0.847888023880798	0.811644678245531	0.861557420806093	0.823978985513171	0.827831267246415	0.842958135692377	0.885191462668718	-1	0.849111229950063	0.893044697482158	0.854592692835791	0.851628191217191	0.84347412451033	0.842010880893809	0.839630149865284	0.848819094123904	0.82936169203466	0.889693863349346	0.847228772362769	0.821399458234519	0.855662718487876	0.902436934093293	0.817510783114537	0.860624765821506	0.801839923629506	0.850382320598103	0.819214558975395	0.823843162334986	0.831028365493895	0.82754505972249	0.820680176534304	0.849666039879402	0.819316353659371	0.8502332969092	0.848021881278946	0.835801550106725	0.83051118151744	0.86497146244255	0.830723176647431	0.848127390418832
0.822252609185454	0.822492211743744	0.805997453813609	0.822634967142609	0.817772854984794	0.821848361986728	0.804301181416325	0.805984700367808	0.811846596030727	0.826969849488025	0.815685009984987	0.800210477429123	0.818484658551139	0.825843406515279	0.832750891826487	0.810640283164306	1	0.814740461950768	0.81104779987996	0.817669184971344	0.799605621807054	0.813391414674335	0.819576095006086	0.807037427285048	0.82309290260461	0.812721540110568	0.818264144932344	0.818191384563467	0.806946993987942	0.803773137805093	0.851424686862177	0.785990577760519	0.788095897940959	0.79963753476243	0.833687411715872	0.804696956527003	0.825685780598824	0.817167201985903	0.813887991195333	0.82534150291226	0.812403505693848	0.838629639740058	0.827044099341301	-1	0.816477451910307	0.830065134604729	0.801370292103416	0.815794719116085	0.814503704027349	0.812300386236399	0.827713259090462	0.811307328586125	-1	0.805542765895568	0.819965123928133	0.814276416695441	0.819715896694662	0.80846383902078	0.829476607136082	0.809348678899154	0.806871902582776	0.818382071800756	0.833342779641443	0.841208514812649	0.817689251153394	0.843521688898094	0.809577436135732	0.820572427533328	0.813385005627947	0.818716692513099	0.835424094710574	0.805812721211097	0.846581099330631	0.847584418432827	0.812710567518684	0.834094047915322	0.830935662998444	0.840749597417111	0.81501040835847	0.821669081683805	0.795147749415638	0.818134574874303	0.808503294986596	0.815724349673491	0.819086978292044
0.860728233955677	0.850281447548541	0.829065325853503	0.850505468822595	0.867252201061266	0.889343212957069	0.825001258178755	0.817962875431892	0.833968000288271	0.884839762950684	0.839458727319992	0.827236468268778	0.816412799102423	0.895377119163294	0.842832697920216	0.825036498067448	0.814740461950768	1	0.837344853516415	0.85330448722813	0.820839169748553	0.894560327437468	0.880075543881729	0.872991178060312	0.849572206509537	0.844187191550653	0.865558324863981	0.878003784470584	0.838548630078057	0.855511290831998	0.851026679473682	0.801026092546303	0.827443862987543	0.841453382019611	0.856674207308612	0.834934498171219	0.848698764606571	0.823616926858737	0.829228622409233	0.845310879135177	0.826917874320852	0.883991203814701	0.845746618551285	-1	0.833364453238206	0.892869304181283	0.883734806962195	0.825349212876949	0.89001315083955	0.858699843485974	0.877993111600549	0.827441756290251	-1	0.834847810912593	0.841211514080672	0.847350758293391	0.850086881144803	0.837669064259765	0.867612707211454	0.830227640992324	0.827694304074806	0.839117937424805	0.845335534772064	0.862881740824116	0.842838099643543	0.841407008253167	0.836465936972751	0.850500873212413	0.834026656313068	0.858178853647555	0.836348206002739	0.849338232627117	0.853977025070657	0.838314119641652	0.850105434180789	0.843269691835192	0.848326663095466	0.867349254976839	0.837156212714798	0.882243838178228	0.815638995567679	0.864937066801963	0.832243896584212	0.857299212181687	0.845939069694618
0.838754312424444	0.905022014972084	0.867959596258818	0.921612686622342	0.881301082392539	0.842369967084251	0.861110655297499	0.836679810762053	0.885457037197631	0.843045463795405	0.86318702128899	0.898599571437387	0.86118553401618	0.849996383689398	0.847305814784072	0.840235739138413	0.81104779987996	0.837344853516415	1	0.862226863157164	0.865900259773643	0.832505244432465	0.854817043041966	0.827892571867273	0.863486914960705	0.961773090837949	0.905353458150735	0.889581155262719	0.891890846887075	0.879555488938156	0.886767972403586	0.856459667383605	0.856221366347377	0.877653326981618	0.862527870477764	0.885588132250169	0.85898740095929	0.830835110743851	0.891107129027313	0.858229027186851	0.854654659948825	0.862732424449713	0.861657317132391	-1	0.890486394813143	0.866182174339164	0.863102087907838	0.876044636414935	0.832126885498404	0.897226211405722	0.84898689740682	0.864535076694531	-1	0.858373998835962	0.868970814267945	0.888646274276243	0.898970117716472	0.873333837203999	0.881705218200033	0.891034513012503	0.880847311798909	0.889304102204213	0.888089948656109	0.888693247834037	0.870744018545465	0.859422257334993	0.851434893399063	0.88653824981571	0.877568038765458	0.855382031173637	0.855112375061781	0.876144857916718	0.869115026384826	0.863341127779691	0.888625952480533	0.881668409322964	0.899827671499365	0.861234908509959	0.902337666256499	0.86664921103298	0.873358199378225	0.855801810342328	0.870384682873433	0.83268965924673	0.916558752246036
0.842233496137311	0.870130062537334	0.831576792635107	0.860685918995766	0.86842295462036	0.859803648070632	0.858204546678527	0.824789381098752	0.84999938769413	0.857213281196937	0.8455022972235	0.851010875582921	0.830259148909035	0.860652938786971	0.830178526660592	0.839095182483723	0.817669184971344	0.85330448722813	0.862226863157164	1	0.850925538874948	0.838800225310418	0.861244636687738	0.847292334291323	0.867215158369535	0.865725176737155	0.878665958222423	0.880346392324705	0.867178120309981	0.876081893973457	0.853375868408894	0.823231455767213	0.834192207710826	0.850109194727202	0.842370479765059	0.861000849515571	0.839896251525315	0.842074016413143	0.838793355177639	0.83141606198158	0.838767389218727	0.867584121897168	0.869507257873861	-1	0.855875792729513	0.865288673191076	0.843687130092062	0.856754417020653	0.848635813892934	0.878667303156162	0.851082694214163	0.840927661883572	-1	0.848047684205556	0.857109191689083	0.857848220712028	0.864120612894697	0.857973736028713	0.867383752379481	0.855383667021052	0.853230670481234	0.862165536281231	0.859845447462621	0.867652282077878	0.850376827568707	0.858533372098719	0.852165500423797	0.859075233453364	0.848796801961064	0.838801650694146	0.843094874495747	0.849710333286742	0.851509753692903	0.836027347494004	0.85056366998959	0.852071686774097	0.868319193655955	0.850196163808239	0.857073110119489	0.858716486630822	0.849055765454477	0.849793198635701	0.846924121937287	0.838610380654357	0.858270858589707
0.831788024404459	0.854374609099715	0.857997295306491	0.859218388733057	0.85420026861457	0.832289194450895	0.89702121108131	0.866112728180812	0.866587286109678	0.836719099815514	0.843086860718804	0.847054304364679	0.865281268819038	0.845949665598214	0.814378274852084	0.844086639967346	0.799605621807054	0.820839169748553	0.865900259773643	0.850925538874948	1	0.816288789445941	0.829910099880042	0.824456318653574	0.870807410580991	0.852812623218072	0.863698497683898	0.860617294328474	0.876161067749191	0.851616371875076	0.854841134539709	0.884009451492702	0.822906243033157	0.838814464221188	0.820044367538486	0.877798354972961	0.825951540808879	0.838340607511915	0.850305820138527	0.81652754929892	0.86790454916988	0.852688268467818	0.868134163170498	-1	0.87120302269776	0.842724570533352	0.836207759113191	0.878778367468505	0.822358627062023	0.856092577791607	0.840514090831235	0.858401271691607	-1	0.868977967145599	0.875182683103856	0.87430320596336	0.882027861309402	0.847011409850728	0.850864034917726	0.868075132955223	0.877311745245537	0.859753912095212	0.876881080038367	0.854102930999071	0.836915918378844	0.842171858089692	0.84846503913143	0.835387946246403	0.871649785624632	0.818414115847672	0.843957461704194	0.829067774361021	0.838538439074068	0.843848030180047	0.839931159406382	0.841768963412393	0.876392011410621	0.82721477208919	0.881012351254365	0.843927324568427	0.877430767115441	0.826100846349325	0.873464466062884	0.821288815656399	0.873195020850048
0.851213178140729	0.851790151512713	0.831338626017026	0.846725325939357	0.871413380587086	0.899781948069885	0.82315654810629	0.814039501035301	0.837481921933803	0.87789995224187	0.839687826244436	0.825829277749338	0.815451961738984	0.901152094912751	0.848785996373384	0.825775853437846	0.813391414674335	0.894560327437468	0.832505244432465	0.838800225310418	0.816288789445941	1	0.883253843016269	0.883992368774133	0.837678459069896	0.83562707006746	0.867356442134105	0.874191159562702	0.844205531552395	0.849324216232779	0.849513743904496	0.803788892361803	0.830298071100303	0.837821785350678	0.85590374937356	0.831959786552019	0.842966743370672	0.818754898172007	0.833545389190473	0.838586785008985	0.821159175180994	0.877256429715381	0.846606385388911	-1	0.831094999780916	0.905416974407426	0.877659650529653	0.825319906295314	0.893341656950905	0.855377572184203	0.882191463312715	0.826852075514871	-1	0.836924624744846	0.836123768027757	0.843908736361431	0.845414955849114	0.837368655763216	0.860655031671041	0.831318444048328	0.828816309916081	0.84110163821458	0.836425045521967	0.864574859633479	0.851126062014479	0.831987997653801	0.825735808983213	0.848808681386533	0.835763554732712	0.849755943572209	0.828901208147395	0.851890646948365	0.839874523819308	0.828969410212642	0.857270917288202	0.838385589940286	0.854185682474539	0.858959280119503	0.835970518804741	0.883888635235636	0.812146914997555	0.878775246409826	0.817412916237598	0.845941181992209	0.83708853266368
0.854800549735822	0.861562503683639	0.838709273217309	0.852845248209089	0.876858050940565	0.889077530035244	0.832752999660091	0.819247088417312	0.851261766463265	0.869071367711151	0.842350366964936	0.835296737027647	0.826399444306405	0.896423689468453	0.837277838925924	0.845537987842235	0.819576095006086	0.880075543881729	0.854817043041966	0.861244636687738	0.829910099880042	0.883253843016269	1	0.895234795140191	0.854931293830381	0.855823654888306	0.87548961025618	0.874774680774101	0.859908226712366	0.855892618970209	0.857225328564386	0.810382563666902	0.836014720411798	0.853420427125042	0.8484548834323	0.846472374588476	0.837130307014281	0.831368143879885	0.841997109666569	0.832205546685897	0.835227955277075	0.906207707647898	0.858678126031848	-1	0.849675100235935	0.90552447003379	0.870926795560845	0.838284435134736	0.881849306033627	0.863360245604597	0.879073129839524	0.838502331078594	-1	0.844369219026057	0.854721328990487	0.858711220930325	0.858853418450564	0.851520542038575	0.866173341302595	0.846558596636981	0.840479467985965	0.853331786774328	0.859617620183394	0.864847322584395	0.849715183184715	0.853636906671144	0.847926921906345	0.857962760943813	0.843395559610904	0.843716287163872	0.83776843906791	0.853114803440526	0.849370365662595	0.836968129864632	0.855244063595104	0.852849386399342	0.862636397186248	0.853650242318357	0.849286300442311	0.899981535048276	0.831834641122063	0.876972283698182	0.839299922305479	0.852758717781147	0.852294673219275
0.856527437402968	0.842167902366097	0.831574375147076	0.835279572182353	0.856310146172502	0.885543484689131	0.830262010980627	0.817221724411585	0.839241202238035	0.874445875729025	0.833742411975918	0.820607298417196	0.820253875371862	0.901502245931553	0.837572842155102	0.82910743525183	0.807037427285048	0.872991178060312	0.827892571867273	0.847292334291323	0.824456318653574	0.883992368774133	0.895234795140191	1	0.836534225888869	0.830455880330614	0.853917782480444	0.867696943670448	0.845013891214345	0.844117448604325	0.847805261321683	0.804413678843675	0.818847422085122	0.830944679310661	0.840991739880241	0.835690674987719	0.834428470381128	0.818287798079393	0.829611740465347	0.829845478719461	0.819645964164738	0.890314909747373	0.841138865403997	-1	0.831167043349553	0.882243540903317	0.860473444916828	0.825714435647367	0.879898553583214	0.846395676680853	0.876229558020931	0.825375136191985	-1	0.839740812029354	0.841737948668502	0.845464274940683	0.850287052880242	0.834623447448945	0.855926887333873	0.83617742225052	0.828419907076952	0.837578867057478	0.838957600810336	0.858084947745253	0.848551060526323	0.83620855982429	0.829538755096422	0.843992321007821	0.830186425158728	0.838873599680882	0.82902712180301	0.847367458975003	0.834153088667425	0.828820804381935	0.851355579552874	0.841286379517946	0.853017566177437	0.844053779697204	0.838269585099156	0.889642139335451	0.817403312122305	0.863719365716414	0.824565591009643	0.842452673775577	0.836361427883784
0.842089690599925	0.867259098296866	0.850125707273161	0.866512382436125	0.861993422870047	0.851087653838288	0.86841026984054	0.860295192744707	0.857749651392133	0.851648225663772	0.859132967541971	0.850400554237917	0.847101421332171	0.859159039651911	0.828446262516031	0.855957192988105	0.82309290260461	0.849572206509537	0.863486914960705	0.867215158369535	0.870807410580991	0.837678459069896	0.854931293830381	0.836534225888869	1	0.863727894079273	0.87200320502641	0.869652372927708	0.867938795379004	0.864358411604991	0.866165975176655	0.846260270848724	0.832167735123456	0.845248314243544	0.842895510474153	0.861682707582776	0.844252647398804	0.842640002388855	0.846669014679484	0.829031241566368	0.867328526457448	0.866929812112112	0.884117189663448	-1	0.864224627005514	0.86596130837081	0.841527393636936	0.863560285870406	0.836396617258637	0.862258631627974	0.8574223190668	0.85552507882932	-1	0.854200886212078	0.872078299245571	0.868388460744979	0.872071584918457	0.85888616983838	0.86639527372877	0.85716724197678	0.856894413752373	0.859106160700606	0.879863764846092	0.863720170948483	0.845170249339089	0.854702120170268	0.858326085908293	0.853369422191294	0.868418818501847	0.837963144497426	0.859543154610215	0.839831300512766	0.858194343674431	0.847193664346746	0.846594950307907	0.8549785235916	0.871727730393015	0.857012401287924	0.865294968964475	0.858597965600926	0.852904563139395	0.84991201018405	0.862279734321909	0.838643681107622	0.867486426757913
0.832889519952364	0.896704221778793	0.865307360195931	0.914374189720271	0.879495019533295	0.844490234982498	0.851832999169819	0.832702999833986	0.875131804445086	0.832533550509729	0.863240193652441	0.888482402722544	0.847488246584379	0.847859519115884	0.849177931738271	0.834804051493345	0.812721540110568	0.844187191550653	0.961773090837949	0.865725176737155	0.852812623218072	0.83562707006746	0.855823654888306	0.830455880330614	0.863727894079273	1	0.907378904629052	0.890467880297441	0.882249652305473	0.880162532530479	0.88377781030403	0.838901369344078	0.856343257806055	0.873439874122641	0.863914149060963	0.880481225458742	0.856261829642973	0.823778096610825	0.885041064563146	0.850742779798105	0.846897614711466	0.862806435562663	0.865256275718732	-1	0.882492369099924	0.864822409167246	0.853343009055931	0.862408573490291	0.832304506010005	0.880277347040185	0.848107441993919	0.854024636983205	-1	0.858304159075245	0.864279106165909	0.886136143437331	0.893525061768871	0.877325343108578	0.877604343293314	0.890110270030836	0.869220121234841	0.882892319539136	0.880554313623434	0.888621191059194	0.874815704573466	0.854687869349234	0.848497508212075	0.887643101443263	0.874844540489465	0.85778408770767	0.848441946655377	0.881312242976745	0.869585792888158	0.857281237651872	0.894399316479185	0.884101345187806	0.896939426921541	0.862403498547963	0.891361758589163	0.868151390568395	0.869882158367742	0.852750031064218	0.861821687783871	0.832113382758071	0.900721708769293
0.838247744185386	0.904305105145307	0.862694901429724	0.906133279426652	0.91370139996119	0.874043168066953	0.858905339574042	0.836485129657826	0.8806482854228	0.851439199323021	0.862766660057824	0.891821913429175	0.848895018685687	0.878233779105682	0.866220727660978	0.832099599856864	0.818264144932344	0.865558324863981	0.905353458150735	0.878665958222423	0.863698497683898	0.867356442134105	0.87548961025618	0.853917782480444	0.87200320502641	0.907378904629052	1	0.917856564119634	0.897752612561335	0.910200841982067	0.877354766724001	0.833406074182655	0.874381755932899	0.889639346433207	0.875313107808455	0.882765263349443	0.868873201083385	0.827222781205332	0.872154873690199	0.868418294450285	0.843108634659843	0.878365936398269	0.874677035323492	-1	0.874549965097967	0.881063014523118	0.877866915640039	0.864791849263069	0.85570242429472	0.915812127751553	0.871652665636757	0.849776894886334	-1	0.870796348149621	0.866845935080057	0.886169376569194	0.901983237273811	0.884444268973352	0.877071886345382	0.884758177479067	0.875012605419434	0.890213985509817	0.871590603002907	0.887457796029547	0.880880403575124	0.851900529977315	0.845500582266606	0.901694348119383	0.872491638317493	0.868616182608026	0.846442526278094	0.886683666930586	0.871913345731077	0.856818614078964	0.899396606030469	0.892547900485813	0.898911013156484	0.873544170372216	0.884643473089152	0.880129450170634	0.873979774390533	0.877027617244379	0.852374657059864	0.840667359092284	0.889227003811585
