1	0.709164916529642	0.7103853730369	0.761858537891695	0.751032840519497	0.669919723904358	0.756896122589667	0.72803939656593	0.778036752370406	0.763581549363494	0.78739420879533	0.704064979745836	0.709459272911755	0.739899658217097	0.725300389738538	0.798328867739321	0.735942601305435	0.719206860645498	0.726587036931307	0.792495645901268	0.767550799482296	0.749533197428757	0.711181226389305	0.732127861395497	0.757304969386132	0.723064051859705	0.726892925634109	0.751302847789357	0.745203194269587	0.747295342246938	0.769631828955346	0.760402426196073	0.733121376757283	0.715016641100173	0.758724120273166	0.689579589250582	0.707937000622356	0.704819084855286	0.748312549559896	0.726888280659836	0.737147889760313	0.76707030516293	0.736070021458873	0.747160594209647	0.694323720840631	0.728124514906797	0.731657365064436	0.708159606741749	0.765346499440652	0.70886283258587	0.689086427540922	0.775427435762175	0.747573606889371	0.769692060656477	0.714507363346242	0.659152567808391	0.714106802704385	0.767721865815939	0.693302298964874	0.743673133358661	0.743002933768097	0.752708193011394	0.72672120937482	0.618093257748765	0.743099549077384	0.773593116104728	0.755309268154039	0.741120039449932	0.736196312436483	0.806843068314696	0.771429066717873	0.575354701275579	0.735981755210602	-1	0.792224183803904	0.760484107982556	0.616239678632862	0.651254071962504	0.73524433524072	0.694577846848894	0.741799131492696	0.848155871915508	0.761965304470702	0.721802968898419	0.72919260411237
0.709164916529642	1	0.767826724753937	0.749514500710165	0.804399723493925	0.848076412340672	0.772415239231824	0.759244581623339	0.742581358321556	0.716007651487494	0.791091269995579	0.781008070730982	0.659491989147171	0.767338466725003	0.797820426934127	0.760234785984179	0.79654203443873	0.804225676993559	0.790520657641822	0.747714269071044	0.751225017890941	0.760198511531764	0.842697669924691	0.744561496485843	0.695138051441937	0.774977468084094	0.770793540782773	0.726981875107492	0.792607064329491	0.80186218379138	0.791905865405487	0.797087904018476	0.701925051308074	0.777393231343998	0.744303519189291	0.866290522854752	0.855747987360943	0.84951228801	0.746696024402448	0.789951186682544	0.725224234743501	0.801314676910699	0.768945658484288	0.724809562414407	0.764957200556211	0.748892903154169	0.775795875643493	0.770646593285185	0.789255800785851	0.693924066758857	0.72386346578225	0.730957907391842	0.766861970941837	0.746514283288741	0.726647368556271	0.732500817633472	0.725898171700268	0.738801378456235	0.703283900993909	0.786431900430368	0.796708079362059	0.77240887440411	0.821798059675987	0.650810975836443	0.796337393622474	0.790241028143937	0.810106419500065	0.796780199668709	0.737728558479511	0.756405491090512	0.766909721926238	0.765872009107759	0.757022396355359	-1	0.725706588973958	0.749771118676454	0.787972824347442	0.722346606575437	0.68515914786685	0.679921253398502	0.757346422115604	0.695128783196577	0.777855083041678	0.774335027062669	0.732755207727585
0.7103853730369	0.767826724753937	1	0.750106536843249	0.745742284932601	0.737240227484961	0.774072848421623	0.696678880539615	0.712961348655825	0.727301031680277	0.785725372834843	0.70487248240229	0.688734866037466	0.699335776616386	0.810743744551187	0.764948172408107	0.778337148339574	0.740537198040936	0.775258096401536	0.774115975474614	0.735237917685319	0.732049190398054	0.782695779436451	0.741095743132461	0.738954593884309	0.769298729642421	0.758564896658292	0.73798337791371	0.743524240458057	0.754067230037706	0.777760210710034	0.753608192721296	0.687498046773788	0.7123204301625	0.736837429912859	0.741909701803458	0.730763343557476	0.755412044628259	0.728645554881688	0.73441561552614	0.706807696029097	0.757711416461092	0.753455922789947	0.73234787814943	0.727888116375388	0.768248635800909	0.723994125522284	0.662910058122733	0.747859300557634	0.649837890578294	0.643271869922784	0.730295430316469	0.738456614185822	0.724058894885365	0.651799169384385	0.698995879718008	0.621149573092138	0.740064215131808	0.636212089881318	0.715459306474662	0.738264170776886	0.734161106622918	0.756094793418937	0.539765834894891	0.714437239719676	0.733721248910894	0.725783253243709	0.739520906840462	0.697876845110096	0.778267516972136	0.752853406125984	0.629160860277232	0.688091142124659	-1	0.73568336559863	0.711136770421201	0.641469482326529	0.601676906114403	0.624318666779343	0.65637537671381	0.749521504635019	0.649658562932001	0.776213148926298	0.722287646279996	0.747802430607408
0.761858537891695	0.749514500710165	0.750106536843249	1	0.760424529698273	0.738636743809848	0.845061593158712	0.796588123692918	0.811880875388014	0.777832809315274	0.864965582507947	0.785339749123563	0.856819642136465	0.754751706244867	0.735130872707593	0.844069521373623	0.802411044388528	0.800274031421926	0.730930127602936	0.814769942418342	0.842173728020867	0.804104909841053	0.791607084844287	0.8232113502907	0.825359220748825	0.811327970922934	0.763226187545375	0.82533062810435	0.819234567202227	0.776371634163575	0.83712368897209	0.819767792462442	0.845895964167047	0.79799769471502	0.803496601546291	0.738678116467912	0.764882981534353	0.767389524285285	0.792720654386433	0.755937108225314	0.808495177017666	0.818806313270554	0.797978837980885	0.746801838758587	0.780680755154789	0.743008957219176	0.817763452786207	0.761441739737307	0.774603309239058	0.747057550588614	0.733050386582009	0.836037477478457	0.811690393776104	0.79951895643074	0.729623280489074	0.724061636631706	0.718947415844394	0.766835999977563	0.691972749818971	0.763520541780761	0.807842252004923	0.819621284347822	0.779849469867185	0.626661862114949	0.775360682479381	0.791224364265943	0.774443692253873	0.786536032271547	0.816693365190866	0.802594149293835	0.832762736014073	0.612455621116692	0.782383769533277	-1	0.789152681850546	0.829878919869507	0.706556012148336	0.703413177933881	0.685373061537151	0.74038144125651	0.798799049129246	0.754154998903499	0.809222969423698	0.719445366993782	0.80091280707055
0.751032840519497	0.804399723493925	0.745742284932601	0.760424529698273	1	0.74292735352276	0.758427562441679	0.769602601518758	0.776245950815853	0.766650653806272	0.814339041934772	0.78438469030844	0.674908134555226	0.782232528506304	0.733791884830867	0.793269346660981	0.830583108750143	0.787133161391504	0.758785087662822	0.788252629497732	0.784179173612882	0.745504982400411	0.771359431530712	0.747567513583768	0.716221004089814	0.776797527369167	0.81511342561523	0.725175860933124	0.845116626080769	0.826196283224575	0.828930643293739	0.770768447628243	0.730491272470324	0.755458631136566	0.784520396488026	0.771845587944807	0.783411120919574	0.789185197283266	0.742386951541183	0.75535579612053	0.736367961658998	0.826245920790158	0.744970368912636	0.719910186534296	0.756771711253214	0.745870638376745	0.792582160716837	0.765348250180977	0.791487426229565	0.708632076400169	0.719653719121451	0.762620761269448	0.757819062615044	0.757473753773126	0.724838625991372	0.662441615700742	0.779584836053239	0.781716388210553	0.749418652126026	0.820834201079911	0.802626001970304	0.791859990340977	0.814405735598197	0.67475772883018	0.794648475695181	0.837708761263705	0.833367214712507	0.782451492778071	0.727452956565035	0.801079705970213	0.801355491710312	0.674346039781483	0.754118480928809	-1	0.748685269432458	0.79506410291739	0.717737665765153	0.715926469832637	0.759720350629528	0.675244682204555	0.749069944968927	0.734324696261792	0.79266761803815	0.930610122630739	0.734291909489796
0.669919723904358	0.848076412340672	0.737240227484961	0.738636743809848	0.74292735352276	1	0.740686685357023	0.711566552543019	0.698154313254096	0.661621417440537	0.747070406774175	0.745763966387511	0.658451180774229	0.705892217934556	0.785501406421176	0.719045678778274	0.765898210932976	0.779560334909621	0.770589067029458	0.72089432888037	0.724099337704384	0.742507412722538	0.816005264555407	0.724334961899966	0.684298389603006	0.760002640471194	0.742454849914928	0.716915116577189	0.761836001766802	0.768204891133356	0.769576492759397	0.789948423586591	0.672835523949297	0.742575242044238	0.691673978592596	0.829370439632286	0.823005219950354	0.803594586517119	0.717906146042061	0.752855518176062	0.69458918472692	0.756485838491601	0.753265085197207	0.693833158045687	0.717455498837897	0.72415879899283	0.72798794001202	0.721363150919751	0.743000864039406	0.649093305035329	0.674238699602544	0.692054976125734	0.735760835173469	0.717720690429791	0.676620316145322	0.764318310076061	0.655039073206479	0.681073761337286	0.621180127631059	0.71615686530264	0.749722904323085	0.745441751194785	0.770637896301044	0.563178972218911	0.736790826549045	0.732246030915626	0.754189454154261	0.76088144988689	0.707577703037097	0.72385659726157	0.732349757391351	0.74242258646019	0.719758340622593	-1	0.694479717568742	0.703791028043915	0.776074688959462	0.652916943327594	0.616725343014617	0.633355446432848	0.742676373564643	0.65668595032621	0.74121776409783	0.70901856994269	0.718090196348566
0.756896122589667	0.772415239231824	0.774072848421623	0.845061593158712	0.758427562441679	0.740686685357023	1	0.843124484195927	0.771738486302575	0.764746026287969	0.831351818966181	0.782270792942131	0.771066606233614	0.794907786976848	0.771575618213203	0.793298887754927	0.794977158591409	0.775954380233759	0.738174783678927	0.794985691132166	0.803073599936266	0.866811333471722	0.797636178629135	0.860692193014125	0.781847940125305	0.812917993250558	0.763724426280364	0.807177756418403	0.788151541795522	0.790745803384876	0.815235085643417	0.793165921709631	0.776784120675109	0.785193938354072	0.794796818171179	0.758284437917408	0.77250393604201	0.767617437967583	0.843234076111146	0.828281064087678	0.868804182363783	0.80117732615452	0.877246415783472	0.820680604229209	0.754000117319501	0.801575051641509	0.794395878012892	0.751112900134848	0.838617516618691	0.742159799590563	0.796038213575986	0.819958017838619	0.873673851250444	0.792525023341298	0.787716698719498	0.723777646233295	0.693872635093267	0.756117980519172	0.719816033525372	0.765840270090661	0.791049557276457	0.785640260659674	0.771883266583507	0.632855680428368	0.804378913244145	0.783580026463325	0.751783968997343	0.802775642863815	0.821893186224332	0.812351208233983	0.797823194216962	0.623348619176359	0.834413978161367	-1	0.786026790206849	0.79209762398115	0.68047726937626	0.71835511778979	0.673900686266294	0.757813621834666	0.795555585528606	0.726876841462382	0.824861302903461	0.723515840527394	0.839507718361552
0.72803939656593	0.759244581623339	0.696678880539615	0.796588123692918	0.769602601518758	0.711566552543019	0.843124484195927	1	0.771088930787332	0.731269227802875	0.799582523277543	0.799175580602485	0.713811362511955	0.809929427523836	0.702292435108029	0.769365199738341	0.76267205262053	0.76564542146107	0.693705240774854	0.741606017492194	0.772650656309221	0.818394424943557	0.751893936383263	0.822363965328617	0.719435517479444	0.75698563037616	0.719529544109486	0.745353698791691	0.782469434205323	0.778185682008483	0.773355031184568	0.745469139082149	0.77352248060931	0.76532078115909	0.766297638902863	0.745395971980985	0.769897268953482	0.753742152857599	0.803427907197913	0.79848842975062	0.837428492832836	0.787723775892932	0.816715454733885	0.774789451277932	0.74689989453207	0.735380918636289	0.792945133222181	0.786691619210138	0.815515203391722	0.742598029543019	0.818999818716131	0.797837236112018	0.838644671234345	0.767276355390955	0.811075759853581	0.669953371800651	0.751420365947234	0.725915080374995	0.750073374947353	0.786320669416821	0.776904987612095	0.784488885676558	0.762562361161584	0.707689320411178	0.805563889272021	0.790438561081193	0.768785175140682	0.775207834531527	0.7763592153283	0.761866278917824	0.782904169825848	0.645026776774809	0.846400816426278	-1	0.73352225855082	0.797301650732011	0.713885915589233	0.779105399921879	0.71816762095838	0.751266819420845	0.753095604359719	0.741146459317112	0.77382394179546	0.731660549486262	0.78050237262919
0.778036752370406	0.742581358321556	0.712961348655825	0.811880875388014	0.776245950815853	0.698154313254096	0.771738486302575	0.771088930787332	1	0.784428985152215	0.807048255435689	0.749468601174343	0.756198696491991	0.767786212920231	0.718812101312603	0.82479224687164	0.771634813409237	0.774472639981232	0.726599611829685	0.799352020340176	0.830026236670976	0.77286693766598	0.743798288624827	0.76878404444008	0.766128686209557	0.767903527230278	0.751897868600376	0.774325025668362	0.798710333597168	0.776604274300598	0.802217313773689	0.785738609467708	0.777109081168859	0.78831004942794	0.800379713158175	0.718672471392738	0.746058553212833	0.754044649500559	0.790310035564099	0.748601088552131	0.758840791113075	0.836633089869538	0.761853042757742	0.733663099092846	0.753689044412335	0.718824430093028	0.791957130541737	0.787785608172443	0.77504042346631	0.793549769790259	0.718356017069091	0.807072255561564	0.763886818908667	0.78407693658324	0.751123101748466	0.676213159537238	0.753971704152692	0.763475433140774	0.710197094358615	0.782636750245155	0.795017164199231	0.796264002688999	0.783494642916178	0.666525800144377	0.751978395563093	0.816107498413981	0.792961129264164	0.763581838282046	0.75709845915609	0.787962746540541	0.811953920427043	0.596844897997099	0.760592551975264	-1	0.80443382871731	0.805693122314498	0.678004294137278	0.709184244030026	0.758358591358294	0.730915428608802	0.793988865004364	0.769307754286221	0.793911208896972	0.744028049883472	0.754592498039786
0.763581549363494	0.716007651487494	0.727301031680277	0.777832809315274	0.766650653806272	0.661621417440537	0.764746026287969	0.731269227802875	0.784428985152215	1	0.806843297209687	0.718982467076688	0.725671997060162	0.736161411346284	0.706243210933129	0.775438975953864	0.768362171371094	0.742437394696907	0.687858668369756	0.792074238531695	0.791809973767532	0.749214062109389	0.736569681599598	0.758994828586227	0.743090387632958	0.760970536781708	0.75278557010903	0.761785917529487	0.783956077880034	0.742170612542279	0.79669273396917	0.754158760346991	0.738189769188911	0.745955474618222	0.791487079491695	0.695814163743293	0.711395413172174	0.733631633699011	0.749596244126906	0.701789425873574	0.755841096265594	0.787477527157432	0.740327291579619	0.716420347657181	0.711788416911854	0.729900907311395	0.76833369841704	0.724340324988565	0.751005388826642	0.730874921758338	0.670455168048925	0.771747034809988	0.74477096716037	0.725054334091395	0.702214494139553	0.63613834665791	0.707437425496965	0.74796141627245	0.703498505476081	0.758513901974802	0.765732062634457	0.763274719105144	0.746624803947655	0.628398782415479	0.744583015666558	0.793734241839369	0.756869485853155	0.745619480654005	0.731678176632007	0.79819367882303	0.78471960590734	0.558941409856776	0.719538992869118	-1	0.781214185886575	0.773919233340638	0.619759183653724	0.675187421501137	0.711341635535815	0.698748944963541	0.744371946092645	0.720195177518943	0.792147218814514	0.733443014978407	0.751608756209237
0.78739420879533	0.791091269995579	0.785725372834843	0.864965582507947	0.814339041934772	0.747070406774175	0.831351818966181	0.799582523277543	0.807048255435689	0.806843297209687	1	0.813045821735875	0.767964215298702	0.793284333370278	0.753434507248132	0.850607005960813	0.804437738611167	0.808472027951642	0.756876548090221	0.847004686037512	0.824035331955462	0.798796158088745	0.794081875457702	0.794349569588828	0.809650958606685	0.812697883713375	0.771235186656477	0.806324466881851	0.821842223415687	0.798954429769963	0.828847685831539	0.81589333322243	0.813886743999605	0.798625575818686	0.821075522618817	0.777707462422531	0.784441787802814	0.783265878705236	0.783823650467094	0.764514705017533	0.793549020478988	0.826464325667104	0.794701022744418	0.771653206488324	0.795145894728142	0.765157663877365	0.823694632395504	0.772526086180169	0.816509095376719	0.745908933131173	0.758883071719389	0.827851572295747	0.811513089571718	0.787988320959516	0.739359131642421	0.688621005453009	0.759973526036102	0.830068010790023	0.750490997314798	0.803724212635126	0.822955712529112	0.812126182569066	0.803769417743043	0.672904030448057	0.824724179910737	0.825169103203181	0.814215473658864	0.803807469565643	0.79130645691415	0.849420808747985	0.852494996659714	0.644928903340397	0.786582987238222	-1	0.811982947055107	0.84774481628869	0.703907382264877	0.725294331146393	0.747986532374029	0.749320720775539	0.783690069544476	0.777094108007712	0.821382228392666	0.778809684825184	0.774010512824383
0.704064979745836	0.781008070730982	0.70487248240229	0.785339749123563	0.78438469030844	0.745763966387511	0.782270792942131	0.799175580602485	0.749468601174343	0.718982467076688	0.813045821735875	1	0.685278794427425	0.783580983428155	0.706059773315969	0.751802447237531	0.790123890815974	0.785226677766122	0.700811947335088	0.742048384738784	0.760150283534162	0.767229410818153	0.760719895108194	0.755355784580789	0.691935812287479	0.768422991380026	0.744144912852009	0.739827087874035	0.806295701728883	0.795910332950715	0.785206118718004	0.756462929902444	0.739183369066515	0.788072228368605	0.74977734859105	0.766682031608404	0.78112050349442	0.766054654966821	0.751600602249143	0.754410342514836	0.755824722578965	0.783780421980872	0.763609382095572	0.71988304711905	0.734076483318892	0.716695334147237	0.786217647488967	0.804516368601166	0.796551519945165	0.727442432943391	0.769717800879079	0.76288088252761	0.774196125241432	0.741761004187569	0.746430635620899	0.673414502850851	0.747887191401866	0.705299834036872	0.732042652424999	0.780951244229849	0.797393240270204	0.783231626281751	0.778262481546773	0.697731847288103	0.801701479092244	0.778138499101279	0.782426474940943	0.763578786976351	0.747673293753782	0.747030619959821	0.794492283387628	0.660780731359984	0.775102089309891	-1	0.72272812449022	0.793983429762815	0.741381223224631	0.75680694522242	0.70427031158475	0.718713342370143	0.754228093124519	0.733249843452424	0.761520662805283	0.745070491981849	0.735512081411819
0.709459272911755	0.659491989147171	0.688734866037466	0.856819642136465	0.674908134555226	0.658451180774229	0.771066606233614	0.713811362511955	0.756198696491991	0.725671997060162	0.767964215298702	0.685278794427425	1	0.66528665875452	0.69133452105784	0.784245519896813	0.74376602255634	0.737844807957124	0.677894150220062	0.76292781540544	0.810450356038667	0.749446178315378	0.73394643473224	0.802724743548044	0.805458009104547	0.734354095300957	0.70676587641448	0.790926084872732	0.752798163595592	0.688455484660269	0.784540080183181	0.756660538219773	0.822224944013033	0.721799462906438	0.746691488082116	0.643286508638173	0.682313272520023	0.694008376090067	0.751763359261573	0.689450712755969	0.753909095954227	0.747136554058203	0.731672197290963	0.694114690774339	0.706881629277553	0.692358017211805	0.739004544931366	0.673037711143542	0.681786912667865	0.677462556015385	0.630855550600188	0.789976439766275	0.742677802335737	0.758888595539478	0.673267012616404	0.680525618140611	0.638663275643745	0.692297355372039	0.593799573336124	0.665159299858717	0.720760934884129	0.755373732825357	0.69941119857601	0.527175537548779	0.68390031435311	0.714518656884844	0.686783985783656	0.721093934803658	0.772270878794061	0.74330826732645	0.772118507198126	0.516595802466433	0.710237377216779	-1	0.726209795622609	0.770320154580414	0.625103397509902	0.612692400213533	0.601443709318558	0.648242894284448	0.747312818025909	0.692106371784324	0.75569874286072	0.638016101445658	0.759050355305419
0.739899658217097	0.767338466725003	0.699335776616386	0.754751706244867	0.782232528506304	0.705892217934556	0.794907786976848	0.809929427523836	0.767786212920231	0.736161411346284	0.793284333370278	0.783580983428155	0.66528665875452	1	0.71570196412736	0.771201616382881	0.742841531373167	0.744114209208196	0.708284894295998	0.764516316866111	0.762963734712678	0.795103896172863	0.73981177038511	0.759574550173765	0.713644571433436	0.741746104816791	0.722448068728549	0.725575200967756	0.762239676251977	0.7802596950089	0.763379144039628	0.742139167550553	0.753999536204953	0.741590703932216	0.782265277477436	0.748055136356422	0.754615305852955	0.73519111333635	0.781840596636878	0.774039331894042	0.783252844303015	0.784319262608091	0.777528306355185	0.770418858017957	0.719235118096548	0.764922686244332	0.790547685812054	0.816187141713897	0.857888314514254	0.771123699915362	0.819866010052085	0.791912251519805	0.805198154102904	0.769402925902001	0.777249588827522	0.640820603043411	0.748411222772824	0.740113299321721	0.775935127665728	0.813573506306981	0.791400727516761	0.771188570903516	0.758652850621709	0.721317798291771	0.820198513084402	0.7985868377675	0.769332955655478	0.772983965018866	0.743797768308885	0.783141443910981	0.777297026834953	0.64578789664199	0.814989361835739	-1	0.764910294036302	0.781209327506594	0.681198169533343	0.746319316065199	0.727469214809322	0.725076362500592	0.760378630396255	0.754500740918569	0.801278759267545	0.7449288241778	0.724826568663295
0.725300389738538	0.797820426934127	0.810743744551187	0.735130872707593	0.733791884830867	0.785501406421176	0.771575618213203	0.702292435108029	0.718812101312603	0.706243210933129	0.753434507248132	0.706059773315969	0.69133452105784	0.71570196412736	1	0.748597283684793	0.763754043359347	0.73620395004213	0.822672283860318	0.765641091305945	0.731432612787081	0.757535271408155	0.792533599645714	0.741530570437932	0.73543065863926	0.744931024217164	0.756359275386351	0.735970099864219	0.731958925993123	0.758554167737616	0.770704227324672	0.769524678764935	0.690078720798502	0.703820276090328	0.717601143897219	0.781410778229766	0.758693969931295	0.757816883588769	0.749603397080045	0.770466844238226	0.709278234235903	0.756038720482339	0.76831159483334	0.761866959306203	0.695619567593854	0.76610463286728	0.70360740379346	0.674043293524333	0.762240299656443	0.652975619946677	0.667774814073478	0.721822685193575	0.751251537618486	0.742579629104845	0.686564285384494	0.744003047035255	0.63149446582721	0.720669012857018	0.627224610710795	0.706837849154905	0.726882771928905	0.733394737362785	0.745587252424938	0.544536288958344	0.725370701520488	0.731622394681647	0.728701923124848	0.748446184155933	0.718973422098429	0.780242937411372	0.738553444938612	0.680925094233833	0.717050931881411	-1	0.736434172739544	0.701734363576442	0.676765538404472	0.612398156397515	0.623905546308272	0.651804514722096	0.747045973542132	0.675892967581437	0.762885496774136	0.705895311061054	0.735490708464904
0.798328867739321	0.760234785984179	0.764948172408107	0.844069521373623	0.793269346660981	0.719045678778274	0.793298887754927	0.769365199738341	0.82479224687164	0.775438975953864	0.850607005960813	0.751802447237531	0.784245519896813	0.771201616382881	0.748597283684793	1	0.787701526300542	0.774157985437199	0.784386655756611	0.842049099877737	0.813247829053056	0.77130180825183	0.758513300249571	0.766229293494664	0.83746043620842	0.774025639445476	0.75683886357643	0.775374765412817	0.785105745979993	0.799500800791678	0.806905233672682	0.803524606701929	0.819284141169123	0.768172153497008	0.808400754387391	0.735242102248012	0.745698734117184	0.751813570981759	0.767251858160293	0.752071349892052	0.761651753244688	0.825586789723915	0.767140798775473	0.75798090484224	0.765137501446846	0.74943444292331	0.785501124606058	0.746125064717498	0.785952123209268	0.740183241286666	0.717256774203664	0.813534788326614	0.780239614498432	0.789764013578772	0.73218578735317	0.687563641192161	0.745095091236848	0.822104664257235	0.72051656191239	0.789676317936748	0.794030670232721	0.80801069230149	0.783595697540145	0.650345805973755	0.779236487957708	0.811670615539215	0.797651528790053	0.773823340043957	0.759074378761765	0.826520843845509	0.827400959792175	0.62329104433617	0.763319500894818	-1	0.801611746076835	0.813273149010838	0.681914772946189	0.681754607813772	0.751385390596386	0.731462971804085	0.781049423399921	0.785166896311163	0.789735374169959	0.768636844242284	0.750110304072372
0.735942601305435	0.79654203443873	0.778337148339574	0.802411044388528	0.830583108750143	0.765898210932976	0.794977158591409	0.76267205262053	0.771634813409237	0.768362171371094	0.804437738611167	0.790123890815974	0.74376602255634	0.742841531373167	0.763754043359347	0.787701526300542	1	0.810742944461788	0.76309335167283	0.788119359845145	0.810911129255877	0.776178035640223	0.813285479129465	0.801638739537323	0.737836401968804	0.818152475292444	0.842944440560635	0.765469211429845	0.862551602588248	0.841953965735732	0.866266439357886	0.788559950811434	0.724467880461042	0.786352870967098	0.781457738378641	0.757628029235713	0.783513082758586	0.803350805953168	0.775229865757221	0.77299631519882	0.75943614618267	0.823446054466163	0.779797475824611	0.729121918020827	0.752518622439967	0.775609422003251	0.7843150703402	0.756594775581537	0.77711928290635	0.703665405751102	0.685559363656199	0.781242452615816	0.771119877366041	0.772270351336221	0.724092387496003	0.713420563440136	0.702399508697864	0.738114314450806	0.678552407375191	0.768445098236645	0.797071740379442	0.797479977769895	0.811437604599416	0.601420529632673	0.757817530356809	0.79636277978139	0.792423086785107	0.788280305370204	0.754920407614176	0.796954476141007	0.808356295082451	0.648221608549898	0.751430351579018	-1	0.759805991399205	0.789199633847149	0.723939523055241	0.690641355490409	0.684960694377983	0.683187227513526	0.788058937047025	0.702866039787858	0.820415801291495	0.793746413833647	0.795876595149754
0.719206860645498	0.804225676993559	0.740537198040936	0.800274031421926	0.787133161391504	0.779560334909621	0.775954380233759	0.76564542146107	0.774472639981232	0.742437394696907	0.808472027951642	0.785226677766122	0.737844807957124	0.744114209208196	0.73620395004213	0.774157985437199	0.810742944461788	1	0.738263045710933	0.776140476768264	0.811873974467156	0.7841267864525	0.817369896268105	0.791768168159803	0.733922497075832	0.805017247358183	0.793760816182995	0.779204229618667	0.828173563575319	0.795974977437767	0.833755333733849	0.800447372439748	0.737626104462697	0.806501673699693	0.778111390542675	0.767637030264864	0.802701175911188	0.809626644178258	0.77159644166802	0.759785867011773	0.762223467001031	0.821206947319919	0.771150309491645	0.717254737048153	0.770941950704777	0.73989425550867	0.801779726630147	0.778402668784052	0.770340750178257	0.72428006198786	0.693311848248058	0.770197602937121	0.770684871773189	0.767267231282049	0.72533607898223	0.719036181504671	0.718229407514509	0.720729023603181	0.673972411977915	0.790850278555531	0.807560899374305	0.81717000889719	0.816185697507887	0.621042865321173	0.778392934035327	0.8096655264081	0.802756565984726	0.81066541313938	0.761027741017278	0.77348688936133	0.803950452179286	0.665485595794706	0.761083683068265	-1	0.749198353333698	0.794679591742507	0.763694036295822	0.699604803366042	0.679953313154753	0.688718650885001	0.801438814424309	0.713892698541435	0.806766314431179	0.753381133786331	0.770839499606879
0.726587036931307	0.790520657641822	0.775258096401536	0.730930127602936	0.758785087662822	0.770589067029458	0.738174783678927	0.693705240774854	0.726599611829685	0.687858668369756	0.756876548090221	0.700811947335088	0.677894150220062	0.708284894295998	0.822672283860318	0.784386655756611	0.76309335167283	0.738263045710933	1	0.787316260279797	0.730459512600514	0.726735078887847	0.764656378299942	0.711680411184584	0.741218389962246	0.715506365751453	0.745112346057241	0.697798178050036	0.735514246684277	0.761160129374402	0.762341620228127	0.774742515858579	0.690012810459366	0.693752081428213	0.709581206622682	0.762086676926529	0.749329306614673	0.748402991277543	0.716178496151553	0.764672697232196	0.680822791128427	0.767195150299215	0.737766116897876	0.732496423447666	0.706472636735215	0.748230182229953	0.703347699235048	0.679616468821187	0.744938941392685	0.642643106711864	0.653937589540113	0.703481804077433	0.725582295305526	0.742782192394868	0.678397474391685	0.717576795845601	0.669493596448384	0.761748868460017	0.63086497205642	0.727407465660868	0.72984819532663	0.741668506319036	0.762065953642529	0.561067690439503	0.724027842106708	0.749110574167747	0.765065806779136	0.749561331523777	0.698919828388349	0.77734288704947	0.752664046288209	0.678514010943843	0.705359174186803	-1	0.727984439423808	0.70965854818449	0.689864427925519	0.616613749234292	0.666383108319031	0.628327518805651	0.730389253930283	0.695605257813701	0.744275885301552	0.731941392433267	0.700360831235843
0.792495645901268	0.747714269071044	0.774115975474614	0.814769942418342	0.788252629497732	0.72089432888037	0.794985691132166	0.741606017492194	0.799352020340176	0.792074238531695	0.847004686037512	0.742048384738784	0.76292781540544	0.764516316866111	0.765641091305945	0.842049099877737	0.788119359845145	0.776140476768264	0.787316260279797	1	0.815692416359328	0.778593672996031	0.775556013213584	0.775086154124002	0.811509399142799	0.773225684570507	0.772665011989749	0.781023637168689	0.787431899457526	0.792689025206589	0.833111614471971	0.808830708206111	0.760945181689133	0.745635309659363	0.786688546699177	0.721290604948835	0.73956369393838	0.740501380605022	0.761712240918197	0.750256993999929	0.762367326506073	0.820937792795815	0.765843643005555	0.771292594068919	0.716154812429236	0.787372766779993	0.7780197804006	0.721305552729844	0.796711059073111	0.720787134413813	0.692866900817109	0.810215919264299	0.78140618937379	0.790509668528875	0.706217995943881	0.693880642030222	0.717670896547703	0.791385434751574	0.693618386638188	0.785534930762407	0.78148279595866	0.816160998107878	0.773079040424759	0.600166793478177	0.782104226801854	0.811778258453043	0.79531366758873	0.773176154513757	0.76182655221144	0.853840838614705	0.817985812747343	0.606414749468917	0.74572511993099	-1	0.804068751100844	0.787965605180798	0.655865287924039	0.642350402074473	0.723123829125754	0.68727524652682	0.780274930001349	0.76476910292855	0.809588955159395	0.754128793796542	0.758554416637174
0.767550799482296	0.751225017890941	0.735237917685319	0.842173728020867	0.784179173612882	0.724099337704384	0.803073599936266	0.772650656309221	0.830026236670976	0.791809973767532	0.824035331955462	0.760150283534162	0.810450356038667	0.762963734712678	0.731432612787081	0.813247829053056	0.810911129255877	0.811873974467156	0.730459512600514	0.815692416359328	1	0.794215794353727	0.790077264936012	0.80578639800061	0.780660133001468	0.801102335325415	0.784979966621326	0.819196738757289	0.827500336043263	0.781243996426398	0.853659621348851	0.809146016043138	0.797307145983894	0.801628407243957	0.813850967323295	0.715499434100342	0.757438572142503	0.771139517907626	0.797409118769994	0.749516974632107	0.796978212305717	0.843125465855517	0.775232373628197	0.729844399106393	0.762735402507755	0.755234815475481	0.8329924118396	0.781350433141581	0.77613697300639	0.768991236158099	0.707003031014391	0.827567678556482	0.785457115787483	0.804410357836481	0.740969936583068	0.70107116696716	0.733781164954977	0.757791134953901	0.692011956732509	0.787417688854342	0.812450896357125	0.829607443312625	0.801436331999738	0.619873963577928	0.769289741491421	0.816924463970464	0.795138841732148	0.795120758836437	0.787670955526576	0.805035785398586	0.832550526517907	0.598340119914291	0.767370117167296	-1	0.815539168763095	0.834368556927979	0.685379682722772	0.699992023110397	0.714432598700562	0.69636189850556	0.821477364679994	0.748477243897907	0.839972716938684	0.746122078823037	0.787324859324944
0.749533197428757	0.760198511531764	0.732049190398054	0.804104909841053	0.745504982400411	0.742507412722538	0.866811333471722	0.818394424943557	0.77286693766598	0.749214062109389	0.798796158088745	0.767229410818153	0.749446178315378	0.795103896172863	0.757535271408155	0.77130180825183	0.776178035640223	0.7841267864525	0.726735078887847	0.778593672996031	0.794215794353727	1	0.781401322354935	0.867522558585389	0.759952892001577	0.815772659484156	0.766848757507115	0.799309036286948	0.792068323892044	0.782255218207901	0.815558823572074	0.78698930274112	0.756074703704927	0.789065617524037	0.783763396653957	0.742061318365186	0.763992984732484	0.75769722076582	0.870348338114142	0.833718565666065	0.85141978362138	0.802196703407058	0.878309330515525	0.826725498687611	0.732445483622651	0.786917005036796	0.770505953985169	0.765452971162554	0.825294284516742	0.752001562597309	0.794695759011881	0.785574801759423	0.879184512568642	0.776500293235152	0.802868490084515	0.721311514392375	0.683438882381108	0.722353142848763	0.686981178412842	0.755282373065997	0.782571988311071	0.776149014014866	0.769164614737663	0.608835181528325	0.780814771341267	0.790605145092158	0.755359923431175	0.808263881571931	0.824419195567111	0.802709010820811	0.775173599000521	0.625527546768717	0.86045455467644	-1	0.785740426710071	0.773396124831916	0.694329868630377	0.719442954526949	0.666591690325783	0.746493965850328	0.794422851113124	0.714635012334349	0.8228580442026	0.712028892900734	0.843106505574677
0.711181226389305	0.842697669924691	0.782695779436451	0.791607084844287	0.771359431530712	0.816005264555407	0.797636178629135	0.751893936383263	0.743798288624827	0.736569681599598	0.794081875457702	0.760719895108194	0.73394643473224	0.73981177038511	0.792533599645714	0.758513300249571	0.813285479129465	0.817369896268105	0.764656378299942	0.775556013213584	0.790077264936012	0.781401322354935	1	0.794847331759866	0.732657578632469	0.806938484406062	0.786598886474303	0.774786196839246	0.802951216039904	0.788793019291032	0.828947035730409	0.809343529658748	0.718668913255891	0.783356739741428	0.771162159942367	0.806713793805636	0.830477787367804	0.842760319378729	0.763877622150882	0.756876169846957	0.753135438552508	0.79594455462494	0.782047064495148	0.729510803848978	0.763386791220234	0.766627182929866	0.790131657182293	0.747566577394313	0.774281735968003	0.692748403942896	0.689785220319581	0.776335512574423	0.770821365084653	0.763667301558322	0.703369792492254	0.747512584257841	0.680042153793122	0.716658712825102	0.667960381044974	0.761259932878885	0.793912420890772	0.783688292071603	0.798894140430319	0.592300789066302	0.769285076934644	0.784774907169873	0.769344744450421	0.785953584614704	0.759764114732638	0.773782363508519	0.789998933813195	0.680340054714152	0.736607252384893	-1	0.74743736581503	0.763706005764721	0.736204452031743	0.670973769683088	0.649163306319522	0.680677696499454	0.785341544892015	0.685194232523635	0.813735844677932	0.734567886588054	0.774412482795946
0.732127861395497	0.744561496485843	0.741095743132461	0.8232113502907	0.747567513583768	0.724334961899966	0.860692193014125	0.822363965328617	0.76878404444008	0.758994828586227	0.794349569588828	0.755355784580789	0.802724743548044	0.759574550173765	0.741530570437932	0.766229293494664	0.801638739537323	0.791768168159803	0.711680411184584	0.775086154124002	0.80578639800061	0.867522558585389	0.794847331759866	1	0.769561686922951	0.816900674194889	0.776539550825377	0.802596225470724	0.807170503518248	0.770899849891526	0.832701793157564	0.771316215393291	0.756857070485787	0.785016672645621	0.797884712722675	0.724585079398036	0.757493778863506	0.76695670885905	0.845353097553727	0.798523092200724	0.85170934182607	0.801817740269015	0.848965421362596	0.795549939112745	0.746219978119426	0.786381344149124	0.783065267747741	0.745451219312119	0.794059159087935	0.723618293316781	0.735178268308599	0.808543339634588	0.842095527015662	0.785735218929781	0.76604410428201	0.716505352415607	0.665628472532341	0.717255741327579	0.670654582785562	0.743255568332847	0.774926965590073	0.780655137978735	0.763631180901376	0.591154954245031	0.762383216865122	0.779302110527474	0.741062137667739	0.800853252895083	0.815126089584112	0.798777965032205	0.789451782138428	0.585859383871302	0.827582816322214	-1	0.763389232113318	0.783691111907049	0.677900075679638	0.69917554050417	0.647081772782509	0.718642870556124	0.792624445811707	0.695621386587011	0.833209334685947	0.711019570365946	0.870374617004069
0.757304969386132	0.695138051441937	0.738954593884309	0.825359220748825	0.716221004089814	0.684298389603006	0.781847940125305	0.719435517479444	0.766128686209557	0.743090387632958	0.809650958606685	0.691935812287479	0.805458009104547	0.713644571433436	0.73543065863926	0.83746043620842	0.737836401968804	0.733922497075832	0.741218389962246	0.811509399142799	0.780660133001468	0.759952892001577	0.732657578632469	0.769561686922951	1	0.747934413873709	0.730800757801347	0.763880488445719	0.738936508208134	0.731584968733038	0.780307090726426	0.761659662214615	0.807633918658752	0.715180431215772	0.763115772805575	0.682190727302787	0.692296210630422	0.697492190102073	0.75161227949554	0.722581652866073	0.745603647241892	0.761834160025257	0.76136123656443	0.753479983943685	0.706746263160523	0.748688974386815	0.728118933040133	0.678536349699256	0.747264703268781	0.682068248625588	0.663388918278685	0.778158368083821	0.762593890492439	0.76455146301198	0.677688553489019	0.675689673307027	0.652281663548667	0.771929035899003	0.637344884254681	0.710852883721769	0.724327641493351	0.753888542329196	0.713197042291676	0.551324564241227	0.729609840823586	0.745744826081208	0.717618667575324	0.744720533011423	0.74966399431775	0.813498801184331	0.778489488205074	0.572008890902977	0.725987612751254	-1	0.775991082737685	0.759850677231334	0.619878992534004	0.605985432730158	0.654082554455221	0.670326400680974	0.762783839485425	0.715842191810606	0.766196249983546	0.68378920811852	0.74775755608907
0.723064051859705	0.774977468084094	0.769298729642421	0.811327970922934	0.776797527369167	0.760002640471194	0.812917993250558	0.75698563037616	0.767903527230278	0.760970536781708	0.812697883713375	0.768422991380026	0.734354095300957	0.741746104816791	0.744931024217164	0.774025639445476	0.818152475292444	0.805017247358183	0.715506365751453	0.773225684570507	0.801102335325415	0.815772659484156	0.806938484406062	0.816900674194889	0.747934413873709	1	0.811078167671201	0.805010682852924	0.82951065917566	0.829902677198005	0.852436818099005	0.795584732215516	0.729367887292136	0.854095863177893	0.800058256517415	0.747949559107568	0.767267445957531	0.789092446212707	0.798970458471318	0.758829391495166	0.782665976039813	0.803514652017893	0.809512532520628	0.738853347899657	0.779049672683062	0.757915433981639	0.800050162949259	0.761399420647501	0.779393643607566	0.74120230492023	0.697990516118889	0.782645455926931	0.7982049340921	0.746744821778462	0.713124154476691	0.718360411003476	0.670028317821036	0.715616439750296	0.669440328800716	0.76834613165202	0.80584893687848	0.787374530025832	0.807308449338719	0.594863447046767	0.761958262989072	0.798608228506136	0.765615041089461	0.795018679710278	0.770312458520043	0.785835653413957	0.793753154924495	0.612991361484535	0.763062427624954	-1	0.780565495276255	0.786122767429022	0.69538036765701	0.683667959190759	0.6600033459781	0.734223295696746	0.806417510835063	0.680449909499034	0.822482122871229	0.743732270106245	0.820423611386714
