0.999999999999994	0.978674079161395	0.976905104802814	0.977736280786306	0.976420247853994	0.979616907000322	0.976285295203978	0.973448214166762	0.9771975097296	0.98404771927848	0.979370346732326	0.975392807701852	0.977865065029839	0.981490948396098	0.977032516542154	0.977923499660368	0.975427771808175	0.98252066821204	0.976763948130671	0.9770839032263	0.977012668487976	0.979403600574371	0.979626540174771	0.980017618408156	0.976861363065939	0.976129003632471	0.976761652070579	0.977625790003826	0.977707644015176	0.975432893417179	0.981157199807615	0.970414153770119	0.972473722089229	0.976788474753812	0.978195987188286	0.976963461984556	0.97696191456932	0.97782275164681	0.977971508768253	0.976517096006327	0.975823625802198	0.983354264099274	0.978358040828599	-1	0.977006871693875	0.981966992866234	0.979404834542955	0.978157796924099	0.981387539738699	0.977240638466299	0.980221052401472	0.978129170692305	-1	0.977680906966455	0.978568300895582	0.979280120213897	0.979708760073	0.976278180199914	0.983325120534666	0.976244951304266	0.97576506063046	0.977539955530956	0.980096071146773	0.981753334368424	0.977828827118024	0.980239716260773	0.978530215987829	0.977021811193911	0.977124416225986	0.979555063962953	0.978433820528232	0.978670175817101	0.978193069244326	0.980312914203146	0.978183912375382	0.976434381354927	0.980423091250041	0.981144817607607	0.977494599666035	0.981955769219371	0.973905464322379	0.976932088375422	0.977345096525881	0.98489011223836	0.978648706211173
0.978674079161395	1	0.980014111183081	0.986530171276556	0.983520706691649	0.979036687404512	0.981268187395857	0.975430679477011	0.985211327939218	0.978801527931663	0.981482049668327	0.984799910480449	0.981247519347965	0.97876030952949	0.978408182375934	0.977279946974717	0.973058251590186	0.977695231885767	0.987428606499195	0.980833631361502	0.980361161672224	0.97676950132927	0.979343593146207	0.974760795912615	0.98035460692466	0.985547324217326	0.986348189535026	0.984129307422808	0.98653457537826	0.982135950385406	0.984468426795646	0.978092078868322	0.98395127834061	0.986142672372049	0.980912180341456	0.987761941523009	0.979681233314991	0.977483921099523	0.984007010538011	0.979347387705009	0.980997429961537	0.980947612913617	0.980028570877487	-1	0.985994534069337	0.981525934614092	0.980142263789781	0.984334351132719	0.976877163797515	0.986213245061515	0.978599893543029	0.982826832280095	-1	0.981761547455031	0.982183182872376	0.984357672028074	0.985508366356636	0.985190825226455	0.984990545273267	0.984220350200919	0.98625321129219	0.985755053853163	0.984183814701255	0.984649371765952	0.982235566510963	0.979705802617111	0.979547634501681	0.985917762046826	0.982368558681156	0.979461566501397	0.98092680993736	0.982164602499138	0.981329996447609	0.982152466371714	0.985630412731241	0.981941807700145	0.986324459278936	0.98197484032035	0.987759525054073	0.980707034277521	0.984077116771592	0.978870858249455	0.98232402390691	0.976704934392288	0.989179135854563
0.976905104802814	0.980014111183081	0.999999999999992	0.98027183382219	0.976570369357983	0.974472659264259	0.977929395646599	0.975444891040152	0.97912210854403	0.975830560568852	0.980665568503332	0.981137911964549	0.981138465116013	0.976190692135423	0.977422492421821	0.974476368668861	0.970759236596018	0.974353205242464	0.979674706647994	0.973596909412004	0.979967343620876	0.973485646904233	0.974898218992946	0.973346860027218	0.976571278733231	0.979751087987566	0.978702255047654	0.979198609301162	0.979322904747678	0.975850672195446	0.981617376832546	0.974631176572869	0.974167519043211	0.975719502954823	0.980394845472867	0.980207210382291	0.975140758603569	0.973409461219823	0.979816027554956	0.976460866693507	0.977150892010433	0.977961362990916	0.976955821334114	-1	0.981509401635519	0.976442260482206	0.9761042283458	0.979931340229103	0.973160738694721	0.977464203823888	0.975838359029702	0.978672847265162	-1	0.984187691388594	0.979856228293725	0.984818820608184	0.982823217361346	0.979027729603587	0.981486031929567	0.983057706618965	0.981159451497129	0.980203451104314	0.983116719454502	0.98148209293706	0.979330651873337	0.977208725333482	0.977758856774711	0.979033011202241	0.983617006550696	0.978940168420772	0.976867749653327	0.978097428904265	0.978007816791529	0.979629379492559	0.980533781567474	0.978649593795526	0.983208691791982	0.979394876654594	0.982885678673967	0.977159166160532	0.979677566753566	0.975889079657749	0.980989769957222	0.974473101330192	0.980869885282182
0.977736280786306	0.986530171276556	0.98027183382219	1	0.980165738359541	0.979186200857197	0.979894345641405	0.97544312888818	0.98279280358981	0.978399850476666	0.981088020800182	0.9843063151907	0.982893227120218	0.978109230442898	0.978700813386378	0.976596258243739	0.973463499211462	0.978474146011289	0.990161201843479	0.978949050900216	0.980808565397467	0.97601107628753	0.977967591899895	0.974480716537986	0.979990087896791	0.988415262399086	0.985997493366777	0.984290690586514	0.983725530945369	0.982244765235878	0.986406828441476	0.975208859811592	0.980500926557883	0.983102435974076	0.981728012828969	0.98242810437095	0.979913492532683	0.975957960385844	0.986299275759095	0.980627236310585	0.979535470678429	0.981722087110392	0.980723464199652	-1	0.984697711572255	0.981026017424235	0.979461315493286	0.98323054879879	0.976202953289392	0.983990125973882	0.978695233030267	0.98305596513047	-1	0.979583048963377	0.981208054807205	0.983394284421631	0.986657631229823	0.98140485528573	0.985534415154302	0.984280299919909	0.981655212629044	0.984822921024797	0.985063290864501	0.986417068383708	0.98410932490586	0.98042212948451	0.978923042817229	0.982882323537044	0.982342345366414	0.98122840768316	0.982187079480964	0.983133875186428	0.984081839989237	0.984249766073964	0.985992573869955	0.982548056277805	0.986838667967649	0.983352745908043	0.985797299118756	0.980067913920121	0.98047193507348	0.978569657407881	0.983009490721334	0.977106563829657	0.989680343289207
0.976420247853994	0.983520706691649	0.976570369357983	0.980165738359541	1.00000000000001	0.980504994229766	0.975388796874649	0.973591556884796	0.977833784005408	0.979119507413267	0.97606282330497	0.980739289734254	0.97746691505742	0.98159655733697	0.977849694200548	0.972343364794603	0.971263411304392	0.980165161625842	0.981104619826394	0.979469095297137	0.978069863624403	0.980248106221887	0.980874039178348	0.97669010827271	0.978506584839208	0.981602488986848	0.986741559807822	0.987195290162521	0.981182181664687	0.984694921285393	0.979792773233421	0.970903047298691	0.978599047940966	0.981638278043283	0.979978914539521	0.979670455317223	0.977900265839079	0.973154495590706	0.979758535782478	0.976815956377892	0.975539264572011	0.98104523564569	0.978962650479985	-1	0.978568087702247	0.981973433189924	0.980934974356521	0.978414018159083	0.979783603967583	0.987115607732049	0.97885151384798	0.975710286811812	-1	0.978874035207751	0.977536746047238	0.980887533066239	0.981709246016196	0.980112869464557	0.98066906907724	0.979336144760716	0.978102655998332	0.981061218098461	0.97905134882038	0.981408422427695	0.981602183793464	0.97584083671121	0.974827206877804	0.982481972136713	0.979443975337307	0.978829496675273	0.975964318951354	0.980551459340427	0.97822711544924	0.977741830053531	0.982727380124715	0.979612496937444	0.982308029817619	0.979551507953867	0.97994060498114	0.98100601849471	0.97765204584864	0.982502045577887	0.975932066011572	0.974727770682055	0.979437424432867
0.979616907000322	0.979036687404512	0.974472659264259	0.979186200857197	0.980504994229766	1	0.974414398013295	0.973303085999014	0.975208106644465	0.986200023258803	0.976387435228181	0.978303755752821	0.97667577620993	0.987645050392359	0.976396979265763	0.974819167226402	0.973305670932914	0.984552755430167	0.977412900200819	0.979058735127236	0.976658926374323	0.98503840122172	0.984191354925022	0.982712708072345	0.978246710182013	0.977452124903421	0.980655599002518	0.980973821110737	0.978461409487728	0.978915637641544	0.978984118377801	0.968259700245131	0.975829278728774	0.97739247388776	0.979124827198791	0.977411358850064	0.978984313112986	0.974373691265129	0.974466669904268	0.977142963926095	0.974981584198752	0.985091176411898	0.980118161511288	-1	0.975272730793011	0.989393341718991	0.982039971626601	0.975547874715336	0.984554952722308	0.980051882517922	0.982494153790123	0.975484382663125	-1	0.975109280083495	0.977658188021093	0.978940044283523	0.978943386565738	0.976282296326149	0.981796106359348	0.975275183332715	0.974735041583884	0.978077752068725	0.977374722584061	0.981041310817339	0.977537565808641	0.977517981956111	0.97693114674825	0.977385031144223	0.975566232762747	0.979164947463572	0.977047319809917	0.978414853997013	0.978088703929829	0.979496308082841	0.979555819406282	0.977692959685991	0.978614306783935	0.981050504699568	0.976526346011995	0.983826707604433	0.973137166638956	0.983464908597283	0.974329469776118	0.980249484285385	0.97808262124041
0.976285295203978	0.981268187395857	0.977929395646599	0.979894345641405	0.975388796874649	0.974414398013295	1.00000000000001	0.978656885529782	0.9842982856178	0.9767149753904	0.979345083517041	0.976688269323494	0.982765455458829	0.975340787835287	0.970865438318463	0.979897460963548	0.970355760394631	0.973512800000475	0.979966013570536	0.979025090705859	0.986677979896193	0.971560162784502	0.97360678689211	0.972822672941004	0.981098898228971	0.97834511281695	0.978690678034972	0.978585407538263	0.981476508717997	0.977009531264209	0.979969990803778	0.984844130736861	0.974576237144724	0.97807320364984	0.973145310544177	0.986218920720117	0.973667248542318	0.976825465642957	0.979281448330427	0.971678564987958	0.982956685933903	0.977105212296006	0.981168634517914	-1	0.984333496669819	0.975578295001354	0.973941920972345	0.985825633257417	0.972994685956472	0.979041435272608	0.974728268831972	0.985119353980816	-1	0.981217079802763	0.985141699451	0.982654002049958	0.983656811843486	0.978554942665872	0.978772887000413	0.982662956703991	0.983898846819663	0.980464298877124	0.984798000695321	0.978739618885142	0.976509449325087	0.977435427801778	0.979198102968616	0.976594132763815	0.982875208775108	0.972962931080861	0.980176025582794	0.97386914663192	0.975650789469524	0.978581026939759	0.976050788162764	0.975513339724951	0.983185976235102	0.975680148228474	0.98555889666736	0.97692693674666	0.985091861974734	0.972713049092726	0.985795943600455	0.97392573050318	0.98432190220784
0.973448214166762	0.975430679477011	0.975444891040152	0.97544312888818	0.973591556884796	0.973303085999014	0.978656885529782	1	0.97585522747158	0.973608468049739	0.975101024334487	0.974379856897992	0.97885937089765	0.9736883139548	0.970266078648667	0.973948762900131	0.970378180089742	0.971815945031731	0.974969760475879	0.972680796493175	0.981086698611736	0.969556290566251	0.971894625350349	0.970267612872257	0.979113675434357	0.975006400560179	0.973894371278078	0.974373898018703	0.975568160943741	0.973073828254768	0.977312969210085	0.976589212844517	0.971747535671354	0.973042890612137	0.971852176309855	0.978645032392464	0.971336049235992	0.973486836541007	0.975655173360539	0.970006775050448	0.98847310442701	0.973381222246004	0.978239354456828	-1	0.978378872354407	0.973502241140601	0.971878321762637	0.977781877412015	0.9704417684989	0.972880604928412	0.972647222838188	0.977418493404956	-1	0.977240115064745	0.978693829328295	0.978683479953231	0.978438166770328	0.974448667194994	0.974909215515167	0.976640272101572	0.977165830786353	0.975887392256094	0.977855092846429	0.975190228914672	0.974532608128675	0.974176003626725	0.975024184897354	0.972076116461709	0.977086203271059	0.970838094499691	0.977120004668154	0.972177631669489	0.974498025863746	0.975590265705839	0.973784949776354	0.972161886928327	0.978529507068697	0.973695764111049	0.978956757479564	0.973336942357647	0.976966223224838	0.97183862119833	0.978701892484766	0.971518798088052	0.976184807277424
0.9771975097296	0.985211327939218	0.97912210854403	0.98279280358981	0.977833784005408	0.975208106644465	0.9842982856178	0.97585522747158	0.999999999999999	0.976284452829172	0.9806101318583	0.979638617601553	0.981657988031671	0.975837767014628	0.972586314599547	0.979097794059771	0.970701574980349	0.974998001772811	0.983650251723801	0.976686537699853	0.981849506581387	0.973486517406602	0.977045506565502	0.974094747901966	0.9785648971746	0.981383072881718	0.981206572305821	0.978430325670737	0.983021121286352	0.976301935555296	0.982840874272907	0.981606057857104	0.977852810135184	0.981161493773706	0.976191663839229	0.988331980258714	0.974534981791205	0.976142099041511	0.981926243163703	0.973504192672499	0.980634058763334	0.979010453871609	0.980096285591822	-1	0.986031134003654	0.977573805405202	0.977040305965167	0.984379067936497	0.974107272620011	0.980247017642262	0.977063286708022	0.984515704088787	-1	0.981586684187846	0.982702062158639	0.983109696905761	0.9848559156116	0.982395755821982	0.98066492794971	0.983101419406597	0.984963506631147	0.983953871224115	0.984377080799453	0.979777729825478	0.978833925736974	0.978138154853841	0.979559384855273	0.980877920024093	0.982565089845314	0.974812722840682	0.980225776568336	0.977028911630868	0.977600485222515	0.980212804851103	0.97960679080099	0.97756096728907	0.984134567516154	0.977466020367189	0.987490185806862	0.979092118789861	0.983923068212889	0.975446649656152	0.984027776570126	0.974838474824927	0.986072064602131
0.98404771927848	0.978801527931663	0.975830560568852	0.978399850476666	0.979119507413267	0.986200023258803	0.9767149753904	0.973608468049739	0.976284452829172	1	0.978871296737279	0.976598030264379	0.977554977920104	0.986603626824821	0.976982879723216	0.979399327358588	0.977559003685446	0.986386811905878	0.977484351558051	0.981290991166794	0.977758363813944	0.982991749108868	0.982976682718795	0.982944095658293	0.980113861873223	0.977448465141148	0.978496354664831	0.980350851009074	0.978736181691695	0.978732688851008	0.980650970208616	0.968701159282056	0.973034913942896	0.977346478804106	0.978996879659631	0.977195456937944	0.978777770570831	0.978680582643265	0.97644883582251	0.977560980916687	0.976385082356888	0.985789604793157	0.981270034862031	-1	0.976285959539198	0.985730433774679	0.980544249721292	0.977954658768061	0.985812027820059	0.980222132273034	0.983753316421321	0.977271790985019	-1	0.97696860612024	0.979407322316052	0.979236609826877	0.979598395541591	0.976928154496605	0.983292001480192	0.975999795338886	0.975385734597424	0.977978685389428	0.979788246034526	0.982600236576302	0.977811130546528	0.980339623058548	0.98071095993212	0.978223318806878	0.976398870964079	0.980580686214581	0.979118386100857	0.978182588023249	0.979015034025132	0.981361389572685	0.979507768374194	0.977790754200713	0.980335945836183	0.982758622729094	0.977380581882625	0.984384941517513	0.973820866465145	0.981784807844143	0.976591831922308	0.983178407697333	0.977988273118916
0.979370346732326	0.981482049668327	0.980665568503332	0.981088020800182	0.97606282330497	0.976387435228181	0.979345083517041	0.975101024334487	0.9806101318583	0.978871296737279	1	0.978582803107945	0.9809908176223	0.977112945032675	0.975384487428386	0.979106087369385	0.972846250025528	0.976996123539229	0.980129105960618	0.976592440789754	0.978255331781046	0.975257684747642	0.976436773719994	0.974413321744844	0.978772926621375	0.980011966891854	0.978926393084845	0.978499224371278	0.979596478511241	0.976129593456823	0.983058727541386	0.974909372743405	0.976463967154972	0.977742797544686	0.979140767884486	0.979941676019534	0.976511490899722	0.975452682768107	0.979156703447966	0.975916948287717	0.977779666908677	0.979267786766005	0.979788682239393	-1	0.981045517004397	0.979411127296505	0.97665077979204	0.980441805875078	0.975880270309971	0.978101450858392	0.977219177876856	0.980681953814092	-1	0.980033784761824	0.98051609312865	0.980907908473808	0.981712588684576	0.97915883572336	0.981699908941235	0.980177321378758	0.978917598953903	0.978708132467959	0.98173408736671	0.98104252549725	0.978252709111195	0.978418847779002	0.980764449995369	0.977870287579894	0.980661638697968	0.978329009414878	0.97962440412574	0.979228227324156	0.97876112326248	0.980373911186014	0.97942802311012	0.978118502316598	0.981956808617336	0.981285416402135	0.98212752113346	0.978865037889934	0.978271633076493	0.976092893238851	0.979099265000257	0.97681052263002	0.980721137121389
0.975392807701852	0.984799910480449	0.981137911964549	0.9843063151907	0.980739289734254	0.978303755752821	0.976688269323494	0.974379856897992	0.979638617601553	0.976598030264379	0.978582803107945	0.999999999999997	0.978965528105659	0.978136039941562	0.979411289517723	0.97106331300467	0.970552370240386	0.975849671221948	0.984959375091716	0.978318729785227	0.979281070732998	0.975090769417191	0.975730921032866	0.973265642368366	0.979003900135214	0.984891936509189	0.985465833087684	0.983349747178582	0.982328912232141	0.983807691300394	0.982163825399563	0.973220607438474	0.978456370771659	0.980850630508936	0.984379787501052	0.981944478118774	0.981934163126665	0.973484163248434	0.981850789608683	0.981266622627272	0.976119130032087	0.977168368135014	0.978349952384661	-1	0.980239584736687	0.979064009366257	0.979355368607882	0.978543033483315	0.974811295346724	0.983171844123028	0.976447591160682	0.97669160750741	-1	0.977761545253897	0.978259114891664	0.982096234455322	0.982539994449122	0.980601239675823	0.981125147189894	0.98196498182705	0.979878660707745	0.986005727438281	0.980339405989367	0.982139618762359	0.981510358220271	0.976416278988568	0.97581365785278	0.985453830351808	0.978862432654148	0.981643301948323	0.976660116777007	0.98088636581792	0.98035055680868	0.981173506996562	0.983757471156974	0.983823961313273	0.984576957004784	0.981992913378111	0.983723764934538	0.978728008979197	0.980007909350005	0.979967408536285	0.978386711448476	0.974970736526285	0.98405660511301
0.977865065029839	0.981247519347965	0.981138465116013	0.982893227120218	0.97746691505742	0.97667577620993	0.982765455458829	0.97885937089765	0.981657988031671	0.977554977920104	0.9809908176223	0.978965528105659	0.999999999999993	0.976414414626362	0.97584267464849	0.978895181328433	0.975022057543915	0.975358490261255	0.98158788470223	0.977243237880295	0.983204208038781	0.973253192574641	0.976125476441372	0.973117413675839	0.979672774545062	0.980149568110013	0.979091811645255	0.978274765533795	0.981498594405211	0.976698107414174	0.983794691683359	0.977896324475117	0.97522860377671	0.977815058388603	0.978631946148227	0.982967934014084	0.976615268885229	0.97666195105714	0.981875190757588	0.975696034626303	0.981806185870807	0.979689177127526	0.979991787249154	-1	0.984185845042294	0.978619663224326	0.976595165853733	0.982919333238228	0.974044652623739	0.978250099787109	0.977178838277222	0.983586612331289	-1	0.982511733854687	0.981739108272879	0.983268528156614	0.984718516220136	0.978647298266693	0.981793376429644	0.981735294097659	0.98068407084395	0.981357644486441	0.984914024114853	0.983568337612179	0.979355584248272	0.980324007405781	0.979557307225331	0.979002380626041	0.982562120434527	0.977110895980448	0.981333679613674	0.977739504094521	0.979012345257574	0.983750427548817	0.980174047451801	0.979471702399904	0.984666628019407	0.980487918234049	0.985616581799085	0.978093001143854	0.982557400645958	0.974526340139148	0.983193700629783	0.97675206786891	0.983975013608392
0.981490948396098	0.97876030952949	0.976190692135423	0.978109230442898	0.98159655733697	0.987645050392359	0.975340787835287	0.9736883139548	0.975837767014628	0.986603626824821	0.977112945032675	0.978136039941562	0.976414414626362	1	0.978823898826447	0.97535383497307	0.974141995903251	0.986495613445732	0.976718962289973	0.978816691510523	0.977263146839229	0.985568179416298	0.985501250148981	0.986187330524404	0.978613558782714	0.977488975960185	0.981090078310951	0.98263623221065	0.978307289818178	0.980522400391898	0.979930402475022	0.968514051948881	0.974772215836481	0.97781521649234	0.979749953866558	0.97752044927401	0.978998951640567	0.975264071921126	0.976579525851028	0.97794613799424	0.973963684481665	0.987571129075842	0.981879927446533	-1	0.975030055763871	0.987166816482524	0.985359359125964	0.975548493147525	0.98820438254533	0.980343661303062	0.984467337377645	0.974817362455165	-1	0.977325326626118	0.978405210458356	0.978952744023437	0.980335357625747	0.977500917570304	0.980864138519587	0.976426251404497	0.975353303751202	0.978624871657974	0.977334070304718	0.981199268523875	0.980098195127288	0.977357007138099	0.976935357896655	0.979576089320354	0.977268233232332	0.979616486595698	0.978155069448152	0.978161769411181	0.978433481435729	0.979559527083046	0.980081315463963	0.978965032195887	0.980356131111432	0.980332803880514	0.977104630643044	0.987403891522701	0.974176738523385	0.984346131455068	0.97492343919867	0.979483724449392	0.97684029254847
0.977032516542154	0.978408182375934	0.977422492421821	0.978700813386378	0.977849694200548	0.976396979265763	0.970865438318463	0.970266078648667	0.972586314599547	0.976982879723216	0.975384487428386	0.979411289517723	0.97584267464849	0.978823898826447	0.999999999999999	0.967949184045198	0.974026267783967	0.977424990178901	0.97704522380962	0.97378546227908	0.973000208484529	0.976943999512555	0.975257714695896	0.976250697008772	0.973589906725888	0.977930776884936	0.97911219984786	0.980086111177112	0.975801352742443	0.977973784659211	0.980983915268485	0.96564274835074	0.974497366092203	0.975602907599839	0.98666718245137	0.975330614057126	0.984484518313946	0.972783238269264	0.978076829112506	0.986956802495445	0.973008376113299	0.97854157183507	0.975009805815602	-1	0.975815098675852	0.977400957469132	0.976692504022855	0.973660892075595	0.977806269858166	0.978152012601636	0.975123482344522	0.971845100842707	-1	0.975268928636564	0.973050327932751	0.977206993111417	0.979022254272362	0.975325334694064	0.980744381725769	0.978398452329951	0.974046289511785	0.978240100630049	0.975027175895685	0.98186469995672	0.981247548598551	0.975733778384141	0.971164583649201	0.983061709096185	0.974877874030662	0.984657787289675	0.977547660945618	0.979396884667569	0.981192256299686	0.983237773303883	0.981004394813114	0.98254129406525	0.980837239134636	0.985946581004899	0.976859694005571	0.978370935282579	0.973120458428514	0.976530361010972	0.973043350361669	0.97428934704204	0.976650023988418
0.977923499660368	0.977279946974717	0.974476368668861	0.976596258243739	0.972343364794603	0.974819167226402	0.979897460963548	0.973948762900131	0.979097794059771	0.979399327358588	0.979106087369385	0.97106331300467	0.978895181328433	0.97535383497307	0.967949184045198	0.999999999999999	0.971753272736795	0.974716732954668	0.976465790304479	0.976425490516217	0.97791530722323	0.97219592127971	0.977147152962901	0.972853313421535	0.978206396174039	0.974806875465401	0.973394154565499	0.972818358490307	0.977253588862895	0.970601612611501	0.978566416353388	0.972496353529442	0.969319399491795	0.973579615600706	0.97045533688135	0.978544055894572	0.971133752963361	0.977984948703525	0.976049873200987	0.967851670714741	0.978861423122202	0.978878439600739	0.979340787005972	-1	0.978018539296605	0.977912235190248	0.972363224430298	0.980496392285622	0.973972233698873	0.973940656833285	0.975794022116941	0.98386866764655	-1	0.976592561545459	0.984771100138435	0.977859498576207	0.977894190545073	0.975905304168309	0.977286838590261	0.974304656268767	0.976370236740934	0.974137064952627	0.984254043699861	0.976857625474068	0.972346194153554	0.979641429976373	0.987430769183238	0.971487490993131	0.979182404477097	0.970794243181663	0.978447725692774	0.971846908977529	0.973944727104482	0.976947647854557	0.973816341031523	0.971838671701307	0.977130156678234	0.974111533713628	0.977595413208572	0.977619481566893	0.975012626956723	0.973778981370756	0.980808575347557	0.976298581336422	0.978352777391948
0.975427771808175	0.973058251590186	0.970759236596018	0.973463499211462	0.971263411304392	0.973305670932914	0.970355760394631	0.970378180089742	0.970701574980349	0.977559003685446	0.972846250025528	0.970552370240386	0.975022057543915	0.974141995903251	0.974026267783967	0.971753272736795	1	0.973608548555503	0.972388384303274	0.973275165155791	0.971697687100706	0.970558631684022	0.973311232124099	0.971170155606093	0.973093087207142	0.972832065679755	0.97189014031323	0.972325271097371	0.97165365066479	0.970375409549453	0.978442973655214	0.965083577091635	0.967260031048195	0.970789481773847	0.974694882306313	0.970916157827176	0.973601727474117	0.973754173012184	0.972158625317768	0.973834998655273	0.97171710353506	0.976283851336291	0.974935868623232	-1	0.972259879900183	0.975029317303257	0.97123527697267	0.973072187341456	0.97319455533352	0.972457601528581	0.97364789643527	0.971388783135219	-1	0.971324802676368	0.972798347361208	0.972373836527104	0.97313319538914	0.971672726368578	0.975651947014724	0.970611992349751	0.969694569829902	0.972975673733489	0.974837626196753	0.976246230350825	0.972905868023558	0.977806442391946	0.972586402348843	0.972239641666581	0.971408571609286	0.973742679806719	0.975371125234055	0.970687899390863	0.977243660472623	0.979183139771899	0.972315640715914	0.974588521312112	0.975044902248442	0.977360004526444	0.972112465817169	0.974091788030517	0.969476635754731	0.972533482901399	0.971292939154983	0.974227450790472	0.972172444409718
0.98252066821204	0.977695231885767	0.974353205242464	0.978474146011289	0.980165161625842	0.984552755430167	0.973512800000475	0.971815945031731	0.974998001772811	0.986386811905878	0.976996123539229	0.975849671221948	0.975358490261255	0.986495613445732	0.977424990178901	0.974716732954668	0.973608548555503	0.999999999999995	0.976929664176199	0.978073598870195	0.975541534546693	0.984986344740499	0.983008533545563	0.981708077022631	0.977900608629806	0.977713600034828	0.979709004925105	0.981791702207171	0.977155802078465	0.97913354889748	0.979102275638192	0.968308182280375	0.973659522300374	0.977207655515984	0.97983081059838	0.975385128322196	0.978269761721537	0.975166023904044	0.976119169722318	0.977589585205777	0.974069120166242	0.984537237856519	0.978932125695738	-1	0.974643874473972	0.985567017370368	0.98545626279118	0.974832068139561	0.986244377396143	0.980426500236657	0.982136421081239	0.975034159479886	-1	0.97588412174998	0.976786172249821	0.977988453119093	0.978379736613643	0.97689920419698	0.982421925996658	0.974160535850972	0.973012698817381	0.97645180896587	0.977633193252346	0.980692106298118	0.977749089447052	0.978298826128694	0.977341058170573	0.977930297041873	0.975805046572789	0.981218598510055	0.976110492122512	0.978443823710718	0.97921001917413	0.97920918405363	0.978560345065183	0.977172994367912	0.978315377867036	0.982063391457124	0.975544955791612	0.984440158797479	0.972031188074088	0.981680941576223	0.975675069189791	0.981535478173609	0.977067938646147
0.976763948130671	0.987428606499195	0.979674706647994	0.990161201843479	0.981104619826394	0.977412900200819	0.979966013570536	0.974969760475879	0.983650251723801	0.977484351558051	0.980129105960618	0.984959375091716	0.98158788470223	0.976718962289973	0.97704522380962	0.976465790304479	0.972388384303274	0.976929664176199	1	0.979907975891944	0.981617084369765	0.974619574207643	0.978508128320739	0.972822512765381	0.980387485917206	0.996373244177064	0.986180036962476	0.983361382512574	0.985370862209622	0.982734138840693	0.985071814125813	0.976889851117889	0.980079484153698	0.98381776572787	0.980335374203886	0.98427376978786	0.979056637811989	0.976034911944166	0.985638901634044	0.978749919779512	0.980085008697537	0.979587059208787	0.981047652953544	-1	0.985225183426963	0.980754351156284	0.980450788365649	0.983761048909115	0.975372279484484	0.984746343264552	0.977701533947793	0.982230776703657	-1	0.979476287789875	0.981806808731654	0.984474036061755	0.985699569989951	0.981363682850263	0.984197092242572	0.983796821311411	0.982871940729484	0.985299977116205	0.984569642729579	0.984099632501681	0.981532610619638	0.979874106830334	0.978730515909543	0.983465245999271	0.982480327894358	0.979905623902705	0.980010968203578	0.981586755117286	0.982166475297885	0.982135860585962	0.984729981971151	0.982159128300809	0.985535458756237	0.981518113871917	0.986828189100151	0.980278724753069	0.981801249151508	0.977078155586498	0.982632843622751	0.975815594501282	0.989661615421299
0.9770839032263	0.980833631361502	0.973596909412004	0.978949050900216	0.979469095297137	0.979058735127236	0.979025090705859	0.972680796493175	0.976686537699853	0.981290991166794	0.976592440789754	0.978318729785227	0.977243237880295	0.978816691510523	0.97378546227908	0.976425490516217	0.973275165155791	0.978073598870195	0.979907975891944	0.999999999999997	0.98013565089011	0.974234022030268	0.978932713636624	0.976330009817403	0.98013390910136	0.980284972566696	0.981866122673784	0.981611773549784	0.98084066399239	0.98179232380363	0.978943327325028	0.97079032008946	0.975059829141978	0.978031976491989	0.976349428727679	0.97972523675075	0.975531521678318	0.977447111149774	0.975792165374506	0.974312021208599	0.97589573519285	0.980137823561986	0.98128906239897	-1	0.977758238316026	0.979627637911209	0.976640048902496	0.979979503765599	0.977509217037359	0.982913722048282	0.976443495428942	0.976938357095403	-1	0.976787925949437	0.979247680758344	0.978999158491727	0.979873756713218	0.977985202888312	0.980927974591825	0.977627847682865	0.976814121580197	0.979505037069456	0.978950049950244	0.979856810478359	0.977585865016356	0.979195408778184	0.978831139224895	0.978545400449099	0.976911476746657	0.977092069011368	0.976752563329151	0.976902355473204	0.978069646138169	0.97776831170081	0.978086765520359	0.97826257565727	0.980746992980552	0.978561594623844	0.978633583147973	0.979385574862669	0.978015093117611	0.976848122188783	0.977021889217483	0.976614681049921	0.978393765900006
0.977012668487976	0.980361161672224	0.979967343620876	0.980808565397467	0.978069863624403	0.976658926374323	0.986677979896193	0.981086698611736	0.981849506581387	0.977758363813944	0.978255331781046	0.979281070732998	0.983204208038781	0.977263146839229	0.973000208484529	0.97791530722323	0.971697687100706	0.975541534546693	0.981617084369765	0.98013565089011	1	0.972570553608745	0.976068949213467	0.973926026272473	0.982770797550807	0.980298823783184	0.981289908465628	0.98018175060458	0.984098452739848	0.980224471018102	0.980370769407662	0.982997235405239	0.975111950682498	0.977864225946874	0.974594907254834	0.984780140264049	0.975320938927726	0.977788571836741	0.980039684856449	0.972831396124475	0.982973086840811	0.979065125847189	0.983298555050877	-1	0.983360448955669	0.978198284627111	0.976538063164816	0.984587604577367	0.975272497489913	0.979870494448708	0.976598029432849	0.981934780803247	-1	0.98231195140893	0.983745358222031	0.984251078802744	0.984907992512115	0.97867931249307	0.980229387849869	0.982442467349737	0.983102918468561	0.981580655288156	0.983975391664235	0.97969569903434	0.977604607652035	0.978306679620827	0.979455230852064	0.976292430528669	0.983220875507186	0.975265860818898	0.979391706080556	0.975237283411548	0.977452919784635	0.979853299830829	0.977439044529427	0.977107596059122	0.983564234364904	0.97671159798425	0.984616740971228	0.977797847252729	0.984597429587543	0.973663283272972	0.983348509076103	0.974974201534997	0.983514818316628
0.979403600574371	0.97676950132927	0.973485646904233	0.97601107628753	0.980248106221887	0.98503840122172	0.971560162784502	0.969556290566251	0.973486517406602	0.982991749108868	0.975257684747642	0.975090769417191	0.973253192574641	0.985568179416298	0.976943999512555	0.97219592127971	0.970558631684022	0.984986344740499	0.974619574207643	0.974234022030268	0.972570553608745	1	0.982895544933716	0.982535297020635	0.974752924195459	0.975048565484582	0.978977185071288	0.980615965046005	0.976170684374777	0.976960871967417	0.977255892513492	0.967413750126324	0.972994370781797	0.975838142202488	0.978369876563895	0.97396358704455	0.976372817585367	0.971858214663087	0.975699518072617	0.974986540505962	0.971568044685842	0.981817096778627	0.977126735951951	-1	0.973422497707524	0.986708361525319	0.982559593409423	0.97293893520541	0.986405965355356	0.978552649082377	0.981330357602378	0.972797133467224	-1	0.974875648335619	0.973825477950365	0.976308015518311	0.97617984582931	0.975309329174718	0.979435752771909	0.973575862403719	0.972275786243399	0.975843602941736	0.974583653407704	0.979861505525448	0.978003265543664	0.974492429301662	0.973300385746434	0.976991682555313	0.974464866973304	0.97793001034669	0.973921847573385	0.977913850132699	0.975136055804802	0.975276436533309	0.978640894818215	0.974658769427785	0.977927190854515	0.978919054840207	0.974789787169361	0.983027714371371	0.97026378144663	0.982609536195872	0.971777896321326	0.977319626300123	0.974706994057557
0.979626540174771	0.979343593146207	0.974898218992946	0.977967591899895	0.980874039178348	0.984191354925022	0.97360678689211	0.971894625350349	0.977045506565502	0.982976682718795	0.976436773719994	0.975730921032866	0.976125476441372	0.985501250148981	0.975257714695896	0.977147152962901	0.973311232124099	0.983008533545563	0.978508128320739	0.978932713636624	0.976068949213467	0.982895544933716	1.00000000000001	0.984863066000501	0.977962096098663	0.97826836049407	0.980683310136834	0.980436417115529	0.980192030841414	0.978632113523372	0.979422618582132	0.969109159240988	0.975165964808654	0.978316692672101	0.977663765843721	0.977217985336273	0.975477094866689	0.976225648001894	0.97699646130136	0.974013216824689	0.975525107881105	0.986830745915081	0.980119637352087	-1	0.977376672516079	0.98649597638149	0.981838951614001	0.976760065114759	0.984277376333227	0.979794698226285	0.981918106934588	0.976802640637297	-1	0.976520983113213	0.978151496338014	0.978835546370495	0.978782637819718	0.977629483109867	0.981071430485575	0.976220660295805	0.975298267157246	0.978425770391781	0.978855534857293	0.97976154548083	0.977737687917873	0.978249378916296	0.97794831856136	0.978336711638858	0.976578709308869	0.977463785422595	0.976043758887332	0.977665539932358	0.977176513036554	0.977473126277191	0.978845411137937	0.977764857584464	0.979677479547571	0.979106977056876	0.977502439338035	0.985990143315133	0.974401806785381	0.981701715336535	0.9759002076651	0.978894458843879	0.978005507587089
0.980017618408156	0.974760795912615	0.973346860027218	0.974480716537986	0.97669010827271	0.982712708072345	0.972822672941004	0.970267612872257	0.974094747901966	0.982944095658293	0.974413321744844	0.973265642368366	0.973117413675839	0.986187330524404	0.976250697008772	0.972853313421535	0.971170155606093	0.981708077022631	0.972822512765381	0.976330009817403	0.973926026272473	0.982535297020635	0.984863066000501	1	0.974598794649959	0.973834941202676	0.976502482920977	0.979059260277216	0.976336562094733	0.975894866632352	0.977323009833921	0.966552124715395	0.97161383791648	0.97390358076823	0.976318952867005	0.974503255384222	0.974802156879986	0.972783757257165	0.974518836874906	0.97354720394818	0.971538509009483	0.984433085190062	0.97683423840249	-1	0.972966648615257	0.982233918018179	0.978852533400027	0.972616889062643	0.984410693963085	0.976043289404073	0.980022969989746	0.973046118922138	-1	0.975219375950827	0.974990324169848	0.976285794279283	0.97723085544369	0.974675530979635	0.978535764698904	0.975017671842574	0.972329031609401	0.975204594032988	0.974874673777992	0.978584106843933	0.97819851524179	0.97520364440161	0.974681182203602	0.976053287320831	0.973925317360226	0.976890084258948	0.975102177583407	0.976929690784235	0.974787985141469	0.976290063798508	0.977866792963453	0.975892316853188	0.977967151832239	0.976755692022758	0.974374838046112	0.984556265363845	0.971274336377691	0.979539415088593	0.972636145930827	0.976933613635342	0.974040380057797
0.976861363065939	0.98035460692466	0.976571278733231	0.979990087896791	0.978506584839208	0.978246710182013	0.981098898228971	0.979113675434357	0.9785648971746	0.980113861873223	0.978772926621375	0.979003900135214	0.979672774545062	0.978613558782714	0.973589906725888	0.978206396174039	0.973093087207142	0.977900608629806	0.980387485917206	0.98013390910136	0.982770797550807	0.974752924195459	0.977962096098663	0.974598794649959	1.00000000000001	0.980017265624489	0.980897488704038	0.980208724975852	0.982287351439035	0.980120284086584	0.98101739763066	0.975670666400435	0.974922262424238	0.977996748388431	0.976704869269208	0.980318735317681	0.976945350233865	0.977299000431805	0.977557547794977	0.974046109840125	0.980981334375279	0.979577283249852	0.984896305517329	-1	0.979770892030401	0.979742630252275	0.976864355904734	0.981059089497879	0.97550357847922	0.980212764639335	0.977458602633312	0.979390751560274	-1	0.978526550376969	0.981136194088794	0.980881807909825	0.981932664074581	0.978595687806596	0.981040295335582	0.978191541834441	0.978098901329098	0.97945762172708	0.982379869979877	0.979191198260483	0.976952333331039	0.977854202090393	0.979253347397396	0.977413583868811	0.981037893727306	0.976852863829195	0.979614676544311	0.975474172774312	0.978620552800292	0.979452817954854	0.977539562502649	0.978102931847465	0.981634736807004	0.980052368124119	0.980356162563983	0.979110120248141	0.978506858518308	0.976937235191855	0.979839351067859	0.976606606208287	0.980739090502671
0.976129003632471	0.985547324217326	0.979751087987566	0.988415262399086	0.981602488986848	0.977452124903421	0.97834511281695	0.975006400560179	0.981383072881718	0.977448465141148	0.980011966891854	0.984891936509189	0.980149568110013	0.977488975960185	0.977930776884936	0.974806875465401	0.972832065679755	0.977713600034828	0.996373244177064	0.980284972566696	0.980298823783184	0.975048565484582	0.97826836049407	0.973834941202676	0.980017265624489	1	0.986728419857203	0.984095553456717	0.983353948789921	0.982956278934264	0.984350396338999	0.974750328847116	0.979842619022442	0.9831516678419	0.980803407186111	0.983052498760121	0.979413897966528	0.974731859272574	0.984239766793742	0.978085572856147	0.977764564575753	0.97974593075491	0.981236754936996	-1	0.983254588299703	0.980357691057612	0.979454329234363	0.980889560414974	0.976074041513307	0.983094284313053	0.977507321173255	0.979164040804177	-1	0.979752964358973	0.980520257396495	0.984261940775918	0.984905815256684	0.982270531393031	0.982930169239047	0.983937197042026	0.980813994059235	0.984147821800351	0.982460994889147	0.984003805023084	0.982308988154783	0.97890511717108	0.978094872328311	0.983906538833131	0.981636610726835	0.980890656763369	0.979125532858491	0.983259758709371	0.98223666822316	0.982116989543827	0.986261178070817	0.983358782310308	0.985381653354371	0.981391002145298	0.985035487748673	0.981202588418231	0.981057608630953	0.978375460288247	0.980659766563967	0.97618811841142	0.986107805337178
