1	0.846333359579475	0.843947307091042	0.846346800622637	0.830197949378873	0.860008096412876	0.797475472926554	0.823990953292116	0.845071130819667	0.866365710841192	0.868830225077559	0.856386955893877	0.841608161719622	0.868387224813735	0.822399678795336	0.85073473403989	0.840098128554231	0.86835906879068	0.856512903250925	0.836989229610477	0.816542866957538	0.852946517047438	0.851558052110832	0.840705968749335	0.836783284771796	0.859708148151606	0.842253901032206	0.840087729243163	0.850295938934836	0.844450204611693	0.83629331812437	0.806855167607064	0.840952171754558	0.838637864650362	0.837058266713211	0.834748323775993	0.812514783415073	0.827044644766095	0.862501610297703	0.826223659347285	0.81447199701467	0.867254557114126	0.861709775614739	-1	0.831075851372351	0.879895826187354	0.868785884157192	0.813703945379261	0.849541723016239	0.818247646209441	0.863116996567367	0.806930423640328	-1	0.850796125047568	0.831223029468904	0.855526190869223	0.859592993388318	0.842520744662738	0.879458870654762	0.860618814159788	0.834047109418946	0.844457004933306	0.849209330984692	0.881808887130886	0.858750371043136	0.879792668475398	0.842308194276013	0.843015098776109	0.825067266996808	0.858315998952355	0.807714345276118	0.875140971838628	0.817217142394921	0.863816471437109	0.855110120108345	0.82095104922799	0.875141862962947	0.85498128785508	0.825417792210692	0.873660895736052	0.80966723041187	0.838843603655341	0.802380326324695	0.925059159029707	0.83517599926527
0.846333359579475	1	0.870347645188606	0.931770225190137	0.885472621662094	0.845170947667746	0.847609579938188	0.835510422419674	0.911023037018615	0.827161311291676	0.887080985174498	0.943366083081797	0.870491698781133	0.849465676704918	0.870750490893608	0.820630127409376	0.835102555583627	0.830755166530207	0.934282646578095	0.88960312405872	0.863761879578526	0.837970452858454	0.846388464098171	0.817106638866577	0.85405195366371	0.9311158504143	0.930239860531118	0.899762441516199	0.918991488705672	0.912110029670935	0.891352593510995	0.844842274186552	0.92469401343372	0.912521382436488	0.874950108443938	0.916563271636485	0.849323531863198	0.842781153270473	0.913639103451797	0.864780486207682	0.838987476088419	0.867478258544025	0.875334164068526	-1	0.903746863535787	0.859134002364348	0.874094401486326	0.863302168360969	0.834436103774439	0.908848292063594	0.846737396763932	0.832477631733185	-1	0.883730779114769	0.852108415286756	0.893030605384741	0.921176421977457	0.918396278013811	0.881933686805816	0.916284469563999	0.907983831070242	0.932665746025889	0.879741008647124	0.90036443884162	0.908795669850753	0.861056979013969	0.845061973784011	0.926635144047498	0.870788002292558	0.871520700736004	0.862981844383741	0.891554774477518	0.87370281434737	0.883339069365866	0.92920085132345	0.893433893666358	0.932616890538314	0.876426410303137	0.915433734440256	0.872468759570001	0.897618313020223	0.850796477509903	0.864707194463361	0.861277438348307	0.930119674944611
0.843947307091042	0.870347645188606	0.999999999999999	0.862801909264324	0.818352548466939	0.82149696006891	0.871621271831061	0.875019799342075	0.875040815197579	0.814801860364173	0.903914388146496	0.899371577497825	0.899227657273646	0.813319461439805	0.847566960501497	0.838536996285756	0.812800709563754	0.802674358011292	0.882489193381877	0.828753805882074	0.899427940486313	0.801695920038612	0.799322747542409	0.791173298485593	0.848624853818025	0.881796472620932	0.857530572538184	0.844163547149361	0.871712433845383	0.85659126726501	0.839714889490362	0.869016218885428	0.823734655768215	0.812948859272559	0.867544257397594	0.889808585039365	0.833426642431593	0.842408766769542	0.86228940699769	0.827140920741202	0.865164934198033	0.827040644810734	0.856339725440076	-1	0.893203813437269	0.808604736079745	0.837103124693961	0.884203849218936	0.78919509526969	0.839312033291753	0.820111815564188	0.860943574558676	-1	0.921720178105707	0.881184411679213	0.929741401789799	0.90735958685887	0.85210305088516	0.884994768323673	0.927379978793479	0.899144640000715	0.860047826362884	0.921182703788648	0.870660485463175	0.863361757882939	0.87180375994542	0.867839374097257	0.844867303049425	0.916864513818926	0.864801512985391	0.841880825013177	0.840882994985152	0.826731777004457	0.883875702001474	0.851366644169782	0.824614543904335	0.885002534052037	0.851421864451157	0.889967031760579	0.819926814530907	0.900304622994031	0.799628957366522	0.889038423497015	0.826788415396211	0.871525072378071
0.846346800622637	0.931770225190137	0.862801909264324	1	0.867268476727105	0.856683016590407	0.870591969096199	0.851930611724395	0.925903583144088	0.837779981447558	0.88623030732942	0.946863112920214	0.891109843314028	0.847572610901979	0.874609818594686	0.833350621495194	0.844403347920854	0.837334075407961	0.967529561913287	0.864728179632964	0.866109029157775	0.841072950562086	0.836071976525366	0.816863176625807	0.868524938698304	0.957125118134686	0.931987228390839	0.893292020872397	0.921974834158745	0.908113024822759	0.907731715065926	0.855893164318032	0.908014166145845	0.917454960116828	0.884780931737728	0.893598193205784	0.86319816336882	0.84460847228475	0.949723871638808	0.883536532880313	0.860156831379854	0.874850611485618	0.882800634125986	-1	0.918456090349875	0.863093480284684	0.885495155518383	0.886177606770523	0.832658740791528	0.896753648382502	0.853527162345807	0.860830305121775	-1	0.872410197893768	0.85553235600572	0.886791458724395	0.933250245832983	0.905543542853029	0.90189353086629	0.928785924641584	0.905027432354884	0.933465366660391	0.895367960851472	0.923440714806232	0.920495843504443	0.859592237822006	0.85041380830189	0.923572550958328	0.875445148090531	0.880954023506305	0.884450434637946	0.915382942012246	0.904557300038496	0.910155582659884	0.943115575874896	0.889271331870625	0.942118004354644	0.884356701710676	0.92185771919015	0.861119485562365	0.884418940832595	0.851982320293761	0.881572905391612	0.850519476287098	0.956720756852864
0.830197949378873	0.885472621662094	0.818352548466939	0.867268476727105	1	0.877827032381112	0.798623514992764	0.795598732144205	0.844073503550578	0.851975023648454	0.840592908282819	0.892356055280776	0.826781510294478	0.881093243737214	0.840316453065464	0.787382796627276	0.816102711193423	0.870746329058811	0.8794628792286	0.889856145723585	0.839705534003199	0.882989060110285	0.877049394810096	0.865255295355517	0.866508002669279	0.893842317178731	0.932431060546041	0.936023858365879	0.883595159665511	0.932003773718616	0.835036761771311	0.790758151865602	0.861808874766411	0.874604482288428	0.850695569682655	0.839985133193817	0.846900887111562	0.799068844451573	0.852338721107436	0.818924448227091	0.799936333300905	0.875856892550837	0.877644418004274	-1	0.832831791759942	0.876422203620959	0.886722630168256	0.83335162251179	0.87797347398142	0.933615757315502	0.865613496723083	0.781720249658666	-1	0.849904621863022	0.80125828522106	0.857517213925138	0.8846660102911	0.876312827606812	0.849757649485104	0.873245740723524	0.833349552546945	0.856925334652369	0.815000146384531	0.863265053515658	0.868175830571531	0.822025131704088	0.797762466276893	0.874628075653502	0.847824301301903	0.856638630763135	0.801015234788225	0.867429098257446	0.831313932591566	0.847879707086414	0.880739323200958	0.858577858741761	0.879002357200114	0.828290075077656	0.828682226304664	0.882708052478223	0.854278000868169	0.899965290638943	0.786167747762159	0.835393788263065	0.847632197319519
0.860008096412876	0.845170947667746	0.82149696006891	0.856683016590407	0.877827032381112	1	0.788824210843305	0.773692816962948	0.845661865288687	0.917346883122986	0.84853025098081	0.860523453499369	0.831817293339342	0.934912796394243	0.849055163670639	0.79105719992003	0.834288546347815	0.922675453346718	0.85401191380952	0.848666767275676	0.797605229818548	0.939261808330876	0.907847702573398	0.902147956230722	0.83029475426629	0.856865700325869	0.878349707416061	0.866265445765926	0.875022449079003	0.877605924407884	0.83260571780257	0.789464800037155	0.838960833320252	0.846510462032278	0.863547759983717	0.823029629351055	0.856639334645262	0.806338056407898	0.846084222661159	0.854763374112676	0.783668451691501	0.918568930218328	0.876701166426849	-1	0.838115254147162	0.961017550484478	0.92469654179461	0.810176455990144	0.914204334165085	0.878955262598795	0.914490609415049	0.773263402157973	-1	0.819559736324806	0.782208978888691	0.827715112494136	0.865383487848197	0.855730116692302	0.884795370877592	0.842375801134909	0.821634029759676	0.863443554329115	0.815078654981702	0.888833853532498	0.871971713571124	0.849941660701111	0.807525546753778	0.859508523698797	0.806353613726567	0.876813251730881	0.788766304958985	0.889880496854101	0.843874768023455	0.862132422525835	0.863946943938048	0.846465411171806	0.879498241475362	0.867249607843365	0.820641565470319	0.897547766155882	0.803264056009925	0.92197223574157	0.782625674669816	0.886502827053441	0.840829529360929
0.797475472926554	0.847609579938188	0.871621271831061	0.870591969096199	0.798623514992764	0.788824210843305	1	0.914444959420874	0.912715852705274	0.785593521979495	0.864770351035823	0.865654381073776	0.909194855153225	0.793404206345194	0.773670165544973	0.87438452452468	0.797690479302837	0.753421355610388	0.881397363611942	0.838228815517797	0.942075425498384	0.757418886298968	0.800048498598552	0.792686670419347	0.882152886717752	0.865469648697979	0.85777264981494	0.835016252488724	0.894946728016123	0.844157345332043	0.828788051162373	0.937764002248364	0.835357385984445	0.832359492191165	0.794081049714022	0.909703545307149	0.776609511094177	0.859845411502619	0.866612577477366	0.756071180573254	0.919572024629628	0.817593169833159	0.891970824921782	-1	0.917741075865687	0.787691904319967	0.824018851458283	0.922152445964652	0.760806555772349	0.827784817889588	0.797753507540001	0.896385250177234	-1	0.913603386467732	0.896898085972443	0.887549454973015	0.91267144761392	0.862127033545289	0.813532799854965	0.914511952337403	0.930272305486529	0.874867218214142	0.906946362615911	0.835946574891913	0.852217329760227	0.839637607929086	0.865161500162353	0.823322427815788	0.90473741304094	0.778552061671113	0.863704368429503	0.793850863335774	0.807529395722976	0.854096791962391	0.825920978222111	0.81974462384878	0.904061257683491	0.781035174989617	0.910167781313626	0.819124531118879	0.910008283015225	0.773578267152071	0.907811617599868	0.80049574793419	0.883533714805967
0.823990953292116	0.835510422419674	0.875019799342075	0.851930611724395	0.795598732144205	0.773692816962948	0.914444959420874	1	0.883203911790612	0.77848620350108	0.870535695838871	0.849627241067775	0.913597336773967	0.776340783016466	0.77120288634022	0.874989202401559	0.81725072299101	0.75523966821486	0.855585475263678	0.81313997489482	0.907221336355549	0.752277010932287	0.787351281169631	0.781305505053045	0.875400162275689	0.846339776584476	0.815933680857404	0.812743331535133	0.854700271429089	0.828910199724826	0.837037969948366	0.920309124997473	0.830328530549499	0.826931839826301	0.786890593135008	0.886049567757722	0.76708653031906	0.869724991820873	0.844410851668369	0.773989350298958	0.966858688513055	0.804834614598934	0.874001755802144	-1	0.902055769253485	0.786343784236992	0.809879479001771	0.880915250743168	0.762312212244971	0.788788380534475	0.802111746535791	0.879670454154242	-1	0.899556470683202	0.896373045464085	0.875303457931608	0.890666660102682	0.855894081956449	0.80646020187816	0.888919685696082	0.889190678480935	0.854224795129631	0.88802824972756	0.828721372446639	0.850783378542505	0.847385275655085	0.868048518369072	0.815077168233775	0.881125896422671	0.77054980912666	0.870709670336241	0.801994916845669	0.802592519762023	0.862399476944042	0.814440484230052	0.797363507168602	0.877431616540335	0.788538590605617	0.880400969691754	0.815463613557639	0.889039743744708	0.753909680125065	0.898827427946956	0.803160559357429	0.852662266480168
0.845071130819667	0.911023037018615	0.875040815197579	0.925903583144088	0.844073503550578	0.845661865288687	0.912715852705274	0.883203911790612	1	0.836022384340404	0.912143402712613	0.906637896833523	0.913815319649929	0.847552600275729	0.822326718761134	0.875491474641661	0.823095428211771	0.804740576537386	0.934366368288776	0.869979059316111	0.899048848738284	0.809553801723343	0.85992184414499	0.819068740539506	0.87336551092877	0.913029156810037	0.904277977613758	0.856586967007621	0.932450786066729	0.870190897441939	0.89693919266384	0.906261168537858	0.905196680262151	0.906758507337648	0.846024247753944	0.940168118814436	0.815483625087835	0.881497297385892	0.924192799372309	0.823907394432882	0.891652303778215	0.878179109688691	0.905197595500457	-1	0.944444321878133	0.84801276763663	0.882422457330303	0.912940884590145	0.819619726392188	0.876926886000106	0.850109252835717	0.898775460402646	-1	0.908885470429916	0.898399670653362	0.900595051306245	0.934133337902153	0.923638606642932	0.867155698696946	0.930082058224931	0.936672854466017	0.939437885808759	0.917171119414765	0.892279984646354	0.900129281687787	0.864190335796767	0.888529347191542	0.895772546401569	0.899774863565215	0.829860674601887	0.89186561272517	0.849856976779469	0.862307483941017	0.892885353697311	0.888567143573865	0.864486869797915	0.94147055087697	0.831239346543434	0.947200062508844	0.864365370771164	0.922795391367536	0.820963623086536	0.911481515337092	0.837998102095781	0.943900747013281
0.866365710841192	0.827161311291676	0.814801860364173	0.837779981447558	0.851975023648454	0.917346883122986	0.785593521979495	0.77848620350108	0.836022384340404	1	0.838351881907805	0.858909967406734	0.821514495276884	0.910151721000414	0.848217051870166	0.813556065770472	0.847569894698943	0.915300050607371	0.856339819618035	0.862197465496272	0.79218334810209	0.911393987911258	0.896402740730329	0.894052936782332	0.84160094391665	0.861581332960946	0.850359402175087	0.856549525023283	0.874461084774068	0.867461636704554	0.829029828133531	0.774534296544279	0.812783624388387	0.81872491774578	0.857537978603418	0.805379851824749	0.854753356932939	0.814133320072223	0.853355736418831	0.839354127398948	0.796287092080013	0.91236822268414	0.87635546431807	-1	0.824152041111111	0.906037027115827	0.896952091396322	0.807840571961359	0.909318021926294	0.853540199418153	0.91225215341963	0.797209306487942	-1	0.808999618172154	0.793480205934282	0.82763025038587	0.846517691598824	0.850466718492348	0.879946781150667	0.844749653541418	0.815985739599399	0.859000343949343	0.81760821047992	0.874109459284258	0.846942891586632	0.868036397494082	0.815796735449833	0.850103341894864	0.796657943442063	0.868698624160988	0.800030791521963	0.859299149746718	0.837876160651806	0.856895050338892	0.852254629728086	0.830923625907475	0.877978177753914	0.862581840015991	0.810241730468439	0.896398052662334	0.793847728621384	0.880696288333033	0.7743931249687	0.887360384427375	0.824992782690487
0.868830225077559	0.887080985174498	0.903914388146496	0.88623030732942	0.840592908282819	0.84853025098081	0.864770351035823	0.870535695838871	0.912143402712613	0.838351881907805	0.999999999999999	0.89969511929904	0.914486451683163	0.847942908926361	0.85925594369936	0.866324846591732	0.847905763113051	0.821816322987643	0.895478568127559	0.862282560040407	0.871814476207211	0.833006451107846	0.84210888657485	0.823381874017963	0.868477063847574	0.896253401212653	0.874308296262731	0.852395678119048	0.887385751529818	0.875690536395794	0.889857973857222	0.867022571403717	0.863498104821189	0.859956626757836	0.875296476468538	0.893710916065787	0.845978070303448	0.866604830962641	0.888330418288872	0.849835450064359	0.86227445959933	0.858307862595788	0.895926506427661	-1	0.903287387149629	0.853253061545828	0.873143754416583	0.888548041058312	0.826402481597966	0.857594894864883	0.870954546721057	0.875776543099917	-1	0.899031634749091	0.879882785930807	0.885083685420821	0.907253989945334	0.871895487223437	0.891490736982124	0.912386367772579	0.889257120771254	0.887452201885068	0.903593121740237	0.883726836184501	0.876259631154211	0.884222219736767	0.899949484641615	0.87945062207393	0.894741240719056	0.870659349588989	0.889571670177359	0.860711350925953	0.880315115156853	0.908655557724645	0.878355986260623	0.861851199207253	0.912996805826118	0.876889377293383	0.894983416543061	0.865710922928856	0.891837337895307	0.831691656046059	0.881665753328499	0.859203224219089	0.883871969151074
0.856386955893877	0.943366083081797	0.899371577497825	0.946863112920214	0.892356055280776	0.860523453499369	0.865654381073776	0.849627241067775	0.906637896833523	0.858909967406734	0.89969511929904	1	0.886628137700923	0.864988039329626	0.907483649519859	0.837745144761141	0.843765226000712	0.853623982528921	0.948234736908503	0.887635723517142	0.870824086975413	0.852675452843818	0.852074317365708	0.836486707974342	0.882548848338095	0.945006553714178	0.945524440086368	0.921231926707283	0.925579958198058	0.936392422203286	0.903218076216646	0.847808654574224	0.907466363745639	0.907629355105902	0.921959260170779	0.906449550492409	0.906484318674858	0.850220793029345	0.922924277781947	0.908194700497315	0.855715163816573	0.870838950018706	0.893233832661436	-1	0.909280249202734	0.862137174785652	0.893552632644533	0.885384799904133	0.85328712914034	0.923987536409045	0.86003947694623	0.861683069483552	-1	0.889242402936673	0.868725841802411	0.909897052355708	0.936977578992627	0.905675953960868	0.90101697352614	0.930940202140874	0.910051488391964	0.939821851344364	0.893216191379538	0.908728319473865	0.922176325364597	0.876832103262315	0.858670483744548	0.946035328909703	0.886543599042814	0.902844441912818	0.875906881671502	0.913182348568576	0.903102241582178	0.906402482582507	0.931925947690725	0.918614397661221	0.941668455094524	0.912368064270384	0.921713989180666	0.88328749494624	0.897581832080609	0.863740783348813	0.882384601824373	0.868200413128794	0.932285276734825
0.841608161719622	0.870491698781133	0.899227657273646	0.891109843314028	0.826781510294478	0.831817293339342	0.909194855153225	0.913597336773967	0.913815319649929	0.821514495276884	0.914486451683163	0.886628137700923	1	0.825661571249656	0.833076727521268	0.891346830727116	0.839607997470409	0.798713195807085	0.893921621976099	0.842200887251854	0.907433143108494	0.798164885644337	0.828271202987354	0.81285707477575	0.881109635994959	0.881548858247447	0.854881591770214	0.846874247431466	0.892215601340888	0.849185291320588	0.885013358196826	0.905690090916443	0.8610912685984	0.848300268785266	0.843965718498945	0.900680857453381	0.820610714890408	0.862435970527156	0.896398692839562	0.823691372491081	0.91142161086398	0.848079096144686	0.898466865806765	-1	0.918282317368574	0.837175663398513	0.850153041408334	0.898458261590771	0.787881475441005	0.839138583755163	0.842405850700806	0.898067430905306	-1	0.912450934978404	0.87751579061541	0.892017032276267	0.915558823693163	0.877090850955083	0.856833884918925	0.917824729931934	0.896688740128483	0.879963639158308	0.920849639744183	0.882979003919877	0.877448475564493	0.881830666450573	0.884840093414037	0.860250215850627	0.899906615417746	0.827577802960982	0.893210396918509	0.82943141826676	0.838891102577924	0.912091086344777	0.859678574839594	0.845333072121856	0.908908602447498	0.842692596327213	0.910069081516317	0.849231353913288	0.903685033167051	0.803922018741235	0.887186902930724	0.82171026843284	0.889175615617232
0.868387224813735	0.849465676704918	0.813319461439805	0.847572610901979	0.881093243737214	0.934912796394243	0.793404206345194	0.776340783016466	0.847552600275729	0.910151721000414	0.847942908926361	0.864988039329626	0.825661571249656	1	0.860052730312209	0.78396214414801	0.865858314904768	0.923330701556554	0.848718160242073	0.870752061899784	0.807120219086062	0.933491353749822	0.918174546844431	0.924831382393862	0.846277468871385	0.856501355420257	0.886940551297774	0.877681268356591	0.858126324710156	0.897739074888326	0.833667224316076	0.779927031720297	0.846312008471659	0.857715255994779	0.87306949774169	0.832984381847739	0.868814572521066	0.812113642194378	0.842410270195728	0.838599406828992	0.773938467911002	0.933356443040378	0.885921066105744	-1	0.826176679742733	0.930856173731907	0.94063286020358	0.80636597328829	0.952617123622272	0.874658890573429	0.923196085179129	0.765840153683086	-1	0.82838506551322	0.787808493381858	0.822059905407683	0.870561879703992	0.851740720353307	0.873198493196444	0.846029363748527	0.824432197719147	0.864672720449309	0.813322514496685	0.886234501548976	0.880931996764986	0.844656285251804	0.79201698583206	0.860627653945206	0.821393932855419	0.875816515746243	0.811435599921351	0.855136955368741	0.829308984237779	0.857526810264271	0.862658228683821	0.849669883571909	0.893427144957633	0.852570493091118	0.83299203198884	0.926648400618461	0.824173236826687	0.91825610295792	0.775127758286832	0.868949500409496	0.829677344796907
0.822399678795336	0.870750490893608	0.847566960501497	0.874609818594686	0.840316453065464	0.849055163670639	0.773670165544973	0.77120288634022	0.822326718761134	0.848217051870166	0.85925594369936	0.907483649519859	0.833076727521268	0.860052730312209	1	0.741533760288642	0.864612757895727	0.863458874195831	0.872091257634361	0.834623096888384	0.795532746524322	0.857915801251246	0.813236788539828	0.844682267662356	0.810096884886096	0.884318434706828	0.887128913216518	0.879670594094445	0.838647489560995	0.896724100027674	0.867656638111804	0.747887800550592	0.84841153266445	0.837495422090919	0.947450621637368	0.823576213155322	0.94317625200205	0.790859229693562	0.840026629745628	0.953341775785812	0.769029758355723	0.849161080154683	0.849642508553533	-1	0.819095984424401	0.841163513242355	0.866013493839495	0.781945621541551	0.85888692280047	0.87196808852239	0.854093099447876	0.746639891095431	-1	0.811108019850689	0.763444235465554	0.842536395263515	0.863057051851566	0.829943340664207	0.888896638439925	0.863190718951276	0.809817313374927	0.865654393847699	0.807076410162153	0.879903226745281	0.880039351628894	0.864738308632811	0.769213328418403	0.904827750049523	0.801866630145813	0.930600601754194	0.826632993839724	0.872883511335969	0.903990604796875	0.903854786653707	0.876645574782552	0.928195311113443	0.877775061962156	0.949127822815626	0.823504812138073	0.84929919570055	0.825686161320751	0.8365450110319	0.770053868036831	0.846522098503302	0.833717468983301
0.85073473403989	0.820630127409376	0.838536996285756	0.833350621495194	0.787382796627276	0.79105719992003	0.87438452452468	0.874989202401559	0.875491474641661	0.813556065770472	0.866324846591732	0.837745144761141	0.891346830727116	0.78396214414801	0.741533760288642	1	0.823508730730288	0.752973911040846	0.859086878852062	0.84140060840232	0.854028011931294	0.768583480112982	0.83580941769827	0.76428248734749	0.863531561732483	0.845140282437263	0.80660882181575	0.788320516405691	0.864701560214485	0.802281189182901	0.847182362412773	0.859845009821264	0.804289702298673	0.81853872363447	0.768861597706893	0.855471190982062	0.748618751927491	0.867169692489534	0.864413282173669	0.751193511000063	0.884313914096831	0.816689761480035	0.875130556173849	-1	0.866932230739754	0.819731605914227	0.800116982670505	0.894263026796873	0.754277906764616	0.787126805583295	0.802080124435178	0.921239812716507	-1	0.859240990044229	0.915714484552643	0.845664248051671	0.851074147643934	0.865100136374813	0.806218052819879	0.856510866952202	0.855616588535194	0.847730318023281	0.903043006156845	0.843717679469735	0.817513886240616	0.879381209673485	0.94131701817969	0.802757093902709	0.874245937481982	0.761618582337722	0.847113252393394	0.78538817200985	0.780541677339932	0.853077256615936	0.80386207040572	0.782098609277597	0.860639236066972	0.781633090911713	0.830953857713548	0.835075024055923	0.834758879821659	0.774695185694455	0.868669468627416	0.818670879962353	0.83792288116228
0.840098128554231	0.835102555583627	0.812800709563754	0.844403347920854	0.816102711193423	0.834288546347815	0.797690479302837	0.81725072299101	0.823095428211771	0.847569894698943	0.847905763113051	0.843765226000712	0.839607997470409	0.865858314904768	0.864612757895727	0.823508730730288	1	0.82383196779811	0.847914564948996	0.833549715633213	0.809851547195892	0.830141359933061	0.845274108817873	0.822960584272004	0.816044393007691	0.853761095391547	0.842521012802541	0.840644012831116	0.834900458239185	0.837520074104906	0.86440165841426	0.800180476020047	0.829217654358026	0.828966721238842	0.845879317827773	0.810258852904696	0.845514705383361	0.831384350243138	0.83662670231164	0.83440307373874	0.817152220163809	0.849478740375611	0.848218168655376	-1	0.820947944703305	0.858682371519092	0.847902427052273	0.794211511342471	0.845391001495247	0.805236652756966	0.840122393691891	0.785285942458892	-1	0.80693044483673	0.783002037666306	0.81242648273237	0.850311790554787	0.830787916517508	0.831936299365609	0.83299076537525	0.809309156504903	0.842718294907684	0.810637620051052	0.860855580397772	0.856956936615161	0.869497978377699	0.806187178068938	0.842663921826798	0.80143385868472	0.826540600767867	0.84716663264624	0.820305050191161	0.844493915342083	0.870460410685483	0.838577675029326	0.855449481725269	0.863631499938708	0.852843474726886	0.810881455293414	0.846548739390919	0.822891313125256	0.815352204670658	0.780081309937251	0.837153265703869	0.828040047601854
0.86835906879068	0.830755166530207	0.802674358011292	0.837334075407961	0.870746329058811	0.922675453346718	0.753421355610388	0.75523966821486	0.804740576537386	0.915300050607371	0.821816322987643	0.853623982528921	0.798713195807085	0.923330701556554	0.863458874195831	0.752973911040846	0.82383196779811	1	0.837748789979033	0.828295464711399	0.760433638669088	0.919591456310097	0.86991949637474	0.8900538237249	0.82459675456986	0.853669342543525	0.855374667189032	0.864730317223708	0.845823278681092	0.880132151158369	0.804543580569512	0.74727117356485	0.819164491966236	0.834108086486305	0.872802862912018	0.789691295551244	0.868466224612038	0.770723522175272	0.828306317860422	0.848600845238109	0.756249059473682	0.87758041834381	0.863421208034556	-1	0.786667784866978	0.921211860019209	0.930868650304134	0.767172862099638	0.921156967070186	0.875508037957589	0.906902939986896	0.740399782690953	-1	0.792898281205697	0.751356213703569	0.820932412186588	0.834003313420998	0.84241022050247	0.888473435558349	0.822065114347771	0.778002219453828	0.828419638272622	0.776749193617163	0.866370625473616	0.863001596607186	0.841800592204805	0.771327906075785	0.852041110552609	0.786717014557021	0.8916342365282	0.765250415851817	0.869431842985711	0.840040664096357	0.8460160656105	0.844423500269367	0.843279123578155	0.857454092455728	0.866284562736898	0.783869302149516	0.889109470003692	0.787957761102493	0.899762803528982	0.734950870447862	0.878545169868393	0.811528377129587
0.856512903250925	0.934282646578095	0.882489193381877	0.967529561913287	0.8794628792286	0.85401191380952	0.881397363611942	0.855585475263678	0.934366368288776	0.856339819618035	0.895478568127559	0.948234736908503	0.893921621976099	0.848718160242073	0.872091257634361	0.859086878852062	0.847914564948996	0.837748789979033	1	0.89155971962001	0.887018045750591	0.842669350291052	0.8643173207901	0.835127029575768	0.86915272089467	0.988903800896336	0.937636973674872	0.906801153718491	0.937586384603588	0.913233898269917	0.903446728089611	0.868982255036621	0.904959529076199	0.925928208271882	0.880608980688609	0.906549211598971	0.864826794174718	0.866152870431962	0.954854627520692	0.863232968767789	0.86965756801201	0.885662906320322	0.899917463679078	-1	0.922565721400873	0.863078746591579	0.891301404024819	0.904111750995899	0.835055207361281	0.908270396916373	0.862752604370431	0.886238162982524	-1	0.888630324381216	0.874270280994278	0.91724197652935	0.933770254176005	0.918262085905147	0.904910607282284	0.939657422980565	0.91831250807256	0.939240804575311	0.902883177615505	0.915342083518029	0.9220250543413	0.892759694691514	0.866495351395039	0.912025323301151	0.893782065840142	0.884668150555353	0.883598600493102	0.908478250176453	0.890769193508639	0.907516821584865	0.938895577640437	0.884974970127757	0.93814601275637	0.870147249734655	0.933763232677273	0.882868957646677	0.897973860009505	0.843935652985688	0.88651686220002	0.856666831498448	0.960701417835398
0.836989229610477	0.88960312405872	0.828753805882074	0.864728179632964	0.889856145723585	0.848666767275676	0.838228815517797	0.81313997489482	0.869979059316111	0.862197465496272	0.862282560040407	0.887635723517142	0.842200887251854	0.870752061899784	0.834623096888384	0.84140060840232	0.833549715633213	0.828295464711399	0.89155971962001	1	0.869445918406191	0.831626475940604	0.861805379920221	0.858591475456545	0.891555189451384	0.890420284808582	0.911229418570364	0.888732151337413	0.90260306060336	0.910058176119588	0.841496335926668	0.800617725279311	0.853110969291203	0.862468945410248	0.836117446498256	0.865328034273596	0.82867884623287	0.872414623236944	0.856717114196012	0.808085342232915	0.821954313846855	0.872343750041097	0.896814536631299	-1	0.844205350110586	0.86043976382252	0.863198571601703	0.863570288761551	0.852390729431162	0.891815870970441	0.848468492038449	0.829933725053733	-1	0.853544136841224	0.847379057251637	0.866175280040891	0.876391108407538	0.867143811160871	0.862749185160183	0.886413564519767	0.866045878086147	0.879934368778366	0.84555863249055	0.857983647071071	0.859079470350606	0.888734357481797	0.84880741458761	0.869303708879028	0.862402989506302	0.846378117066906	0.829445432967784	0.848985997754041	0.813087773697513	0.849907026626776	0.86756799212817	0.864380085714505	0.893765767772115	0.838682142793264	0.848300454631386	0.886561274576257	0.86441521764399	0.847235180555239	0.806246724774976	0.84709459549854	0.849732459556013
0.816542866957538	0.863761879578526	0.899427940486313	0.866109029157775	0.839705534003199	0.797605229818548	0.942075425498384	0.907221336355549	0.899048848738284	0.79218334810209	0.871814476207211	0.870824086975413	0.907433143108494	0.807120219086062	0.795532746524322	0.854028011931294	0.809851547195892	0.760433638669088	0.887018045750591	0.869445918406191	0.999999999999999	0.763844566715132	0.81162238468529	0.797910841197919	0.884714394992852	0.877521682088008	0.881691868069718	0.856846395056241	0.904982910665643	0.865395039959134	0.829031677187812	0.92855103729222	0.835697251262756	0.826301622419266	0.799592295835159	0.913708726234036	0.78068641378136	0.874446450208582	0.8582899167883	0.762835883149491	0.914452367340103	0.825938485947614	0.894720087736115	-1	0.906852870853998	0.792222820670036	0.833991409057613	0.916211077042108	0.776480073584798	0.842830387299136	0.804317644134032	0.873143041942088	-1	0.929962416563064	0.879092645634581	0.91873882945561	0.908749231960677	0.859398073131063	0.83156306998821	0.931532927356089	0.922167423394194	0.865956901211233	0.905721435365314	0.832470680303558	0.84248378473891	0.857248273719204	0.852809176716458	0.811852696118795	0.914141580305152	0.795845449106741	0.858860052157205	0.812698465748506	0.800814022389728	0.858248253246587	0.844758799947242	0.816849802854502	0.895832888440879	0.785380726456489	0.904961776474214	0.825366629954953	0.928821055598021	0.769765296507147	0.879027720591276	0.814255420405059	0.872609943264255
0.852946517047438	0.837970452858454	0.801695920038612	0.841072950562086	0.882989060110285	0.939261808330876	0.757418886298968	0.752277010932287	0.809553801723343	0.911393987911258	0.833006451107846	0.852675452843818	0.798164885644337	0.933491353749822	0.857915801251246	0.768583480112982	0.830141359933061	0.919591456310097	0.842669350291052	0.831626475940604	0.763844566715132	1	0.899057423742636	0.903423413075303	0.817809886867767	0.85899754904769	0.872933439643612	0.874399567702042	0.845138965685902	0.882523625193696	0.816819178043517	0.741710294234624	0.82719529057207	0.83184178024914	0.875394579781978	0.793960104106756	0.870594126402927	0.776088582807948	0.835159645869365	0.853063650414844	0.759527330004461	0.904742650715321	0.850547569573678	-1	0.805733315710069	0.930775781079087	0.921691115002955	0.764360721065715	0.937956272101016	0.87188097853265	0.914955292591279	0.753009869259594	-1	0.797467360670656	0.753942998243939	0.809686538662241	0.845410804792014	0.840041839449535	0.879471268516422	0.826490495636075	0.79095222444803	0.846211971229744	0.788710610729991	0.878328284596833	0.86785391481919	0.824530413182436	0.780926940741603	0.853217603380829	0.789297728800179	0.893135171829503	0.772245560779695	0.878566477473411	0.828637195910578	0.843754904071082	0.863811177905024	0.836075604715139	0.865119132244886	0.862692671017768	0.793696699094372	0.903383339560696	0.786659624150081	0.926072348027805	0.748798588892953	0.866873267961596	0.81138573496518
0.851558052110832	0.846388464098171	0.799322747542409	0.836071976525366	0.877049394810096	0.907847702573398	0.800048498598552	0.787351281169631	0.85992184414499	0.896402740730329	0.84210888657485	0.852074317365708	0.828271202987354	0.918174546844431	0.813236788539828	0.83580941769827	0.845274108817873	0.86991949637474	0.8643173207901	0.861805379920221	0.81162238468529	0.899057423742636	1	0.909820637539019	0.838970304827715	0.867088486426548	0.878426176791558	0.845406143450745	0.88359013228791	0.861658713016391	0.839335411273515	0.792584052174016	0.841054191874966	0.85114440967641	0.845484623731462	0.835129805197757	0.827127178275105	0.824698022539538	0.8567381496164	0.804634038597887	0.801536681977781	0.93409706460207	0.871815842873933	-1	0.831963277492258	0.920353327990257	0.896622717751115	0.820847399941132	0.899888181314158	0.862658924596477	0.891347606906115	0.815256388601324	-1	0.819220954268954	0.808148159864395	0.831344373845086	0.853233412245981	0.871765481653501	0.855384683064992	0.838993838468954	0.814193462187615	0.864252335100362	0.821388283846208	0.863988902963119	0.85984595559675	0.846405321481764	0.822150584072181	0.848392880230668	0.820828636673067	0.843019953622271	0.809871462329312	0.85001136218321	0.813819533576589	0.835822453632022	0.85276033861607	0.826871093085157	0.874597184587492	0.828946903952897	0.824129806941219	0.928097225292262	0.822258508647778	0.884596165407017	0.79215271291554	0.875300619913502	0.836594616173553
0.840705968749335	0.817106638866577	0.791173298485593	0.816863176625807	0.865255295355517	0.902147956230722	0.792686670419347	0.781305505053045	0.819068740539506	0.894052936782332	0.823381874017963	0.836486707974342	0.81285707477575	0.924831382393862	0.844682267662356	0.76428248734749	0.822960584272004	0.8900538237249	0.835127029575768	0.858591475456545	0.797910841197919	0.903423413075303	0.909820637539019	1	0.821274755029883	0.842752310081491	0.855150553322612	0.857864706430922	0.851374148480985	0.866953454247032	0.805766926126102	0.765851170569906	0.818634141774928	0.813173484745873	0.848915766485561	0.80604659463095	0.848944309243552	0.790972467565388	0.815648059729039	0.822557813064264	0.77685326422954	0.916879196708501	0.854019411396221	-1	0.799577633555112	0.896575080878163	0.900931966858431	0.779642808584036	0.927116260794754	0.842653931273999	0.898173793417199	0.76222218519685	-1	0.808987218045115	0.773651378494951	0.820749959626902	0.839963737813831	0.827376698813252	0.854043334733585	0.827892751269664	0.797456131345536	0.842507192053104	0.78649125032391	0.850830179126556	0.856266180028339	0.833645539100089	0.771555212014342	0.833863897684614	0.788856803878981	0.861979731862912	0.778408501229663	0.836944629440383	0.811367787783948	0.821356665144241	0.826615862020977	0.839021182938442	0.861571316209005	0.83383343298363	0.807987867789208	0.907118420308564	0.80053686607685	0.89037278680006	0.747554518191178	0.873792866751206	0.79927234602773
0.836783284771796	0.85405195366371	0.848624853818025	0.868524938698304	0.866508002669279	0.83029475426629	0.882152886717752	0.875400162275689	0.87336551092877	0.84160094391665	0.868477063847574	0.882548848338095	0.881109635994959	0.846277468871385	0.810096884886096	0.863531561732483	0.816044393007691	0.82459675456986	0.86915272089467	0.891555189451384	0.884714394992852	0.817809886867767	0.838970304827715	0.821274755029883	1	0.865473853147896	0.888526451690348	0.873907115634769	0.900740073920737	0.89229788797595	0.854333987439117	0.857387629472825	0.839892340775023	0.844973124835438	0.823270314794018	0.861152669333659	0.818002884332844	0.857925213945722	0.865846830686177	0.800080121612367	0.878159716324391	0.847073373512901	0.937273427849317	-1	0.873961325047682	0.835711463686921	0.854833955748348	0.8964471770739	0.8208469259866	0.878136167708238	0.858749785162246	0.86150800701542	-1	0.878006057763694	0.860372562596418	0.870477458065028	0.901037836001488	0.869501705902847	0.846768440954323	0.889672785367494	0.871454061585442	0.868152477055494	0.877876403573721	0.86302325115001	0.866457517710459	0.857071475972636	0.861835234360424	0.859276973434762	0.893379280695698	0.830562135839152	0.846998546195976	0.829971096887925	0.830647716809906	0.870658693166984	0.855872209912903	0.843543993482523	0.902028854440808	0.830989241147057	0.851467247347608	0.865163563432498	0.860677021474226	0.819108382631492	0.848744998453322	0.82098685071516	0.859885875673047
0.859708148151606	0.9311158504143	0.881796472620932	0.957125118134686	0.893842317178731	0.856865700325869	0.865469648697979	0.846339776584476	0.913029156810037	0.861581332960946	0.896253401212653	0.945006553714178	0.881548858247447	0.856501355420257	0.884318434706828	0.845140282437263	0.853761095391547	0.853669342543525	0.988903800896336	0.890420284808582	0.877521682088008	0.85899754904769	0.867088486426548	0.842752310081491	0.865473853147896	1	0.944437677089524	0.916671472815591	0.922725688379109	0.920658657832606	0.894474057054053	0.850189507771067	0.907532620862043	0.926467996144892	0.89196454955587	0.893636618716351	0.881779798786848	0.854571400416288	0.9400818232448	0.87213448229962	0.857028797970934	0.888069194749955	0.893415988360144	-1	0.906901299239882	0.87164000902398	0.896903158100428	0.883895687705577	0.84594207710915	0.910189989125496	0.871181011688609	0.863952342781027	-1	0.884940100137343	0.855408297433379	0.916410168791731	0.927133410630882	0.911494127574524	0.91184697702043	0.940382582812044	0.902520127716897	0.924520375903149	0.885225144605212	0.916200168589216	0.921238682683967	0.890705992064373	0.858483626871888	0.917042382096638	0.8815027230145	0.90042273086761	0.87467678715718	0.92059388898825	0.892978684004038	0.900943161039489	0.94477457702111	0.892679535479452	0.932374197933699	0.881679680864336	0.914901551416029	0.888804679705346	0.897708916297774	0.860317444562319	0.865893624574049	0.863795997238207	0.935569345633988
0.842253901032206	0.930239860531118	0.857530572538184	0.931987228390839	0.932431060546041	0.878349707416061	0.85777264981494	0.815933680857404	0.904277977613758	0.850359402175087	0.874308296262731	0.945524440086368	0.854881591770214	0.886940551297774	0.887128913216518	0.80660882181575	0.842521012802541	0.855374667189032	0.937636973674872	0.911229418570364	0.881691868069718	0.872933439643612	0.878426176791558	0.855150553322612	0.888526451690348	0.944437677089524	0.999999999999999	0.944948298613731	0.928236211817471	0.955096579425127	0.875040260250609	0.833602889499162	0.906480568115453	0.913716116452168	0.893118646830827	0.892376974179515	0.879485914223632	0.845170499453232	0.903115816877903	0.865502146802441	0.827679445254289	0.895822046935587	0.902678820316857	-1	0.88468145691849	0.877791431127429	0.902442603043441	0.872196158549479	0.870525903984089	0.945379114898757	0.877516467682472	0.820797460472246	-1	0.884133322453805	0.843590659469537	0.888825375128547	0.930023369721084	0.910888081446607	0.88208457490396	0.916187950144552	0.893842114348237	0.923512076060608	0.859341885236108	0.893366673741386	0.907253016331041	0.855230710336949	0.828883938967303	0.93029020324372	0.870569231519402	0.88777284219619	0.851181270402933	0.907427770651079	0.882748305962398	0.878569311743185	0.927235823234504	0.907004183294609	0.923677110298056	0.875638540661205	0.893425253191711	0.898432943534714	0.898026104720614	0.885910833794174	0.847009079475626	0.86105142151523	0.90197495536767
