1	0.00839385689734937	0.152967639010039	0.28506824533263	0.19165228494868	-0.0241491377103485	0.188821718108141	0.156809965501008	0.361252476558839	0.363778841861711	0.343758630302499	0.0962670172595215	0.290948452383361	0.217094472810021	0.148161746845051	0.433200732087382	0.112276656750656	0.0842040306871533	0.206179291378221	0.414079066892276	0.274738930240827	0.15951191629144	0.0220814487712841	0.138455007483877	0.397851154626344	0.125924525678329	0.136911170690792	0.278557741558806	0.123627502699508	0.142307289086558	0.18033211437528	0.255026123128528	0.281463214530936	0.113073856707919	0.246919145858105	0.0120205154462518	0.0208595794697265	0.0291259051916885	0.187012008851849	0.133227889079626	0.179742818506687	0.207180161386652	0.139809857601548	0.250085637678369	0.175349949777389	0.182259992015717	0.137635378040441	0.119988199325528	0.226552153778936	0.200697451153681	0.107586817012493	0.339759778248849	0.197725862217218	0.331810220434025	0.15828925223695	0.0858027144134096	0.260269778837475	0.402658232915372	0.211861551153165	0.210660373488373	0.151470399320159	0.210967790824769	0.0978893927369916	0.138432459293915	0.201593162452196	0.273949330084269	0.240172010329087	0.171044189998453	0.204167845976209	0.436823561119457	0.263930855496512	-0.0245895150584792	0.160871714278047	0.169443411149459	0.43919186519054	0.276610782382542	-0.0508997563785466	0.081267895242931	0.386954460262716	0.208384502165493	0.214520195229275	0.657896903195569	0.214634952064435	0.186426610690031	0.18905849840386
0.00839385689734937	1	0.412027660900689	0.0203748534617766	0.308190607637936	0.656042554659566	0.160504592390438	0.109428778598952	0.026860531190625	0.0564301133238656	0.129477074900939	0.281588957396785	-0.112494806411366	0.166750225277262	0.482027861741294	0.0477480435936542	0.356900492909938	0.371218133241713	0.418347971529168	0.0971702462628924	0.0411571188419502	0.144157129418584	0.595491980940313	0.123836025351922	-0.0200962019929432	0.241145231147349	0.323023574310335	0.0319336565023565	0.246521141430839	0.322461800193742	0.282864597827048	0.337832200464305	-0.0926392099885948	0.2193435569532	0.0534238799938404	0.651120504341701	0.598520527656435	0.585575307877061	0.113693254050687	0.308983831320378	0.0142200087453936	0.222868557445515	0.20171011024041	0.113903994128448	0.20916515423275	0.29046138526116	0.119543179976754	0.174250741816202	0.240759143675427	-0.00610576817268501	0.0646903214445257	-0.0162026614368378	0.164018997157567	0.110823941994176	0.0994487092374062	0.410810164984716	0.0916716768244872	0.101747592922216	0.0578697299569795	0.227794909650525	0.264554336561308	0.179489183448175	0.368770872336288	0.0484737364615624	0.25796898515009	0.182191129739967	0.307991570750084	0.305857481696646	0.104868873240205	0.138837141781658	0.0960122969247224	0.538566994269617	0.122694959356626	0.0878805784862409	0.0383328245958473	0.0221991992206378	0.473158867387362	0.136366385980169	0.00392071085844755	0.0109793455996592	0.203297029179009	-0.0720683013585047	0.217945395271866	0.300082413978286	0.162780419665876
0.152967639010039	0.412027660900689	1	0.196545716004191	0.269434277430529	0.362368557394528	0.27156819463121	0.0792735536313787	0.0975819863496156	0.197209333910395	0.324058948935	0.191774157627716	0.0789675396742268	0.12080471675155	0.535817496249648	0.273144557354163	0.357639861237272	0.265665907779272	0.45440074981659	0.29880770297267	0.107666995337496	0.128887224122	0.424874434620604	0.161282236290706	0.228543015571029	0.316987999147923	0.326577687807538	0.171070065019198	0.199059117272882	0.280391003158387	0.284808983248213	0.312302866310004	0.0677685196339829	0.17935339589584	0.196686827793989	0.396879554717956	0.294230678437063	0.395847139441854	0.108448336776272	0.225014103103332	0.0475888963692423	0.239573087403388	0.233134157639839	0.195877277353463	0.31226262744517	0.373266496157052	0.141886685461548	0.0544770060819599	0.214412308904677	0.00859644423673278	0.00981019894003831	0.131864819411216	0.181723602248209	0.164869370608622	-0.0142098624495919	0.32432359713433	0.00388536758907683	0.284090745941831	0.0959885117680521	0.182523510128474	0.237721908387973	0.174277218767804	0.314973706815993	0.00244639443752823	0.186373106733462	0.194823275484655	0.209445663723142	0.224357076035669	0.088477746657684	0.30865596114207	0.22107967563221	0.275558902624477	0.0323180260829765	0.317409072802193	0.199577425319621	0.0831903653646328	0.195820660876951	0.00459257336624847	0.0774802981000883	0.0942895173829885	0.271887414467031	0.0181038308580566	0.288436181580903	0.268478517366714	0.251002338995687
0.28506824533263	0.0203748534617766	0.196545716004191	0.999999999999995	0.139262808113172	0.0231630981728496	0.386909817603749	0.247030999398003	0.414377621994567	0.397135039385335	0.535481560845116	0.267675645241874	0.64262465570583	0.134679185384381	0.0484566144073405	0.471346842056441	0.294953544442758	0.299999838766222	0.0948646958729801	0.403016757894602	0.488291339000467	0.235295103213089	0.17584126873343	0.390320507878519	0.49614001249925	0.367782128772337	0.235772924253821	0.52892358395875	0.37112446595053	0.14582279616795	0.411696428567237	0.314605260352091	0.505099286000894	0.373639517907179	0.423566079092807	0.039727771774855	0.134372613390508	0.181199303841515	0.241766650713654	0.103498448913524	0.343407562271434	0.347637661945676	0.205958726244352	0.142698350224934	0.360391384657536	0.169577935537302	0.386157797655552	0.251417586498909	0.110702853644769	0.305485024915477	0.0876940444419975	0.460945855855547	0.283227376345721	0.323791189433088	0.113921640202385	0.121703124456154	0.217617312343747	0.355930135393654	0.158077015676779	0.2313036230462	0.375099694414581	0.346198196290183	0.220801871248542	0.185531904664769	0.171205516296331	0.277719495361375	0.198450482283293	0.265644855315275	0.390860470376856	0.296598806214115	0.414906909903722	-0.116508969296857	0.216872437526348	-0.0436865679898605	0.373184204138767	0.468933299371777	0.098480088516186	0.221034648657064	0.151735245850916	0.288318361497549	0.330287524209219	0.294113789223048	0.347907366466471	0.118567491548009	0.359023005622915
0.19165228494868	0.308190607637936	0.269434277430529	0.139262808113172	1	0.251011879572206	0.0846284861882196	0.159416162121697	0.202705944457337	0.25705415561942	0.305506958896743	0.366588263259637	0.034201542460818	0.217374855909691	0.168849130058782	0.218925387990365	0.50839954403946	0.344344410542371	0.264651394546242	0.287192517862489	0.236630242263366	0.0803092510116246	0.236673782739407	0.134918334807838	0.113401339316207	0.314719143649712	0.515893199184204	0.082053241492593	0.516410768343731	0.452192205305815	0.46609080968679	0.226833766233088	0.104280473709329	0.187553808172463	0.241067630780466	0.241709160929541	0.264633620154397	0.300724435621121	0.0668726162770634	0.144717159829642	0.0691563090540662	0.372377033705862	0.125706924633686	0.052566775352099	0.246507388818453	0.235903909839456	0.23091741580213	0.201800968713077	0.222347492111014	0.0681607381910403	0.0652957076115268	0.126916743759987	0.124470501891855	0.188686737981581	0.0509209550542069	0.103524035360804	0.303328449377035	0.271465080965432	0.209592154652409	0.391127143576983	0.307337254590462	0.281907961718584	0.403194275443311	0.119005100636133	0.26139960355719	0.406676378103785	0.439511476555797	0.251958359380453	0.0735948754688996	0.353773063840509	0.3035023316779	0.238503540734617	0.113693297322665	-0.0111510937810101	0.157555284017482	0.279724545013038	0.268670516360247	0.131258885228655	0.279441487076474	-0.0242974704968461	0.174700578038807	0.11893659139591	0.272863547088961	0.908852741862122	0.151860988179519
-0.0241491377103485	0.656042554659566	0.362368557394528	0.0231630981728496	0.251011879572206	0.999999999999998	0.118073723405865	0.028690421317308	-0.0210572669166142	-0.0121192833327913	0.0735688686914545	0.252201563644103	-0.0809508128054422	0.0731151351516994	0.474732252413865	0.00992862125583475	0.344317428202882	0.351190842592887	0.429720205066963	0.0837001403296695	0.0322395371877423	0.151092659155316	0.54416253182522	0.112150273403593	-0.023471284460865	0.242590031471348	0.327486906543578	0.0655630716401093	0.25489330381108	0.299182741034537	0.287209797901556	0.379457348357664	-0.128367551655439	0.187285505150122	-0.00670873040836195	0.603218695857393	0.564065168770047	0.52048321654041	0.08537544897537	0.270110711092463	-0.0146196097404804	0.176775772075108	0.196947184858279	0.0820628650366765	0.147858454761495	0.269064595161416	0.0559807061288072	0.129771760908831	0.174868804642783	-0.0566473031998712	-0.000709388313910323	-0.0767770119628066	0.134514145160732	0.0823997521110231	0.0419268522760216	0.502645091131916	-0.00013209425363967	0.0426671260310243	-0.0556516167044169	0.114944597529624	0.197312314793913	0.162000324323252	0.280407194937023	-0.0802579540589445	0.159818263093406	0.106217757255871	0.229966293957039	0.26788137998731	0.0698620404377013	0.0943609583004498	0.0580417506769893	0.504959413678607	0.080755075678885	0.103696265223834	0.020225682491325	-0.0384004223703345	0.470554260671104	0.0446953678111348	-0.0774704945393783	-0.0617244054402803	0.214759416948792	-0.0867439964722614	0.182729959773594	0.241215723822465	0.167244181870895
0.188821718108141	0.160504592390438	0.27156819463121	0.386909817603749	0.0846284861882196	0.118073723405865	1	0.495911490381329	0.164201727177858	0.20837889262777	0.303583904345339	0.268902765338718	0.264621797571668	0.336093405585214	0.218574806467284	0.216212354086034	0.231521638532745	0.188324271102726	0.147971552990916	0.241636146921667	0.206513461471307	0.543597662926506	0.212756739111398	0.561608815317746	0.280809426152659	0.339002852107869	0.207801469191521	0.341803508799356	0.167662487804579	0.213434781442072	0.242485353693805	0.180987906327038	0.177691861746974	0.285307736836186	0.284913913898039	0.166830689458155	0.174894682017373	0.16261390837511	0.470209610146077	0.481699532254959	0.575039421173443	0.231159229906498	0.597190226632821	0.455632989462516	0.225004256611843	0.403482150739818	0.207299611760667	0.192056914852002	0.420728657770526	0.244540512515064	0.409358821170497	0.327825372956649	0.599771572634174	0.291890831639917	0.383962070013795	0.192822841632322	0.0455020970497499	0.225050154315297	0.20197533572304	0.176138648714293	0.235349929911159	0.156988562055237	0.157844128483091	0.148822868151789	0.297790618353765	0.161833068817569	0.0653582222155521	0.304711985922186	0.421352235609877	0.271254494298229	0.170741063728383	0.0464115716435092	0.47899513423749	0.165011094716535	0.277919654822508	0.194678814091036	0.0890141520541649	0.250811558113572	0.0502354656823636	0.343668204619398	0.30303760700385	0.134897000320932	0.377652386008939	0.0845590609544251	0.57030134507894
0.156809965501008	0.109428778598952	0.0792735536313787	0.247030999398003	0.159416162121697	0.028690421317308	0.495911490381329	1	0.21604843025507	0.165294759415854	0.211999433504216	0.323714270818042	0.149675498409998	0.379781665812597	0.0460343159659943	0.138250580409859	0.152986338605653	0.173517414236786	0.00944207135503142	0.097652254080203	0.187872073851377	0.420700638565252	0.110788245578597	0.488997399119572	0.140946480336102	0.207944970708612	0.121582975469999	0.207735903720621	0.191264501821556	0.192055178944345	0.155788479584111	0.0475341011697157	0.217074226302061	0.217413765774018	0.218324796735078	0.0956477636851228	0.156489094667889	0.127588988960256	0.392509570463506	0.371497304001747	0.537233251119839	0.213897179405425	0.458379503010812	0.344220442142957	0.203771740727556	0.242545570910079	0.240322906046302	0.306538794384707	0.39843257165223	0.252431787768553	0.463980062364564	0.285496775098936	0.472122611074423	0.255765860295326	0.441577113958133	0.0570107719296526	0.20354210886316	0.134503768949685	0.270148184576491	0.270469253670049	0.193240926351441	0.188399552084333	0.151786300178513	0.289028441347238	0.283687870897572	0.212573442671124	0.137528047855308	0.235622206880227	0.303183394873456	0.154837917182111	0.179024043429881	0.0724489117464582	0.516310382641968	-0.0867088940837031	0.149412908263724	0.259916450167197	0.144054676440782	0.415767297222681	0.149673073983425	0.298605449177139	0.20300046380634	0.172206482553958	0.249321713536552	0.15424106751974	0.393026865057819
0.361252476558839	0.026860531190625	0.0975819863496156	0.414377621994567	0.202705944457337	-0.0210572669166142	0.164201727177858	0.21604843025507	1	0.408702151310135	0.342295323081073	0.159532830671307	0.391748467084516	0.236660229532014	0.0603075205120756	0.452927277321514	0.182719518711203	0.222342644576794	0.129304603237602	0.411675350939759	0.484841476245597	0.180506600469792	0.076187161972637	0.214602525675743	0.363664353880828	0.212516020237059	0.189112468860443	0.325287475260903	0.277018364676965	0.17121894987886	0.282901174573758	0.260014609679592	0.353484857317257	0.272407283601616	0.35441070157393	-0.00198895920691131	0.0744022020525115	0.112888458187969	0.270987320335446	0.108474545977958	0.199914852305145	0.423964075106079	0.144966464652997	0.131242658181056	0.267271235116358	0.116148872798682	0.293480440412313	0.335106158885012	0.162936979696938	0.436127145373086	0.110826512221004	0.405864161289463	0.156610589554478	0.335398343826785	0.189924338404085	0.0748648784078987	0.335606427195305	0.314577956256568	0.184096789793476	0.276217802450462	0.301919510134125	0.319358118546695	0.207268102616212	0.226255330997004	0.128198685845076	0.370485745772821	0.295691056996485	0.160588094738885	0.249093979535267	0.306273650173996	0.344210410460615	-0.0860622083370984	0.172923012673776	-0.0559901090500349	0.446435139823176	0.349827852103147	0.0372790426022597	0.202007952122938	0.378144877639363	0.249752880957407	0.340065297190091	0.354786583713329	0.304708050033802	0.20440997049427	0.190448061625571
0.363778841861711	0.0564301133238656	0.197209333910395	0.397135039385335	0.25705415561942	-0.0121192833327913	0.20837889262777	0.165294759415854	0.408702151310135	0.999999999999997	0.467047878661634	0.178152870840031	0.329227217380957	0.211401050708858	0.0964148655766712	0.372691235048231	0.246693718009821	0.216077128168626	0.0993229576059641	0.456994275087044	0.390692037700598	0.175047338510531	0.130034248321598	0.229748631720745	0.357896257619249	0.275283698046143	0.23707175395345	0.353274887526494	0.293302686689459	0.148817137094263	0.321612399345923	0.234991794315798	0.287028222436664	0.271224167846256	0.382632015470169	0.0505103985380276	0.0711103663611483	0.151605293368561	0.16997774641986	0.0598755191499924	0.23093586320003	0.335833807105409	0.166928291004442	0.138864441678022	0.252445451675034	0.195270467937879	0.305990341210083	0.220314965510483	0.170421464057613	0.289197380674331	0.0601039112118918	0.353575663302513	0.16269427244049	0.194932762193131	0.0970479244413198	0.0131301588324411	0.267233000565854	0.363586020072247	0.24240941520537	0.297353994223922	0.287142812312282	0.279933296811446	0.225161027058474	0.204334396071294	0.236055856748611	0.392754664320859	0.284950007400953	0.214049783927165	0.217761645072604	0.420668095969267	0.351682485209832	-0.0453956750839209	0.105345605294245	0.047019634943203	0.414456117870906	0.332642255224891	0.0290616726084925	0.194356019353524	0.339322583323955	0.224863920067669	0.234775621755294	0.299998195282557	0.34901219995814	0.243255702041309	0.242126543616226
0.343758630302499	0.129477074900939	0.324058948935	0.535481560845116	0.305506958896743	0.0735688686914545	0.303583904345339	0.211999433504216	0.342295323081073	0.467047878661634	1	0.338202029784928	0.387559032037093	0.233130972723177	0.122246783650503	0.477541174688517	0.270129265751741	0.313701437830098	0.173201132441755	0.516438381289825	0.398706369030231	0.191165294638902	0.189517848399153	0.256680652701079	0.464363569126821	0.359997576690184	0.242321594494155	0.401819065734834	0.349893194170661	0.226927129612399	0.358897215728536	0.315488504881043	0.407959349220099	0.315863012997524	0.399857239933488	0.135914050796605	0.148734658010467	0.179880054086655	0.173022497405497	0.091715224794448	0.26608046530741	0.33154575478074	0.189199239522864	0.189122452091065	0.364886806500715	0.252800945246804	0.353520099951385	0.200258535290078	0.250107757732069	0.221847383800933	0.141317217978972	0.41026177332462	0.251474022745947	0.262200798092287	0.0863529786662233	0.0320717414127113	0.270051504258317	0.49751421677259	0.267243756831249	0.308517082083216	0.334212810698357	0.310768221353803	0.26502159004578	0.194498279311159	0.331035678474816	0.350651297544537	0.30397360838297	0.272091193985299	0.272883729080197	0.501121386009615	0.482142118903217	-0.00179504631427305	0.183953338673656	0.0387658910251845	0.422784921500585	0.511680247611059	0.0915911904742772	0.167368569540538	0.302564137812216	0.242814977091314	0.265039977106642	0.313312854345608	0.358592354206775	0.28411082516754	0.250585258128433
0.0962670172595215	0.281588957396785	0.191774157627716	0.267675645241874	0.366588263259637	0.252201563644103	0.268902765338718	0.323714270818042	0.159532830671307	0.178152870840031	0.338202029784928	1	0.0840370947550483	0.302981434616761	0.128155510830745	0.110654539728553	0.386476242314892	0.324192320307752	0.118756184887617	0.175981268201289	0.188255541995054	0.243505479479532	0.242405437055982	0.272163410804546	0.0710919863192179	0.336799810303695	0.335659082930595	0.188162474512473	0.437437794842546	0.382734615231188	0.354804977827988	0.184493196281179	0.132044799538282	0.353544205556562	0.215212669774296	0.25886042432179	0.309929374002138	0.280055248133968	0.18948378729217	0.217807191077489	0.241839713760357	0.295473952632116	0.273848761330046	0.13969310123291	0.224984692587097	0.247358793541268	0.281453023816248	0.385477498651815	0.325722908100227	0.199809749992656	0.288107756804647	0.165805603732956	0.264240311851313	0.208659076306638	0.21244619615062	0.118787610443785	0.217007230807762	0.125663311532186	0.233837340983771	0.323055942257317	0.344235653597231	0.284501446437852	0.312087771160262	0.25328533247205	0.308588048236036	0.241240380409629	0.278862720391655	0.271542188843733	0.219246764691391	0.187775142308046	0.31481403470519	0.198473378754765	0.269434128508277	-0.125385734728424	0.156853692153933	0.29760391642203	0.340161676838634	0.345871467976775	0.134977188268599	0.17617539662516	0.276457695921421	0.120891335894146	0.267318944453255	0.337356590829786	0.253248773925159
0.290948452383361	-0.112494806411366	0.0789675396742268	0.64262465570583	0.034201542460818	-0.0809508128054422	0.264621797571668	0.149675498409998	0.391748467084516	0.329227217380957	0.387559032037093	0.0840370947550483	1	0.0552724248408877	0.0243405151399484	0.449658400386312	0.150369353549305	0.184745427096931	0.0712564335966294	0.387283888691901	0.490517602325995	0.207803811814697	0.0896569023493488	0.368419419170594	0.527936981375052	0.22251990289538	0.126151066099518	0.508208494149759	0.246146495231979	-0.0158812114530654	0.294469992465645	0.258045622121636	0.560135503844141	0.230382228815263	0.364611623154808	-0.0903836338583124	0.0121644409762333	0.0602631738831458	0.230810666775146	0.0491921951175049	0.280856033653177	0.248688019368636	0.129218108680079	0.127485057873393	0.256403897152142	0.0943557499919314	0.269444759279234	0.129908602805691	-0.0137196269906209	0.218674391982627	-0.000746618179729636	0.438179443108723	0.207424973962867	0.342260613158374	0.102714800295367	0.0810537697393763	0.173983123526588	0.306666756816924	0.042234703850259	0.0840195348351261	0.242067897610389	0.259337184194622	0.0914887556959353	0.0753586210930635	0.0796843732576553	0.19582692882963	0.0954764032140925	0.186315870494174	0.385728031951258	0.25335934235552	0.352792912293455	-0.227017145894688	0.15993699908873	0.0175932273448533	0.325230167637673	0.382389715302256	-0.0282722819635197	0.0993742118115565	0.117619274032409	0.165349284194552	0.253405003470553	0.298277546091229	0.285286989032387	0.0216593041184161	0.267067169513754
0.217094472810021	0.166750225277262	0.12080471675155	0.134679185384381	0.217374855909691	0.0731151351516994	0.336093405585214	0.379781665812597	0.236660229532014	0.211401050708858	0.233130972723177	0.302981434616761	0.0552724248408877	0.999999999999998	0.111980833668676	0.178300768625885	0.147108116660647	0.166601296761782	0.0930066254984179	0.2349793182038	0.211737597661846	0.356473821385468	0.110134288413603	0.313988877156848	0.139809029542565	0.192505175096112	0.154891655109914	0.170558789839649	0.177268968127899	0.235940366761756	0.157616982182012	0.0674286266062688	0.172287591400893	0.182974947128988	0.291032751986479	0.14169070934213	0.151566137330626	0.128893968122492	0.34225413090826	0.306466082198825	0.359333136485209	0.236335804688611	0.322166555942196	0.337242241025761	0.141025559591823	0.400736663048408	0.283110876950439	0.45477532126206	0.564427015522866	0.37871996960012	0.452026790116178	0.350357899740712	0.365446834240494	0.335468090724748	0.341597153403188	0.0047643002229098	0.215158854305904	0.203022010240872	0.36470429545518	0.366248402348415	0.271140040075201	0.218283124992712	0.187814004250612	0.33120506609747	0.381073207478129	0.265484889268969	0.175766593299851	0.281653358909287	0.199011661534494	0.292323511634315	0.208809100301433	0.110751174178507	0.413030916094462	-0.0118735137238127	0.296986717834871	0.23183031848318	0.111294409469291	0.313147635078978	0.218020455072169	0.222862637122249	0.307857470977458	0.233213277820003	0.424812510024325	0.202947235038106	0.239919476518137
0.148161746845051	0.482027861741294	0.535817496249648	0.0484566144073405	0.168849130058782	0.474732252413865	0.218574806467284	0.0460343159659943	0.0603075205120756	0.0964148655766712	0.122246783650503	0.128155510830745	0.0243405151399484	0.111980833668676	1	0.162161622516341	0.246846534765688	0.159639138562007	0.565545730723319	0.192795427920815	0.0276063947567466	0.160964471410679	0.409992827603287	0.122394612753517	0.151205487800684	0.16850548728841	0.267908239734725	0.119639618554183	0.0797010658206899	0.218403011167385	0.174415563447193	0.292851412481119	-0.0170135505234986	0.0771549044852396	0.0814856915507981	0.49569980284843	0.343744014047011	0.355778703990072	0.152150260733958	0.321422643769085	0.00697860935590001	0.140672635451241	0.233637177246579	0.271950515335667	0.163603076616806	0.32974090659894	-0.0297368809701191	-0.00778010915258267	0.218500716306934	-0.0363039390899973	0.0509747243286102	0.034613828797658	0.193285315945261	0.165125590353022	0.0677800483854097	0.442314495916363	-0.0230816901630646	0.182631637627986	0.0161939931690455	0.082521413361785	0.115070799360639	0.0733827836828788	0.196112074313092	-0.0308691060363348	0.155859170840085	0.124905935667823	0.165863638765859	0.207011316770468	0.108334970046447	0.2655383550013	0.0854532303732613	0.393963013525023	0.0747632437616062	0.42369348469033	0.161557234678484	-0.0444820497674535	0.223481964479107	-0.0293909986954886	0.0293885754719298	0.0596291555688803	0.184325807624255	0.0311249542829296	0.195262804033903	0.1718009983525	0.210052102713961
0.433200732087382	0.0477480435936542	0.273144557354163	0.471346842056441	0.218925387990365	0.00992862125583475	0.216212354086034	0.138250580409859	0.452927277321514	0.372691235048231	0.477541174688517	0.110654539728553	0.449658400386312	0.178300768625885	0.162161622516341	0.999999999999999	0.218628727615968	0.179398646235195	0.321364889061059	0.541074360253573	0.379669656440435	0.119982438557028	0.0832975419636722	0.151765947306525	0.612963887367114	0.200463206394144	0.184365964180443	0.299791243172547	0.168473318446787	0.233066351794544	0.268528779511514	0.312614271538266	0.449621745133575	0.186644596660654	0.369077979590824	0.0320333303218405	0.0320384794022058	0.0867765985908476	0.13527947556291	0.0952481252845154	0.161617341765839	0.317726699532422	0.117971624504974	0.223906616683303	0.245969017830271	0.228905155673507	0.206321935918895	0.1125338535	0.180984819286094	0.203302601847681	0.0357637146826948	0.390625309945764	0.176762843988885	0.323194030018087	0.0890466124616773	0.0834305819306173	0.241820512869006	0.517563173573315	0.187306895130193	0.258744760077254	0.24528179251091	0.30782982508885	0.171780742219249	0.129849924704256	0.213744530630373	0.298282468598709	0.260415300069737	0.1929576488897	0.19677623994044	0.467632722685881	0.419834125936868	-0.0403946252772427	0.112962355644709	0.140879983573354	0.414000619797658	0.367636255476915	-0.0128893720992693	0.0299204866394715	0.348705160178044	0.19275980590157	0.274755939436707	0.394395818996126	0.241034861172964	0.218952372871507	0.165122987981035
0.112276656750656	0.356900492909938	0.357639861237272	0.294953544442758	0.50839954403946	0.344317428202882	0.231521638532745	0.152986338605653	0.182719518711203	0.246693718009821	0.270129265751741	0.386476242314892	0.150369353549305	0.147108116660647	0.246846534765688	0.218628727615968	0.999999999999999	0.408285647767314	0.290552541797118	0.279757736573288	0.31961129262193	0.168963357956653	0.380728141278016	0.278182937872337	0.1208301143198	0.413541263263514	0.595243057177025	0.183138877539211	0.570921870499825	0.533894030494127	0.603421197935433	0.298514287818005	0.0222514269133642	0.312655631909313	0.23617573145019	0.248045466717171	0.301950125438297	0.381770178151816	0.143470426121649	0.244846741875528	0.11822597957837	0.418656140313788	0.22482046789415	0.0697272481845032	0.24649403509781	0.33009934027166	0.24282334174207	0.231488932634351	0.18370511967031	0.067700268441878	-0.0249178545403834	0.188433659340957	0.175463734456269	0.209251743014749	0.06835727214989	0.23270070756061	0.118098845985063	0.181506340908143	0.054168850140824	0.257922115349047	0.349762910592284	0.317316813279296	0.411756263532067	-0.0049263757369979	0.17450016684943	0.283138564369254	0.349351669778836	0.2860444725729	0.159060396578218	0.270520164043132	0.296791291575756	0.216933534386042	0.118665782577984	-0.0250813911603737	0.176647343104339	0.224738845953571	0.331077452260623	0.153163002742254	0.106497240458871	0.0378536635162865	0.277809075713665	0.0467874023699863	0.378722264837655	0.484264339760535	0.302262005796475
0.0842040306871533	0.371218133241713	0.265665907779272	0.299999838766222	0.344344410542371	0.351190842592887	0.188324271102726	0.173517414236786	0.222342644576794	0.216077128168626	0.313701437830098	0.324192320307752	0.184745427096931	0.166601296761782	0.159639138562007	0.179398646235195	0.408285647767314	0.999999999999995	0.192004808582298	0.2463702302229	0.358652024359771	0.252684798523249	0.425831705878476	0.30870337972817	0.128950764483175	0.393253585474636	0.427329749109109	0.292053047447512	0.483736113809073	0.312323633027229	0.491194983357162	0.349163524181476	0.10308056861712	0.385571910368283	0.262981897083803	0.282109303915118	0.383632163406384	0.446227499119685	0.193775060180592	0.187303766865285	0.192462089921253	0.415295455569257	0.210975325508777	0.0738667241506133	0.31754173542875	0.242631516676151	0.354673158187069	0.316332748528739	0.178560574707009	0.169262754918599	0.026825702420826	0.192917939125509	0.193695662735334	0.198037808630143	0.0979402926489723	0.232081918699219	0.187133034312385	0.160036183423604	0.0749539838577316	0.348825701435189	0.399127361371581	0.39696635600534	0.426956307685317	0.0727409660780548	0.243193511003744	0.352552708507234	0.36417173088649	0.398809008649103	0.231111482236363	0.210088594045937	0.2754558221314	0.194334774293576	0.191027498379987	-0.115962284585611	0.167702739345714	0.290404063654692	0.418024352714407	0.176094334539304	0.0694533562775802	0.0821742277080352	0.358320121833056	0.054425856959044	0.403729794035091	0.331839400317909	0.255328297375666
0.206179291378221	0.418347971529168	0.45440074981659	0.0948646958729801	0.264651394546242	0.429720205066963	0.147971552990916	0.00944207135503142	0.129304603237602	0.0993229576059641	0.173201132441755	0.118756184887617	0.0712564335966294	0.0930066254984179	0.565545730723319	0.321364889061059	0.290552541797118	0.192004808582298	1	0.329750373433553	0.0914702415876673	0.0827600601969778	0.319776719367817	0.0381446583899182	0.231399776913817	0.0836978872547105	0.26858961411193	0.0437678410236336	0.109448511863803	0.248974367086293	0.198725281795757	0.367897207792981	0.0296466395563725	0.0192620304590205	0.0498603453161932	0.378539772548413	0.279669570034129	0.292521139196282	0.0669647983561658	0.290800935530098	-0.0539811884502048	0.210820903556717	0.154271014267356	0.217607961995231	0.141529907494186	0.297828854359424	-0.00955697671405873	-0.00834860493082693	0.178302053827563	-0.0553192427145724	-0.0206226532403142	0.0148493723987362	0.11711097500995	0.19123468774901	0.0406539817129321	0.401569105504839	0.0951179027572937	0.328278177634904	0.00354576070603571	0.162796359879606	0.135183299492614	0.153683612893028	0.245218901372255	-0.0413259411487737	0.160771607509402	0.179367387423772	0.289951963464361	0.208532901086367	0.0468795518489784	0.319283956811175	0.179189768888936	0.333296383302176	0.0372958530753948	0.357165595239234	0.172857823520775	0.0340225136884109	0.208570570806122	-0.0732771774249966	0.157423436851983	-0.034461250386732	0.164295732623562	0.132782729745417	0.168652060382492	0.268760569653357	0.115918143757387
0.414079066892276	0.0971702462628924	0.29880770297267	0.403016757894602	0.287192517862489	0.0837001403296695	0.241636146921667	0.097652254080203	0.411675350939759	0.456994275087044	0.516438381289825	0.175981268201289	0.387283888691901	0.2349793182038	0.192795427920815	0.541074360253573	0.279757736573288	0.2463702302229	0.329750373433553	1	0.429878738852148	0.164316712648497	0.182645470646117	0.19343480156616	0.483553162242995	0.24911020114951	0.250018617961961	0.331015301171414	0.264798787034049	0.259076868901985	0.385854664381609	0.370149534633758	0.286423024666187	0.20671441038461	0.315889836116438	0.0596141348112339	0.0870843151447495	0.127358865752102	0.119771181745152	0.126001430126583	0.172878118031983	0.399706613421178	0.133573358112198	0.218811244282386	0.180041206571635	0.329978589239221	0.286453096207931	0.158579362854474	0.241309828344352	0.215991058572588	0.0254872121986694	0.408241424212441	0.210186074846239	0.330072847018259	0.051421162626953	0.108691316780968	0.241350199199717	0.447004744626711	0.178473635165835	0.328889750062273	0.279774340825606	0.393857693231631	0.24326717856449	0.0842624966951699	0.297006692861339	0.370008615002636	0.355913400049335	0.232878680084905	0.20049918537557	0.53433014894084	0.403122451474856	-0.00466822464780406	0.109184241215577	0.0665095687912109	0.440631106067102	0.336179468027528	0.0394493339328849	0.0182927540893105	0.335951121907799	0.116680471909502	0.282075834378752	0.369148720785461	0.358791904975702	0.281070167876646	0.204961170507526
0.274738930240827	0.0411571188419502	0.107666995337496	0.488291339000467	0.236630242263366	0.0322395371877423	0.206513461471307	0.187872073851377	0.484841476245597	0.390692037700598	0.398706369030231	0.188255541995054	0.490517602325995	0.211737597661846	0.0276063947567466	0.379669656440435	0.31961129262193	0.358652024359771	0.0914702415876673	0.429878738852148	0.999999999999998	0.211837060386919	0.191146445516696	0.291781971156599	0.332769564903138	0.322772349472541	0.283800306074945	0.441513439358289	0.396903352878458	0.163116813251233	0.459645471605738	0.310328549001747	0.348665082028542	0.346201943523255	0.374220617183564	-0.0309175201348208	0.0989596813893517	0.187160294577734	0.230609906351916	0.0857193878735591	0.267094615838881	0.458760930672323	0.140415096225618	0.0570717740275953	0.281798232216238	0.197361971075762	0.4652455762252	0.344351454490307	0.127874785484994	0.336092840543502	0.0413876691575994	0.458705315968197	0.192628775681543	0.349808361867728	0.125763840048848	0.0753223429695371	0.292481470789375	0.301472650599047	0.127260103896152	0.323610524667698	0.394952036283067	0.439325795872438	0.323552978325336	0.115109920533032	0.183628354552454	0.382708107991223	0.331206576718822	0.276185811960782	0.291460055841385	0.299577672447377	0.403715079008851	-0.0901809853256178	0.166116318587938	-0.183711643931034	0.433841294869764	0.446810949497109	0.0771117604239938	0.203252710366232	0.258442655765336	0.106049289243788	0.388819914910727	0.268142126120683	0.463180934288855	0.220552766108307	0.214029628305439
0.15951191629144	0.144157129418584	0.128887224122	0.235295103213089	0.0803092510116246	0.151092659155316	0.543597662926506	0.420700638565252	0.180506600469792	0.175047338510531	0.191165294638902	0.243505479479532	0.207803811814697	0.356473821385468	0.160964471410679	0.119982438557028	0.168963357956653	0.252684798523249	0.0827600601969778	0.164316712648497	0.211837060386919	1	0.192072883368681	0.598090544709964	0.189417009574793	0.373153347395373	0.231833250464659	0.354852647972776	0.224575255341212	0.190116780899058	0.28372246366599	0.176424349786999	0.13408548948829	0.31894097730472	0.248595812745612	0.108951238048838	0.168810589597476	0.158264150540901	0.604393507448423	0.523464050843272	0.540631672741468	0.256174834314136	0.635829770507836	0.481682987336288	0.174899274797896	0.348855829593947	0.160279143034242	0.29130791795647	0.402323148407733	0.266095204061641	0.426774087471442	0.224256831424797	0.629054058773205	0.241246751804562	0.45428578187876	0.19060723606069	0.0583903320063616	0.100933060422273	0.115475030288746	0.162179381248377	0.219158276166417	0.152305279369618	0.159204352532756	0.0758135396940371	0.242246584562294	0.219680129891624	0.108713105434669	0.339876624714341	0.452181315575093	0.22538592330926	0.0876792089384786	0.0663945705770298	0.592249937412558	0.129343853881375	0.263303170306203	0.14609209787195	0.155106243663467	0.294455207653762	0.0304253504531231	0.310531273514788	0.321236535007	0.0853518452872265	0.384849426139859	0.0719869649096855	0.567539679008972
0.0220814487712841	0.595491980940313	0.424874434620604	0.17584126873343	0.236673782739407	0.54416253182522	0.212756739111398	0.110788245578597	0.076187161972637	0.130034248321598	0.189517848399153	0.242405437055982	0.0896569023493488	0.110134288413603	0.409992827603287	0.0832975419636722	0.380728141278016	0.425831705878476	0.319776719367817	0.182645470646117	0.191146445516696	0.192072883368681	0.999999999999996	0.232855071702274	0.0592847540814993	0.326893245278445	0.342068172568145	0.210295814734862	0.304127270178687	0.251667116080825	0.365104051825208	0.388792252744949	-0.026722452137018	0.285244353331408	0.178667994765577	0.507664640339277	0.554170399595804	0.60870746478301	0.127324198324434	0.193455888285409	0.0910079093781228	0.258310985070345	0.206075964793719	0.101136549716533	0.268964044929284	0.291513144103352	0.240181314251051	0.199631797382878	0.181201190354211	0.0382053849853331	0.000245569172113202	0.137276564705122	0.156258062540876	0.165179776323251	0.0370982597135592	0.384511863628427	0.0568393153398257	0.0850056913073881	0.0327992303709967	0.215192137301834	0.317548248873523	0.224083420980451	0.347396111988187	0.0228900036547464	0.207811386869607	0.227923831854612	0.239040769390099	0.278115249590233	0.161514553711662	0.148501351458955	0.189792061511084	0.326137734619689	0.0577276971563054	0.0664384035706656	0.117677920950654	0.0931328561334374	0.386568517560196	0.0871809204491247	-0.0101289182541517	0.0473668851207845	0.274208457653454	-0.0341846875319914	0.337779960893093	0.235030525193654	0.245559036905223
0.138455007483877	0.123836025351922	0.161282236290706	0.390320507878519	0.134918334807838	0.112150273403593	0.561608815317746	0.488997399119572	0.214602525675743	0.229748631720745	0.256680652701079	0.272163410804546	0.368419419170594	0.313988877156848	0.122394612753517	0.151765947306525	0.278182937872337	0.30870337972817	0.0381446583899182	0.19343480156616	0.291781971156599	0.598090544709964	0.232855071702274	1	0.237022649591097	0.413389163796386	0.28316746986401	0.384420246883782	0.315034177038047	0.192064913070755	0.356966296670114	0.16091569477664	0.177142887567102	0.340120509881744	0.343721278155386	0.0995311436860932	0.174638075799895	0.197722197056859	0.509667617216318	0.408983922973747	0.552893989535517	0.309249942137581	0.55693413964256	0.390314563050089	0.261220001886575	0.350374408091418	0.261882015066552	0.306936075954248	0.332509679862593	0.24001035915308	0.305816210213339	0.327475530764551	0.522901346561345	0.309088208838212	0.343473679845179	0.17704778674662	0.0457184829369318	0.13216048123451	0.131792975192906	0.17563051357368	0.263709092677269	0.195222609280673	0.185682186732557	0.115933188527785	0.233224516049094	0.216752425467114	0.100561370959896	0.342718031805221	0.445288172643728	0.239765298925382	0.200652880131758	-0.0274683367332871	0.513785448585094	0.0630605573601554	0.235634632771646	0.222802929250801	0.13249593924342	0.312279166491714	0.0215500220979092	0.268363591433863	0.317457536607841	0.0865713732392088	0.467323317519254	0.124582913737381	0.650238350913922
0.397851154626344	-0.0200962019929432	0.228543015571029	0.49614001249925	0.113401339316207	-0.023471284460865	0.280809426152659	0.140946480336102	0.363664353880828	0.357896257619249	0.464363569126821	0.0710919863192179	0.527936981375052	0.139809029542565	0.151205487800684	0.612963887367114	0.1208301143198	0.128950764483175	0.231399776913817	0.483553162242995	0.332769564903138	0.189417009574793	0.0592847540814993	0.237022649591097	1	0.191916549577598	0.146547261172428	0.338800301438024	0.122016175656441	0.0958488712385621	0.217549400586714	0.244874419903426	0.506299083342556	0.147796086133942	0.343987189243891	-0.00393291975631488	-0.00754057726690274	0.0195190303316976	0.174615749853206	0.111061084574304	0.206999260226086	0.229446615592876	0.165301062151346	0.269286094242506	0.199384215383427	0.239338790285782	0.151356184953064	0.0653066151922421	0.170527148999106	0.167176871674959	0.0403136333600681	0.371664749963199	0.24359926801958	0.328772329612297	0.0614337418683647	0.0765176259589256	0.133907104567866	0.47177089843813	0.135720086424494	0.15187575218245	0.141684524876355	0.204926755334113	0.0557036275472226	0.0711427409101815	0.208780042838292	0.229778671255749	0.135561222665102	0.193538669388079	0.249383152893122	0.458486778203313	0.324005995347365	-0.0625100892863956	0.146322717503621	0.218974173664229	0.414959900933972	0.318158263264692	-0.0593074864468547	-0.0195781284277314	0.23163014425398	0.169979168162685	0.27296954488706	0.329581855041066	0.258541393904706	0.10535931788138	0.242321063252948
0.125924525678329	0.241145231147349	0.316987999147923	0.367782128772337	0.314719143649712	0.242590031471348	0.339002852107869	0.207944970708612	0.212516020237059	0.275283698046143	0.359997576690184	0.336799810303695	0.22251990289538	0.192505175096112	0.16850548728841	0.200463206394144	0.413541263263514	0.393253585474636	0.0836978872547105	0.24911020114951	0.322772349472541	0.373153347395373	0.326893245278445	0.413389163796386	0.191916549577598	1	0.46193763459506	0.394334853895453	0.470904458124775	0.442669402320827	0.527561037532942	0.267587956879721	0.116615395172546	0.601593968656558	0.364608685733561	0.17571689210891	0.241916543724335	0.312736179059345	0.282827010474778	0.216772378957616	0.297613195995801	0.332536359566271	0.351441048021543	0.160667233160501	0.369135009827878	0.284611952264664	0.346146059028496	0.293989303719835	0.224493859035999	0.247085539740563	0.10491868038278	0.27745449459833	0.315376799536634	0.198027962581555	0.0952762511051067	0.189604683389618	0.0740465758580311	0.126629194058021	0.0948659876031839	0.269102480209563	0.37852914621919	0.277799080198828	0.352993775369694	0.0457731599902916	0.23364511303108	0.338221004879764	0.222304228907703	0.330450282102745	0.293014219151275	0.281909189888408	0.250267356602722	0.0472321389686229	0.217196552271891	0.0355313869318496	0.292267057942154	0.281604553818964	0.208102945704215	0.183696282227593	0.0666534775210999	0.269943437638686	0.404564707286842	0.0254990002517165	0.432882644071901	0.297192549712698	0.480942487969666
