1	0.961233900347963	0.937313782261428	0.931862366210767	0.945525252459299	0.933981507799119	0.890336535351353	0.985597243942522	0.901480482402634	0.989830477811356	0.928432113759718	0.91522385483669	0.944325049467095	0.985364004387434	0.911100066207104	0.893077688631224	0.853074274017636	0.944286880459675	0.860155556312771	0.917264659698115	0.943980577172061	0.859662741703717	0.88399766142843	0.973060271668805	0.933330541466991	0.946206687202875	0.850301735493192	0.83763822036982	0.978008592471483	0.876930284484845	0.98944823958829	0.954771589345694	0.8944716709393	0.839569321993539	0.92446506410284	0.892845337147951	0.898972240580187	0.909515318257492	0.888281494845521	0.985271365707019	0.917800825470698	0.901123887033961	0.941738869067927	0.874366471050601	0.90858007260887	0.947190963357164	0.948617369678306	0.895113949210727	0.815817447071501	0.933636391097923	0.953691855434425	0.858069741895423	0.914077309284767	0.864758051702585	0.970740555546875	0.906015688489766	0.942234416293942	0.946469332829354	0.838105291515702	0.880871793213731	0.979823296910216	0.93510890106246	0.912419601650517	0.87694067009409	0.927310168493268	0.815207747891819	0.936143418113954	0.912934553540506	0.969431859695967	0.856786182897911	0.967724743702963	0.843332912141004	0.977494418874093	0.972776232896115	0.843392508881564	0.981262898983901	0.934232094701491	0.946784106967092	0.794398880713031	0.908846896568533	0.906768341171265	0.91834952803862	0.907085085847752	0.890900434902872	0.959658332828342
0.961233900347963	1	0.989859182479616	0.989376659428208	0.988624120830828	0.983195171641922	0.956106531190896	0.941493683047552	0.977721614749916	0.938933578997433	0.870013694555552	0.985057798951746	0.989008680755367	0.962214310202008	0.983953187018798	0.976730969837575	0.922266478403419	0.991064566204036	0.950270720799684	0.972901085680246	0.993230297282133	0.946837301868677	0.957156422077739	0.936707716294906	0.990784053079882	0.97475893344629	0.929746932005537	0.921687105091952	0.950973018784761	0.954110964289399	0.927550264942849	0.987652745077706	0.968237676403538	0.908851905288015	0.985482271540463	0.964265495036094	0.976233765630649	0.975160355225996	0.961351910658657	0.965993250189612	0.98516969358319	0.97449140621642	0.986842388431372	0.955123855286184	0.981070594957305	0.986827516858215	0.986698156141137	0.956937656423542	0.896317097732119	0.98587897630862	0.98518718946843	0.934365580072685	0.982166001847696	0.950788491542869	0.990539007348918	0.969314700429783	0.990080673507357	0.995208826385893	0.904939679663735	0.957258591032947	0.915208800193414	0.984742775451189	0.981152957494542	0.954651630879547	0.963293222251929	0.891078007251642	0.989211287154165	0.966784522936897	0.986868329855398	0.941046195525173	0.920232254989308	0.927172099420609	0.915244530553164	0.963142425383394	0.927559126783012	0.930826944150097	0.989949250394756	0.991785749388667	0.900695173624172	0.972588620273625	0.97866938473519	0.983545823830267	0.974891747702948	0.964943976799018	0.90904749598363
0.937313782261428	0.989859182479616	1	0.989395637219586	0.979499857347455	0.967625107371746	0.97585054816687	0.908449429521155	0.975979148273058	0.910176738665973	0.868990672472921	0.980744108561114	0.98007183857099	0.93439619864529	0.991601449300357	0.978845122099065	0.92146492401143	0.975382701562465	0.957715965702249	0.979706189361723	0.990833243267775	0.948114411748293	0.964516638045107	0.912519351537153	0.985422410165856	0.958070696101693	0.922313040183188	0.920395008209869	0.92836838010284	0.96589854647842	0.900030844891787	0.990287396208046	0.969587967823562	0.917508853058843	0.981088822456194	0.96687799635909	0.981367918476983	0.975622745777627	0.96393345194614	0.955305016144262	0.987204492916853	0.968005162667891	0.99051221468919	0.964845251215114	0.98756147474692	0.974280656599609	0.978410382454544	0.959166140743997	0.903531234415973	0.978380980122188	0.961417038436416	0.944736604214928	0.989766088490992	0.957079642490434	0.982370961089708	0.964690733509961	0.984924276384634	0.987442996877274	0.917002443496836	0.967254220891848	0.884369677558565	0.992973229301424	0.989953331464713	0.957040399685975	0.948556788908583	0.898264199514964	0.989340589819375	0.98776307476671	0.975011626448861	0.94174566996328	0.89969599105109	0.944251184078079	0.893710591650766	0.951633344513959	0.940745128210838	0.908767043852745	0.989849319840562	0.993812566274904	0.923278913342364	0.979920415966973	0.992610923431549	0.976822857153253	0.974928389450107	0.958111784791918	0.873287560089248
0.931862366210767	0.989376659428208	0.989395637219586	1	0.987351942795628	0.970996582957394	0.967736346642424	0.912907633796342	0.984619386543065	0.903609674712484	0.844873475804105	0.98305508572393	0.979308583811779	0.938470198769668	0.99181368547687	0.985998228865535	0.913799047396438	0.981150537808125	0.96453283720962	0.972879942875092	0.991587233060562	0.951455574052001	0.963325060595804	0.916077185713172	0.987799889726028	0.970900859426301	0.917242929835026	0.921027474960473	0.933886768753117	0.960528694590838	0.896238051780299	0.984444692133243	0.969256630631734	0.912554414461853	0.984834689030842	0.967534793377883	0.98219477066784	0.979099094341052	0.958650147796444	0.948187722031554	0.990407928404191	0.978614797957403	0.984692713428421	0.964556987997487	0.987155276589619	0.979017685610998	0.976574690465178	0.958568048516122	0.904956979936898	0.967285307736473	0.968973670301546	0.942068604392583	0.98001250707242	0.956585499504833	0.97387225965882	0.961868580772663	0.984714772975857	0.991574043389624	0.905748581797228	0.963637087252635	0.885181762865421	0.985245042553287	0.979873412069674	0.953938180554916	0.950329834252591	0.902230697392241	0.990371386200199	0.97004045845024	0.976136204182929	0.937437414764985	0.896124388721431	0.936328639663836	0.886447061146165	0.949724927258768	0.937570541495447	0.906294558756775	0.998756117032926	0.989487693214553	0.937022698730149	0.973375171158548	0.986344008415498	0.9873665341628	0.977875190740054	0.963273273819749	0.884433551008335
0.945525252459299	0.988624120830828	0.979499857347455	0.987351942795628	1	0.962657622782508	0.966341066447518	0.937948225719374	0.977530240584226	0.923094533495892	0.870789188384241	0.977906772325177	0.975486483471678	0.952002764208488	0.975225639714716	0.968879171628993	0.91516607758238	0.980232870980069	0.950505041377522	0.977858747795409	0.99251024719414	0.934574128312169	0.951705901276049	0.945252556844967	0.988659430450929	0.990159726975397	0.918249291220917	0.91067546792429	0.96050817033782	0.947919578160664	0.916296608661666	0.97449320343185	0.949966551606543	0.901979252605849	0.972080228878134	0.94787518183691	0.968798662057866	0.962830031330222	0.941741959408163	0.956629516769795	0.971187175977322	0.963695570273983	0.988156107613515	0.944401644746026	0.969328549026066	0.969773045196215	0.972131841904538	0.95735856882263	0.888414125017068	0.975295239281352	0.977145621289549	0.932458315953434	0.975070909623169	0.939782889439092	0.982968940027204	0.947961884047067	0.976356275358351	0.980633705696386	0.895859685303409	0.951829788646131	0.910405937692846	0.988980688483224	0.972933118314861	0.948857937038402	0.931530271569994	0.888401295283517	0.980123541905928	0.963690337628757	0.993639499633283	0.924612553835245	0.908170694582334	0.917458126281741	0.905256649815444	0.974004817117823	0.920873134197809	0.937120011286232	0.987145981825663	0.982600466731411	0.8987915296502	0.970687145444086	0.974843723238654	0.970795643462764	0.976243237054322	0.947514106760462	0.925125215503763
0.933981507799119	0.983195171641922	0.967625107371746	0.970996582957394	0.962657622782508	1	0.916395574579394	0.923347991600475	0.974030340842103	0.901720852034819	0.828793948738982	0.986067280618459	0.977884333256005	0.950634152972337	0.977070351911752	0.978806113477627	0.932335224747039	0.994431548013076	0.952066083993421	0.940342934372569	0.974029442023426	0.970325535765348	0.959062618498397	0.912715337144151	0.985869700670142	0.959738079796827	0.955755771621342	0.950543888485966	0.921315485475666	0.957368325014249	0.893008724361547	0.962302895032452	0.984775778156867	0.917956273525759	0.990970681709761	0.973885526590491	0.977520704538239	0.985873802463026	0.9847609104	0.938607525754978	0.982715944945195	0.988068858952865	0.95893728866182	0.962779606815628	0.975202968764471	0.995917798817098	0.98835742229246	0.941053269995668	0.912267595150901	0.977436015798927	0.98944563919619	0.937145828155552	0.973537925367405	0.964574183368741	0.969402984158244	0.987966892434154	0.990735133744376	0.983047352722067	0.903709465154368	0.957119285693647	0.882753393502518	0.958404118774288	0.972690474474388	0.96231980203621	0.982565370178436	0.90186103912105	0.977553015594543	0.941759540616457	0.952165171542772	0.969824463237343	0.905018616002062	0.933635498244355	0.88082445700264	0.915276135882233	0.935669188151539	0.894566715100547	0.972899781387624	0.96930800118086	0.89990999149642	0.954109792985431	0.952301190823503	0.988923766393796	0.968949077889636	0.990331616513845	0.874982066518891
0.890336535351353	0.956106531190896	0.97585054816687	0.967736346642424	0.966341066447518	0.916395574579394	1	0.871263479476851	0.965713447345331	0.87660979078568	0.861852387838184	0.955298479461554	0.931193637837261	0.890278791304463	0.964740303853093	0.954745923229627	0.910199284589101	0.934129299690619	0.961607650022907	0.978698136909466	0.970625068735018	0.924486267941428	0.953016511878642	0.884179607738805	0.959598432623616	0.939617384091221	0.903842236704259	0.900990536990724	0.894167484514803	0.955227307574733	0.866474400754165	0.950035455419327	0.930601030127037	0.911479911889447	0.934901502447919	0.948551787443337	0.960526598584208	0.944236537100214	0.921670011104093	0.925533540722523	0.953848285929326	0.934178601932708	0.975665015821066	0.94679461666619	0.952550031226733	0.925805962973435	0.946242934688235	0.954417656862418	0.905236281366741	0.9497874499419	0.91926850952573	0.944047678055127	0.966882242631976	0.943049344247863	0.943491254975842	0.919627944367967	0.952521135287728	0.954833259181292	0.917238741471892	0.961035899462915	0.858389835695683	0.982362521705778	0.975521894493209	0.947564648030493	0.875672993622975	0.901068033215464	0.950568750072338	0.983674606576435	0.956897938836774	0.912835841108588	0.866849506001045	0.94495520153032	0.869343993106308	0.937888930728197	0.937459872938664	0.884516051914225	0.965378651476126	0.976587262116356	0.937911648016631	0.972251586223937	0.982389378471428	0.935557852628607	0.970271990870306	0.916069786189424	0.840900316792437
0.985597243942522	0.941493683047552	0.908449429521155	0.912907633796342	0.937948225719374	0.923347991600475	0.871263479476851	1	0.892550163808699	0.976024431413657	0.936423322425276	0.906402067063236	0.912990769080028	0.992149584591305	0.889161021518834	0.876692229641206	0.840082793125834	0.933197820444776	0.8545684081688	0.890312151627831	0.924900295532137	0.852077175513874	0.867587063828187	0.991229957955362	0.925689287642302	0.956270180934621	0.85644334210005	0.839268340533975	0.981973428877841	0.86810688622181	0.986643105835255	0.920751007450475	0.879181723741355	0.837119588492756	0.907234037434068	0.881755969625405	0.886403098265625	0.897649422339102	0.875009162140845	0.980029864206498	0.894734658604483	0.890288843564619	0.917011782562057	0.859647504531054	0.884547792842361	0.937129314878318	0.942116315810578	0.871401349678167	0.809446313919306	0.913908596854956	0.951249114013983	0.851766190812629	0.889486473494013	0.855605332485436	0.953813290890533	0.888705956073941	0.931902903501612	0.927085314397043	0.831310034193234	0.865018702416356	0.9895312625774	0.918494363304959	0.896303625952326	0.875190807765782	0.909047744663811	0.814056926123297	0.908062514913138	0.888785176976552	0.957373575416966	0.849433957631685	0.982357593994019	0.829739744287582	0.981003119212154	0.959432914835376	0.828152286368513	0.988528047974706	0.914460974789487	0.924744073521128	0.782456376636659	0.883182316672344	0.8760809575153	0.901089275637414	0.906196909035827	0.884266690112144	0.969997080977593
0.901480482402634	0.977721614749916	0.975979148273058	0.984619386543065	0.977530240584226	0.974030340842103	0.965713447345331	0.892550163808699	1	0.876473382388447	0.81895128959996	0.990300422226426	0.961319178817728	0.916720759966282	0.985972929397644	0.990198670295567	0.941825746988697	0.982005543063979	0.990888632892567	0.968914090114003	0.982720430762941	0.975920199540519	0.98257091205271	0.892152547827582	0.987273700520067	0.964162979506996	0.96213944207844	0.967014938079505	0.902381948761497	0.981056062257597	0.864487387319486	0.954357097676656	0.975236890979403	0.952723836824271	0.975831076766849	0.986110342420189	0.991937856591563	0.981813709592271	0.970235337864856	0.922864632654552	0.980258508671286	0.985157908734418	0.97403518604665	0.982752535761428	0.973738733578732	0.972468895759974	0.976250579165269	0.968675311612833	0.942972661289269	0.973723379216311	0.970140127395165	0.975688049955882	0.982177076455483	0.984654096922737	0.957048461978459	0.966983883090933	0.983222665145156	0.979672239048632	0.939280889239285	0.985560544345214	0.860428775219537	0.973775853322956	0.98557842559473	0.984008232650528	0.931981510024887	0.947306154388336	0.97354848307715	0.963548106597752	0.957131389736128	0.96676023546819	0.874030383237656	0.959496842733893	0.857956955338437	0.921005847026474	0.956983631907286	0.877646157180718	0.983025426458926	0.979631779922673	0.950390281252333	0.973137479371196	0.975305349421476	0.983716853318463	0.990312097219947	0.976235212043439	0.853955057429911
0.989830477811356	0.938933578997433	0.910176738665973	0.903609674712484	0.923094533495892	0.901720852034819	0.87660979078568	0.976024431413657	0.876473382388447	1	0.926273423171424	0.887419069407765	0.912684859555041	0.969995251381355	0.876099277672897	0.860669926816178	0.82928049735995	0.915931018818931	0.835694894119795	0.898577860612385	0.918711096216592	0.824746014094901	0.854355018468931	0.955619537134142	0.903603351206839	0.919276579975113	0.826603286554132	0.805672938358697	0.955365291399673	0.846008889232944	0.993289704096035	0.926681293856078	0.85666608194364	0.813471416547832	0.885830777142155	0.868174381765718	0.867813849946949	0.874054805978375	0.847571522736165	0.9725123660839	0.885347555049394	0.86557667545446	0.917729899446638	0.842692380770469	0.87270872346377	0.914133114934494	0.924850808935394	0.873214801024227	0.791460423170329	0.913292774894324	0.92710893071021	0.832458472965689	0.883210057439901	0.833252407358719	0.944415146848853	0.869979518599829	0.914222150823706	0.925101394953853	0.814193647091966	0.855671180234811	0.98551034916848	0.908225660532412	0.887104005152603	0.853845553369703	0.887155226430659	0.790978783069828	0.900692809938122	0.886572203394055	0.952750814649945	0.821822640186108	0.95985150699763	0.814901618426234	0.983012533311721	0.961991939512528	0.812515353248282	0.972592354729767	0.905166123316725	0.928996214148751	0.767272582345381	0.885185736285295	0.881368405849918	0.883494726922488	0.884578620175298	0.85365623415609	0.945023813932441
0.928432113759718	0.870013694555552	0.868990672472921	0.844873475804105	0.870789188384241	0.828793948738982	0.861852387838184	0.936423322425276	0.81895128959996	0.926273423171424	1	0.835880870406886	0.827944610713366	0.926550816776537	0.829397260464249	0.801584074549358	0.770676935786411	0.838102717447013	0.793058149275087	0.845162232113119	0.859312426564526	0.773814965406768	0.808931377421586	0.952171350517711	0.857266796729304	0.885517994448676	0.78730509420822	0.765518626654117	0.928164131948783	0.829127918031189	0.950461358493769	0.872809965179023	0.805677289190859	0.793581954228882	0.824965726087643	0.819797353941255	0.828601863363953	0.823807818820722	0.807057901524871	0.957504997453816	0.823426958528264	0.795926550227811	0.868015738163997	0.808341207665549	0.825739127711549	0.854021725987876	0.878862204344592	0.800933004667903	0.754820062582789	0.850249841095623	0.849107002219778	0.800113667588537	0.836641393319209	0.792518804448721	0.90350544809457	0.807700427276145	0.864448933916509	0.854338580970803	0.804718157088006	0.813376068438733	0.949712722638746	0.887197999421116	0.857169780909967	0.819664551664697	0.814278078242615	0.758969829365864	0.835307059909638	0.879230662897985	0.902042236098837	0.772584843639141	0.961812188263068	0.786978030360821	0.970027198545227	0.924444558718891	0.771304856765923	0.961748393930196	0.847183212384492	0.881916341471846	0.733013925158352	0.830450649670318	0.836394102736431	0.811112575442827	0.84937328647487	0.792648799071991	0.894679495256959
0.91522385483669	0.985057798951746	0.980744108561114	0.98305508572393	0.977906772325177	0.986067280618459	0.955298479461554	0.906402067063236	0.990300422226426	0.887419069407765	0.835880870406886	1	0.96937708797275	0.937159171787079	0.988388786512172	0.98891043323306	0.924932757003085	0.988056511640811	0.975869751150214	0.956697326662258	0.981267922841985	0.969153263129382	0.965034428825685	0.906176718641724	0.995338073376491	0.967037009255341	0.966818036735892	0.956666375625894	0.912870208203013	0.976877168649031	0.87727921986127	0.964564489580173	0.979768121143203	0.934557239840446	0.988244309246323	0.980211722830215	0.994231781319067	0.98338554025845	0.979516742184128	0.937604692219014	0.985382974518893	0.984621014512665	0.96957590642243	0.973382034348708	0.987011243475297	0.983983057873313	0.986070446434922	0.94619945272546	0.916778469876011	0.980560979354559	0.978186956490678	0.957144428159924	0.982419893603746	0.973397155704302	0.971472106995961	0.973725820493255	0.991773373071394	0.988363996946756	0.923113088669168	0.971165001224852	0.868413062777254	0.978228761858295	0.990982645367995	0.984381532292229	0.959280943242005	0.920117649557535	0.975858267803635	0.959977279203461	0.960668119749034	0.966466900532539	0.893597673612728	0.943256666599613	0.871426095436733	0.921626662058752	0.940698183692146	0.887258354672978	0.982043005828947	0.98114489108648	0.933196312936932	0.963287273862863	0.972963098789232	0.985526281168594	0.992210601075512	0.985166455127412	0.857314159800408
0.944325049467095	0.989008680755367	0.98007183857099	0.979308583811779	0.975486483471678	0.977884333256005	0.931193637837261	0.912990769080028	0.961319178817728	0.912684859555041	0.827944610713366	0.96937708797275	1	0.936237102231691	0.978042070054625	0.970551186515147	0.925034313094298	0.984517469806167	0.927047564660134	0.96909996352685	0.987160140177947	0.939784571918243	0.951453087267568	0.909787374351912	0.978433166919901	0.957481517713456	0.90455280594831	0.901943737365323	0.937953970517171	0.932195510021027	0.898274495798672	0.986890177957999	0.965810785951014	0.878539652671502	0.985353763122196	0.945283818903545	0.961476140643466	0.969471780574472	0.960110374675828	0.936036932656236	0.983025631914193	0.971511477379014	0.982286333681551	0.943457061464269	0.978123881549877	0.980198602354763	0.966862995289323	0.956438790354767	0.882684089152336	0.981473161944568	0.976118254540106	0.908540435486267	0.981634882031212	0.935834241142573	0.979179915412479	0.973055257081455	0.974383359922715	0.980770636791429	0.872309776381673	0.944634731634321	0.879228704122524	0.971617648130713	0.964481647375571	0.926285927476442	0.96428815544773	0.862977069754948	0.994784748336805	0.953529728659882	0.973679741502643	0.935316533736734	0.880080521365999	0.914024429400912	0.876989463406958	0.94873127048532	0.924508332152565	0.905174147974849	0.983029110470229	0.975691764310916	0.875866068288287	0.971986790429009	0.973250999209376	0.981223780214668	0.947961655541722	0.95756035456334	0.899308619208548
0.985364004387434	0.962214310202008	0.93439619864529	0.938470198769668	0.952002764208488	0.950634152972337	0.890278791304463	0.992149584591305	0.916720759966282	0.969995251381355	0.926550816776537	0.937159171787079	0.936237102231691	1	0.920605228028418	0.909622958829241	0.851452524802787	0.955112765600894	0.880291964004335	0.901721295245379	0.942206569120171	0.880652046157892	0.885802752618881	0.984286538201973	0.94942957547305	0.96528934136144	0.882263825544884	0.863331792225607	0.977162081621501	0.895671513241908	0.977770017939982	0.945889148321676	0.911898072987692	0.85438421138041	0.939735721795923	0.910331226050658	0.91847614833295	0.925974411275091	0.907244274977239	0.987960564929042	0.927087328093586	0.919151350594797	0.931159301595728	0.887288882725352	0.92264447488747	0.963031577712512	0.96527603046655	0.880364001513827	0.82564266022863	0.93349161186939	0.966590286257759	0.870844109839656	0.913721119059468	0.881664197275917	0.970237370818546	0.917019903752679	0.957144203570851	0.955997710090787	0.847430178773537	0.886370174563077	0.974341882781227	0.9385928235944	0.925146773410147	0.904079572577946	0.945946597729754	0.829639229878987	0.932309932058908	0.907841398263212	0.964560311593992	0.878538875379087	0.983651789285525	0.85216326802374	0.972677078550151	0.955814331024365	0.849956484221811	0.97522717583754	0.93977311952916	0.947023053265902	0.82067611354269	0.899850562373918	0.903420250212128	0.93082388880098	0.930690775579933	0.918422195168753	0.948212591188168
0.911100066207104	0.983953187018798	0.991601449300357	0.99181368547687	0.975225639714716	0.977070351911752	0.964740303853093	0.889161021518834	0.985972929397644	0.876099277672897	0.829397260464249	0.988388786512172	0.978042070054625	0.920605228028418	1	0.992688703322933	0.928179516708536	0.979434228718011	0.972106937134766	0.969111355548638	0.987036919094115	0.970200243960747	0.972218224102539	0.893866995184495	0.989307163613158	0.957455050005891	0.93674077913981	0.941056023713508	0.910529461943305	0.975824737810679	0.867908240771757	0.978599624964538	0.983734838545129	0.92341870596818	0.990577171505326	0.976426271453417	0.990704492870971	0.987863303963178	0.978943710686503	0.93228499565287	0.994686995390219	0.985406779092501	0.980029057594666	0.976285237510274	0.994179769877811	0.980282622077208	0.978052725959376	0.957930507873983	0.918215412161952	0.972389289819639	0.96431319870204	0.952507890411712	0.989805609066903	0.972542043936492	0.969299712802184	0.975864562481694	0.987829318566846	0.986423830258302	0.918594856071968	0.971956344653618	0.854257327300201	0.984773374533869	0.989898701676545	0.964838710650396	0.957181607874684	0.909858809414545	0.990611860000504	0.976632749715685	0.960470335867859	0.960398175728627	0.877825566876363	0.954364710356623	0.860447144681959	0.925765806132264	0.954120721558437	0.880248923247435	0.991738364214014	0.984803477271094	0.945175751909963	0.976796421437104	0.988904920313773	0.989368597656113	0.980193880596947	0.976971003651819	0.851787507152187
0.893077688631224	0.976730969837575	0.978845122099065	0.985998228865535	0.968879171628993	0.978806113477627	0.954745923229627	0.876692229641206	0.990198670295567	0.860669926816178	0.801584074549358	0.98891043323306	0.970551186515147	0.909622958829241	0.992688703322933	1	0.944002703238435	0.981935522959759	0.977929155304039	0.962047607602707	0.980780249950402	0.981289999986756	0.975455061314372	0.878625201099589	0.9858016124257	0.955361867955083	0.946943126932737	0.94925719243114	0.894060115289642	0.969982289331966	0.850225635180014	0.964141379265274	0.99044209807246	0.922740337481877	0.988506343837987	0.984676090301468	0.990328545881881	0.990699855250699	0.981074897682269	0.914363852111001	0.99354174289298	0.99183323125786	0.969673743253789	0.98101546726085	0.988694651483339	0.978953707191019	0.975911044286413	0.956691836784563	0.928734736723191	0.972744973987452	0.964091046283915	0.952166121054666	0.985900655467963	0.979366375269065	0.954317626740373	0.981340651800572	0.982360126999616	0.983192272586751	0.911500458405524	0.975949640368687	0.839727749096059	0.971847812241738	0.98663309324337	0.970506302800724	0.951987648937382	0.912024494141214	0.982063609562175	0.963830418404487	0.947490652538358	0.972750561824115	0.862424057307559	0.960840234645855	0.841418565470932	0.908411933680606	0.960948165715757	0.861038255316308	0.98755317974502	0.97914400474875	0.951307504478194	0.973851213353668	0.981972885027031	0.9906708459253	0.978764509954435	0.984855286370064	0.83781262644014
0.853074274017636	0.922266478403419	0.92146492401143	0.913799047396438	0.91516607758238	0.932335224747039	0.910199284589101	0.840082793125834	0.941825746988697	0.82928049735995	0.770676935786411	0.924932757003085	0.925034313094298	0.851452524802787	0.928179516708536	0.944002703238435	1	0.938658022761959	0.937325834030596	0.948981949811284	0.942741728704318	0.963630608240434	0.970221459516676	0.835960760216161	0.93101298432954	0.907007848691533	0.919893902541169	0.925307971241662	0.850302262797009	0.916781888517109	0.814143462002933	0.897037745883878	0.955051156325278	0.893878587663372	0.925082401738736	0.949598408063642	0.9294361740092	0.953772942112841	0.949213786718584	0.856949867505449	0.936417222223108	0.95055210810431	0.940124082471298	0.942708488844731	0.90935568296302	0.927374035878045	0.929062741025053	0.966625744874434	0.952686351576178	0.953610709163789	0.926533530717774	0.923804039448289	0.958741891532051	0.958443955758334	0.897079696306613	0.963795442720757	0.929141285406847	0.912083658983605	0.885308375890585	0.961849335941899	0.81019764343864	0.921862515936121	0.940254002205021	0.923248810415715	0.878811151899001	0.889652392113334	0.931562515099937	0.936768742911033	0.901563156645784	0.968032742615831	0.812971848703005	0.971303296158744	0.803813535511156	0.871672947980526	0.976208764236613	0.830562078624051	0.920877125112385	0.929199319158895	0.879441589010578	0.968083797239054	0.931064653498173	0.929003829563187	0.923067925512881	0.937733284300633	0.818953185278845
0.944286880459675	0.991064566204036	0.975382701562465	0.981150537808125	0.980232870980069	0.994431548013076	0.934129299690619	0.933197820444776	0.982005543063979	0.915931018818931	0.838102717447013	0.988056511640811	0.984517469806167	0.955112765600894	0.979434228718011	0.981935522959759	0.938658022761959	1	0.957527450532845	0.959595117324146	0.986700851099637	0.96463080705619	0.964349016603298	0.925020491367129	0.991094063194112	0.974823923511761	0.948093376275569	0.943181936738569	0.937469733327573	0.95467163002106	0.904925116523274	0.970510327017516	0.979823246418096	0.918940813963992	0.990151325005208	0.972078426819494	0.979054076851842	0.984093858302935	0.975030784060053	0.94611414327806	0.983843159515961	0.987614592570922	0.974794638943797	0.961602890603302	0.975463704962891	0.993045914296317	0.987495409754338	0.957044230067881	0.911528144151404	0.983877747523149	0.99426996565354	0.943421758655504	0.979988139491519	0.96274616917533	0.977769833142949	0.981896027259901	0.989814097162209	0.987855532057309	0.903176521403775	0.964162534828822	0.89710342347029	0.970316260587302	0.975978193434237	0.964689358498098	0.970414317686139	0.905039759026855	0.984278291699317	0.950836812188388	0.970159146076534	0.962911062708343	0.907306547449852	0.934716757390576	0.890736378943915	0.938522577081653	0.937553530842351	0.911388372859394	0.982711540247745	0.978514864348543	0.902324992686327	0.966376818905649	0.963157835461037	0.98968989225243	0.975076703757959	0.983225959562588	0.89827297237718
0.860155556312771	0.950270720799684	0.957715965702249	0.96453283720962	0.950505041377522	0.952066083993421	0.961607650022907	0.8545684081688	0.990888632892567	0.835694894119795	0.793058149275087	0.975869751150214	0.927047564660134	0.880291964004335	0.972106937134766	0.977929155304039	0.937325834030596	0.957527450532845	1	0.951537880295422	0.961312138896989	0.976888445967299	0.979849312389917	0.854024569369943	0.969247962984926	0.934965019187751	0.964369925630057	0.972905209652808	0.858205353751105	0.983914598317046	0.823807570829764	0.922926550191722	0.964894859527435	0.964666999827614	0.952810236914686	0.983896711725797	0.983933886182196	0.97152291060168	0.961952988327781	0.89269561980985	0.963242597238143	0.972117271912525	0.951979581394683	0.982552815257909	0.95390460507508	0.948214971999775	0.959755198868864	0.958658089097135	0.958523634733046	0.949276376285249	0.941189494285091	0.987071830265456	0.967052031576554	0.989983318892332	0.923757930277683	0.951990545696802	0.967720411020283	0.956199098915343	0.949604792953097	0.987900262258932	0.823063555013953	0.955414042571598	0.976473493533259	0.98577397655421	0.902172133736831	0.963594565072277	0.947780357652854	0.956504606377635	0.923358397964161	0.966722768351311	0.845603329684139	0.972540738873613	0.823986545804658	0.882311981150346	0.963434929193558	0.837608080933018	0.960491516945139	0.960670469052712	0.969605804182629	0.960361899241029	0.96027631651673	0.964679656087618	0.985606177198333	0.966016072995241	0.803184621646175
0.917264659698115	0.972901085680246	0.979706189361723	0.972879942875092	0.977858747795409	0.940342934372569	0.978698136909466	0.890312151627831	0.968914090114003	0.898577860612385	0.845162232113119	0.956697326662258	0.96909996352685	0.901721295245379	0.969111355548638	0.962047607602707	0.948981949811284	0.959595117324146	0.951537880295422	1	0.989327701174731	0.937183353354099	0.970867300044448	0.895761706259239	0.968721313102894	0.951574069438585	0.904341631433688	0.905297634252262	0.919533804658004	0.942773603591743	0.882414637124441	0.967100364001502	0.946040216920042	0.903524963695009	0.951921597876406	0.947965611145037	0.957380434083196	0.956315513556655	0.938551831854406	0.924463185945005	0.965666713985881	0.952039300766048	0.99472768130686	0.951918878381796	0.955187372411981	0.945140678968134	0.950403063020288	0.985426724182996	0.915261564883557	0.976251474123527	0.947292595984553	0.937163593766904	0.985278151956708	0.947189066525722	0.95924877866998	0.948062750237549	0.958302836277973	0.960496601335191	0.902781090055379	0.969368069124765	0.871212488587601	0.98217720390056	0.97070376959233	0.935234823113413	0.896854210949741	0.894789902510441	0.976408838063928	0.980950404913983	0.974249474743914	0.928989186784239	0.861037014779788	0.946308890687392	0.870839227935768	0.958204122959106	0.949792195998379	0.900974648127445	0.974719887720404	0.9798963194949	0.901307327472635	0.993741770214695	0.985995223847277	0.954421520510078	0.958451808824033	0.92809701713027	0.883826773808661
0.943980577172061	0.993230297282133	0.990833243267775	0.991587233060562	0.99251024719414	0.974029442023426	0.970625068735018	0.924900295532137	0.982720430762941	0.918711096216592	0.859312426564526	0.981267922841985	0.987160140177947	0.942206569120171	0.987036919094115	0.980780249950402	0.942741728704318	0.986700851099637	0.961312138896989	0.989327701174731	1	0.955459439172441	0.971675253146758	0.926643515265666	0.991230284739426	0.976222024769359	0.925958013722644	0.92385445438977	0.945229092490446	0.957745025314863	0.907990605593361	0.98360584910302	0.970026554788546	0.912869612613222	0.982321588530382	0.964870765521203	0.976532287972142	0.980016486132916	0.962728321131468	0.951221097153324	0.986826015118694	0.978017447339543	0.996589237654456	0.961608564167739	0.978972813485094	0.978646462954502	0.979552334958513	0.976932391713212	0.913461716544578	0.984743551667433	0.978437262909673	0.944435308506123	0.990959358339383	0.958759976639731	0.981378959824813	0.970963040513321	0.985371041029534	0.985949684295622	0.907737312654811	0.970299562512972	0.897528451717919	0.991514121937442	0.983006846409648	0.954077140120294	0.944945065325726	0.9002210954277	0.993002520622752	0.979425662555184	0.986511569909796	0.94777445378967	0.899320309047269	0.946534943332878	0.89612719194433	0.964077742827504	0.950165363201764	0.922157784895142	0.992575377414471	0.990561343174439	0.915183601242559	0.989470701842786	0.987579141590534	0.981578561842867	0.977387120813845	0.961998039729325	0.905374968450989
0.859662741703717	0.946837301868677	0.948114411748293	0.951455574052001	0.934574128312169	0.970325535765348	0.924486267941428	0.852077175513874	0.975920199540519	0.824746014094901	0.773814965406768	0.969153263129382	0.939784571918243	0.880652046157892	0.970200243960747	0.981289999986756	0.963630608240434	0.96463080705619	0.976888445967299	0.937183353354099	0.955459439172441	1	0.978916341808857	0.849326106838041	0.965119741930303	0.928648789468203	0.96078663319191	0.971392959009315	0.856935915669612	0.968996352555403	0.815471535817775	0.921000314502829	0.986801816487245	0.93724873878679	0.965941977370508	0.981047295823018	0.97487617660991	0.984304970686213	0.98407665068409	0.881212564996198	0.969895017774686	0.985343222866467	0.942646789261382	0.977601969496321	0.955717502157058	0.963154013946789	0.964796151485494	0.951282691438225	0.959922831504802	0.955153476150939	0.949818428300951	0.960178019829859	0.97029900455716	0.989944648895033	0.921682061619498	0.982065479338453	0.967126380667332	0.950211197327797	0.925690634799524	0.975900093359587	0.81094194908718	0.942535092639824	0.969457884177404	0.968421056967799	0.93165365053795	0.928888428005947	0.954429031748806	0.946371533314231	0.909610151563201	0.990337303448967	0.839770088332094	0.977976563506515	0.810234959242791	0.865354937747422	0.975058174844297	0.828286713467	0.952348095454614	0.948890883241111	0.941061054076954	0.959900015450767	0.94986813232261	0.973125099164054	0.96367681709438	0.98408211127826	0.803672547468511
0.88399766142843	0.957156422077739	0.964516638045107	0.963325060595804	0.951705901276049	0.959062618498397	0.953016511878642	0.867587063828187	0.98257091205271	0.854355018468931	0.808931377421586	0.965034428825685	0.951453087267568	0.885802752618881	0.972218224102539	0.975455061314372	0.970221459516676	0.964349016603298	0.979849312389917	0.970867300044448	0.971675253146758	0.978916341808857	1	0.868408063600075	0.966127443266801	0.938181526729177	0.946391165295409	0.965507113397302	0.881994921500269	0.971491791023371	0.843467349051422	0.939767549147585	0.973296012056345	0.953042201608906	0.958545071134155	0.981837594955984	0.977630438096385	0.978132289524969	0.973851470313523	0.900428047839177	0.967983840034838	0.975964513726611	0.97044977874474	0.985832311550384	0.953135596880208	0.958867349723128	0.959321667293299	0.984014239158079	0.973987113319185	0.96631387848965	0.950489037866788	0.973775145189105	0.982379476435468	0.989306651765848	0.937710400910076	0.971882750795616	0.966620214958983	0.952405782374506	0.940985346144149	0.994472378023023	0.838076830677254	0.959778676702435	0.9730490411258	0.964080783651554	0.911128346931076	0.95540873790071	0.966328754674303	0.968845314854792	0.934932778554966	0.973072056315424	0.850147621774464	0.980354373219085	0.837324639714843	0.904271243808758	0.98022946515536	0.860362085771379	0.964378191199332	0.965971871668994	0.933973986206486	0.980834945249207	0.965924146024673	0.968211862007004	0.965905637395277	0.962670973906298	0.836970842184462
0.973060271668805	0.936707716294906	0.912519351537153	0.916077185713172	0.945252556844967	0.912715337144151	0.884179607738805	0.991229957955362	0.892152547827582	0.955619537134142	0.952171350517711	0.906176718641724	0.909787374351912	0.984286538201973	0.893866995184495	0.878625201099589	0.835960760216161	0.925020491367129	0.854024569369943	0.895761706259239	0.926643515265666	0.849326106838041	0.868408063600075	1	0.928671068064916	0.967509608236857	0.849037905259393	0.833370139591979	0.991931871993472	0.873210024759909	0.974215365564082	0.924293752361257	0.878049635339978	0.833968500470001	0.907466910365334	0.875644977411335	0.889884303537541	0.896494469933251	0.87448097191266	0.980097595500808	0.894129471414547	0.885792287888904	0.922582644395855	0.862191251402329	0.891013195975843	0.931753916463376	0.93635217689245	0.867427056085344	0.805421117677542	0.911182005486363	0.941309875577631	0.849451841926337	0.894105920132375	0.853728703719536	0.957453909546077	0.883029562257355	0.92721748750892	0.920853669102933	0.830660066254322	0.86451356708109	0.97730825576141	0.931510385891263	0.900941818970309	0.873357448508517	0.89787892745794	0.808610048260191	0.9101990972849	0.900694341862254	0.962429523634517	0.844491302368612	0.976675564299753	0.830231300426157	0.972610094665059	0.968106324325368	0.828828338148385	0.993490149134956	0.918605963467838	0.925229359223134	0.785577584480583	0.885932810274093	0.88423088829874	0.897441891628715	0.907729988245905	0.877834523245682	0.973864581242031
0.933330541466991	0.990784053079882	0.985422410165856	0.987799889726028	0.988659430450929	0.985869700670142	0.959598432623616	0.925689287642302	0.987273700520067	0.903603351206839	0.857266796729304	0.995338073376491	0.978433166919901	0.94942957547305	0.989307163613158	0.9858016124257	0.93101298432954	0.991094063194112	0.969247962984926	0.968721313102894	0.991230284739426	0.965119741930303	0.966127443266801	0.928671068064916	1	0.980626614151605	0.955176842392321	0.945194876559539	0.938216257025452	0.97239441938059	0.896956572168753	0.974476728561474	0.978131802579283	0.927106827446048	0.989711240398639	0.972027162880267	0.987727188239734	0.984387729847048	0.976427621431753	0.950844521206712	0.986687447822257	0.983462041023299	0.981371933126781	0.969708358186139	0.98556729927737	0.986636107226226	0.988470143636153	0.954834588430867	0.911756678707042	0.984046908687611	0.983886438465411	0.951904053378951	0.987064993720667	0.967069452219317	0.981953174031354	0.975155437209259	0.993064480554745	0.988017875448127	0.917717805804845	0.968877007519526	0.888744420150982	0.987716218844677	0.988953826318029	0.973188660664423	0.95862314176022	0.909519273676097	0.984843828766704	0.969499547899337	0.976404428524905	0.960022181028492	0.906735226946863	0.942234418032451	0.889422069871435	0.944947432490149	0.941503841391259	0.912617710208938	0.987901106430194	0.985000048444819	0.920346937487149	0.972500486890709	0.9775568670748	0.986984413392847	0.989178818408972	0.978835300790471	0.888947517838815
0.946206687202875	0.97475893344629	0.958070696101693	0.970900859426301	0.990159726975397	0.959738079796827	0.939617384091221	0.956270180934621	0.964162979506996	0.919276579975113	0.885517994448676	0.967037009255341	0.957481517713456	0.96528934136144	0.957455050005891	0.955361867955083	0.907007848691533	0.974823923511761	0.934965019187751	0.951574069438585	0.976222024769359	0.928648789468203	0.938181526729177	0.967509608236857	0.980626614151605	1	0.915820950262906	0.907882403508398	0.973652985872328	0.936592703163496	0.923632737327269	0.955575674456594	0.944327885621505	0.895368569089843	0.963702842269351	0.938619336423679	0.956754554221004	0.956637517172111	0.936547632073452	0.960396968324608	0.954803017929896	0.956212814214223	0.968601348609346	0.932771259673942	0.95221725075347	0.969948723029642	0.970454973051728	0.93356383513043	0.879984382936311	0.961051498859111	0.97795304672804	0.919929307942463	0.956490277997677	0.929896942218521	0.976770012450888	0.941950566625457	0.968799335592348	0.965797607456932	0.885146975654687	0.935247110399376	0.9249517859246	0.974498883029211	0.958023368824733	0.940792691890899	0.930281162336746	0.878527194822789	0.963033492244893	0.945482092761698	0.983828704386146	0.920130779784301	0.928801500784747	0.903688733770905	0.915797178313023	0.966882697241143	0.905850275766273	0.951285497230634	0.972408345697198	0.965928580400277	0.876235751612808	0.947581161022079	0.947926027958085	0.960882000272103	0.96566160872628	0.94491068025111	0.942858636938818
