1	0.694853930439384	0.588913298599043	0.568221291338341	0.62140494260984	0.577238881059412	0.444455099060738	0.816445461882728	0.448405451889735	0.863639790451944	0.634323162354463	0.502599638594152	0.620326744072939	0.815029124994967	0.490123067415249	0.427703983378901	0.333378430585066	0.620496054642375	0.300672359941377	0.524476642043441	0.615250336893159	0.296350899703122	0.388704814526043	0.749021391646159	0.574062255569051	0.624428762236549	0.25615417687573	0.184702489667475	0.776247866539113	0.349157085118429	0.865818286571516	0.663672526219388	0.432293977676753	0.20203105998269	0.541662247892566	0.419287288753613	0.441479468944363	0.484899125009149	0.410895799211981	0.815767774171705	0.520642804340057	0.454097962680791	0.606769035307567	0.348985916199458	0.495694630599078	0.630470588409495	0.648240149886089	0.447884221082637	0.188804447878304	0.574111040926348	0.660954454508251	0.278939589152421	0.501714057331932	0.308960840363185	0.739963716590836	0.475860632547478	0.612486758825122	0.625412326871493	0.200406507390808	0.378822570890004	0.797871530229217	0.581132503880947	0.493147071890828	0.35377491397155	0.567203820143398	0.156595742286593	0.58571882891806	0.503704387698003	0.726488532073832	0.30782479843528	0.728480444970312	0.283691446749116	0.79141580063903	0.747749744943762	0.308946448537409	0.801164841102601	0.577916742273881	0.626886108430781	0.205679132047169	0.493924478037875	0.490347211960932	0.514550786302322	0.472064081084729	0.417581992849079	0.727746530706471
0.694853930439384	0.999999986584241	0.812609340792538	0.8075320286086	0.802309553461397	0.745965875386063	0.623847302776527	0.595692311588206	0.706321750135966	0.64124248273207	0.465819570285161	0.76135963789742	0.830990384927513	0.669084714314504	0.754424172641833	0.701655001740343	0.474389728689276	0.817718677402506	0.537048928574167	0.706951436074048	0.845307683422958	0.517444029926267	0.578599805657427	0.584856879646652	0.815250068534971	0.697255368872704	0.426734347460166	0.36810940571364	0.654593434402733	0.552162533414341	0.60546872129403	0.835792433013192	0.649143579215771	0.312826951834919	0.774958498780014	0.617800400559725	0.693737193010711	0.693053562321221	0.609889365393206	0.681277906641247	0.777203347094676	0.686247985271479	0.791410252497298	0.56231712210923	0.757033650295912	0.778402761869095	0.777510257514468	0.609964535971727	0.331037615331979	0.772779301209487	0.764073001199582	0.444915145415441	0.74245858136874	0.535152790714339	0.819446840776529	0.662806454807958	0.807894099683015	0.871322759358242	0.298684637971179	0.579991970159659	0.547564657261032	0.771836500942864	0.731038351803206	0.556876667656342	0.67862340267554	0.277908697340699	0.812877686253705	0.658186093551357	0.805565188364035	0.507964560595993	0.535646034641272	0.466303611190971	0.559985223149362	0.703688051026154	0.497295308761445	0.593596166069599	0.816670608338419	0.829356671225031	0.428081480286847	0.697893852675917	0.741303709138527	0.748803444583667	0.685205939464964	0.627126376002045	0.567773277523892
0.588913298599043	0.812609340792538	1	0.810081942075256	0.735567734003391	0.651782637716668	0.728956968805112	0.477517117471694	0.709835473286906	0.53440134203571	0.463342033152807	0.738127997592146	0.757266034988792	0.550604447556505	0.830663242843776	0.724349378820374	0.479351979344047	0.700438736502545	0.592773663908602	0.749324985081383	0.822707851600343	0.540688920184044	0.632609520220983	0.499141924467003	0.774995463693077	0.612748387361918	0.411487177948245	0.387075545965959	0.563122165770437	0.649235629155216	0.510016847198612	0.851094457805121	0.666088535826498	0.378185556304691	0.745713196164107	0.646368956859558	0.744754257114761	0.703826515783589	0.633728894876388	0.630399760908088	0.794565512257701	0.656373910331778	0.824025502658345	0.634261389434501	0.804898534365847	0.695474472104315	0.722498712313388	0.626275419283907	0.372999302739841	0.723640937481144	0.621950854819137	0.519650074175	0.811679296281919	0.588889184711434	0.754629075610267	0.644424272672424	0.770815521770049	0.792570876910334	0.378316280863292	0.6488472892241	0.450088049710627	0.847463564410762	0.815751310433225	0.588623902584006	0.610948475521583	0.32560546163735	0.813673987550071	0.798295145559411	0.721462223452866	0.523339496810213	0.469276777325598	0.547753440477974	0.489737378188071	0.64625352969915	0.555981865568671	0.515907751378693	0.816322227666204	0.854729184412957	0.512600712604697	0.745163021460399	0.85278785453284	0.709870076572787	0.697160227014211	0.601218743253551	0.456279002756522
0.568221291338341	0.8075320286086	0.810081942075256	1	0.793025950542896	0.671052284790249	0.683448791845546	0.492087621003897	0.781712258805853	0.513092513096535	0.397227173993831	0.755098412404601	0.752356085729736	0.566054278886383	0.832231865396662	0.777565644401081	0.450823566803715	0.739615845975894	0.630900664018071	0.707703575672906	0.829886839538945	0.556775616118132	0.624654802771505	0.510892660189759	0.795324014885066	0.679520061756072	0.38675303086756	0.388174598703724	0.583393962278222	0.611226772559852	0.498102224905377	0.800901970146294	0.663357115323184	0.352492909855952	0.772473078725073	0.649169505042776	0.750213625204533	0.726020545967586	0.605044775153518	0.599047614337755	0.822550784185966	0.721717066388054	0.775097577695932	0.631140711617322	0.801648084391951	0.72552283832782	0.708051008063658	0.622898301918907	0.377140964371181	0.65662294590057	0.66239207712801	0.503638458083804	0.733054808596427	0.584463626127636	0.699249662375432	0.629109354001156	0.768080066320592	0.830223653726787	0.32412325839161	0.626757243481672	0.452230595430633	0.777444374452881	0.730306264917399	0.569344329245188	0.618321059312055	0.339920088326018	0.823066088915015	0.68021485171396	0.728099663264673	0.503170783424618	0.457616431009652	0.513210321157869	0.467568054212388	0.638149019216587	0.542662514919335	0.507707771283104	0.937031086552365	0.809564685123736	0.563491504144077	0.704655502762414	0.795606221177322	0.791950110632918	0.716385279563523	0.627601416917489	0.488571811925737
0.62140494260984	0.802309553461397	0.735567734003391	0.793025950542896	1	0.625614828294605	0.67674730692676	0.582925713365832	0.724673062292863	0.577970931334745	0.468537816277153	0.719458447540726	0.728650705500642	0.622518941667249	0.702462951708232	0.66363805861495	0.457911142207008	0.73552573847102	0.556715077758753	0.737704728165527	0.840744451357876	0.476988377612401	0.566102749495186	0.619195381483857	0.806626671338989	0.81710803793949	0.396305151884057	0.34252652627525	0.694494368204386	0.540611344477144	0.562729663273632	0.734295004492182	0.566237757430823	0.30925663085046	0.690252140679542	0.546710633914598	0.660263585644546	0.6318097996058	0.527601885909587	0.636827221898893	0.688983347388604	0.634156410200184	0.803216361238718	0.525239172647521	0.686892505893045	0.670030763305959	0.681368144208719	0.618662871707728	0.320002676138936	0.705100688845168	0.714700819919235	0.459479343747327	0.702617320367703	0.498903507514713	0.759659904035315	0.56494752723542	0.708580312008491	0.742180567248577	0.285603068959231	0.56735846451752	0.531431922567873	0.808801993549377	0.68670334338556	0.546021415548667	0.544197965486733	0.289991666144274	0.744052799076599	0.647950328161388	0.866392508974197	0.452258943903075	0.497179323607274	0.441242756945929	0.525957086045822	0.757198703319524	0.480888539191689	0.615370508367819	0.793367595635481	0.755261689547001	0.430161512781005	0.690342844356216	0.718277950537548	0.672826593613095	0.708115667402675	0.551236161547996	0.619346692191249
0.577238881059412	0.745965875386063	0.651782637716668	0.671052284790249	0.625614828294605	0.999999990513626	0.448765527486268	0.522136091093934	0.651964937041294	0.507053700865099	0.343743810412114	0.754997029440902	0.754594730865495	0.614923351319109	0.69468159617547	0.70490483307511	0.502420770901737	0.848475202731764	0.518607382438415	0.541174743929498	0.686212198718684	0.626209072282257	0.566300727259774	0.491732400925325	0.754713961565385	0.603117852780442	0.530009830255776	0.48564991137792	0.536005917977561	0.534569760300792	0.486997472568966	0.675791584018865	0.751297236524853	0.311553898301746	0.830806979525294	0.657036626721501	0.683123010986417	0.763749455823601	0.749789893732535	0.550732656650676	0.76193754667482	0.779383351397135	0.613141961575444	0.57896216118009	0.722590129226505	0.878101579961091	0.773845765951242	0.526284430128644	0.366544467260822	0.704356659463135	0.795612297991106	0.420938051448698	0.674905124408278	0.584949425865876	0.66282044377686	0.790816948574639	0.801988853316161	0.753116640699966	0.246622177578043	0.556935219931613	0.437429036091054	0.606088442343543	0.658956561338131	0.570870754184015	0.820964286543996	0.28610017658636	0.725364338270677	0.526400207312302	0.598130029510933	0.640442828963995	0.478924956930263	0.47530911845313	0.445383115764902	0.501731945498737	0.519771869592763	0.464406294901002	0.689439390494081	0.656745517242411	0.413066884798531	0.595454861842152	0.594497735479869	0.782477490579121	0.628340580328338	0.79923448990408	0.459758156583341
0.444455099060738	0.623847302776527	0.728956968805112	0.683448791845546	0.67674730692676	0.448765527486268	1	0.381566712126903	0.68449733798278	0.442081007035526	0.449019284284993	0.617789220822865	0.542617376978063	0.419293892438743	0.666242315103699	0.615755148001217	0.462269632107132	0.522571466693507	0.656701243801629	0.749976432836489	0.698579213886225	0.472613679698509	0.606659361452704	0.425595526817407	0.639671031624968	0.554490308594237	0.380936085978948	0.355720985626438	0.462287374520916	0.635069065669459	0.421991908128879	0.62305782800426	0.510707932926377	0.4075070363981	0.538232884336033	0.584576111224233	0.646295091160563	0.568924620922382	0.474622453139081	0.526931874431562	0.619572034064882	0.524409835204596	0.728741916389938	0.576769693064354	0.619756714622906	0.493923170954459	0.573442506952872	0.622313765364693	0.414797792202726	0.595373477860479	0.467671372073552	0.567863592775999	0.677747916137137	0.559691965024761	0.57250331849931	0.47580228152124	0.604096135187313	0.620246759381182	0.43500563256275	0.648575528750058	0.390030162671793	0.770704843257716	0.73130949058161	0.583162074692074	0.37961217622622	0.381328650516715	0.606130100359827	0.779863784601395	0.640574351756178	0.438876159849192	0.387727984738767	0.575633529123523	0.428987760930212	0.595590735814409	0.560445573603866	0.451919720151937	0.672639798682129	0.733449227254073	0.578379380926424	0.710882991580352	0.772738519491906	0.526867775406567	0.70157222789648	0.450522001131205	0.379599107272109
0.816445461882728	0.595692311588206	0.477517117471694	0.492087621003897	0.582925713365832	0.522136091093934	0.381566712126903	1	0.400067939920108	0.781312553144173	0.659422728560456	0.457932073433998	0.506934303990227	0.863180490807539	0.404944280102645	0.362870853996642	0.287801058298044	0.561767313202865	0.266778096951634	0.433224003209364	0.532774820779577	0.254874323996893	0.319735886141936	0.857074834090153	0.531514746502281	0.659322997764141	0.261874550449087	0.17094640583455	0.796879810772103	0.297921283316273	0.849469131246136	0.53877097014654	0.370807726065128	0.173796849625809	0.473746447209427	0.367358473142286	0.383944722771303	0.433755883531424	0.356062589482424	0.777008630522615	0.437366597771024	0.406148056298569	0.509843401686728	0.282805131383921	0.414497007284223	0.577779348281857	0.603463488191307	0.367134697671942	0.155872446861272	0.492167738390064	0.63881497178492	0.238439879653446	0.408549856020302	0.260032511008666	0.647875340063879	0.409390536596221	0.556575569573377	0.541314374786724	0.156484615577961	0.312488552820857	0.862664982535692	0.513387066916934	0.424933619738164	0.331819622360754	0.504252767843284	0.136825885318098	0.480655775783404	0.417736378218533	0.664759053127071	0.272080879991349	0.80026771264602	0.232307635003467	0.812860183220503	0.686951122961925	0.257605415173526	0.848698553848676	0.499815722150883	0.532225058009053	0.1650449136953	0.406473229904936	0.390265095064474	0.439164441175307	0.456638305176707	0.383505844929228	0.773895390429536
0.448405451889735	0.706321750135966	0.709835473286906	0.781712258805853	0.724673062292863	0.651964937041294	0.68449733798278	0.400067939920108	1	0.419481716285952	0.307634023385529	0.794345521763425	0.661007566552928	0.464727120739249	0.768014550671485	0.809595276505729	0.539276427545363	0.72041459550188	0.785798473569845	0.697049398572824	0.757307671349927	0.64419883518351	0.711316340673104	0.411068480072484	0.765105159032581	0.62393895065129	0.539022683990086	0.555084137003707	0.463870466713853	0.675988506805658	0.389854648999221	0.64420137293791	0.675050828243135	0.463002658452094	0.709610994574747	0.742653915116293	0.807033898401969	0.7318670566144	0.637728447274889	0.479175728458074	0.756853583742309	0.753857027396623	0.709028506271323	0.701925336636225	0.727080159235874	0.660955530485488	0.658984690360013	0.671436308176506	0.484310630895401	0.678801922585692	0.642141026529326	0.631159040460982	0.73961212131295	0.713533339237952	0.589369902091778	0.636794554131297	0.726800788839199	0.734715513507535	0.386620170983226	0.74012066097859	0.358281317325367	0.701108488735818	0.753705037854827	0.707601759678555	0.537318175308869	0.471847566776358	0.706917611657049	0.63511524969154	0.627170492472911	0.610484631273294	0.363640272386275	0.593103045198011	0.366722237076387	0.526310284222152	0.622324389715938	0.402889947483159	0.777137017136969	0.730969365048087	0.626765706841654	0.712409659929353	0.740361282461927	0.729375122813825	0.792388824112291	0.674238034184561	0.392097953209927
0.863639790451944	0.64124248273207	0.53440134203571	0.513092513096535	0.577970931334745	0.507053700865099	0.442081007035526	0.781312553144173	0.419481716285952	1	0.632115407335309	0.457805311025809	0.546094819892621	0.755989417344963	0.424041408748222	0.37640020180096	0.313116703921811	0.557440270918553	0.284459253886179	0.502241739974203	0.563321861481482	0.24693386988206	0.34918867431648	0.693620759984246	0.513396039885269	0.565237179735578	0.246124377879017	0.149970936324507	0.69374388299439	0.307901514330057	0.887311313068053	0.592007654393085	0.364411459710802	0.187883583837313	0.458551399105154	0.393150518889765	0.392159294147197	0.418139986313376	0.336583801440285	0.771324577562268	0.459180890176117	0.390400918057828	0.559557908147823	0.306038146500572	0.428182309641202	0.548652743732596	0.599651094283574	0.424511375016092	0.178027120298176	0.544999441193925	0.597184779266296	0.261444528941031	0.44709017955151	0.269275716629467	0.658668022057963	0.409032540901997	0.55210751184782	0.585602860270702	0.193855260853862	0.354052571214719	0.831501389821246	0.528406746815263	0.457337420211663	0.339408441027834	0.478729765320592	0.149345500273176	0.505487482265098	0.462192191948847	0.68503739151203	0.259251550412633	0.710859977410442	0.2554549753728	0.819347342238385	0.718164220323167	0.272375004982058	0.765141204219474	0.518713197596986	0.600220484867958	0.184504759186158	0.460892365772999	0.452435002631468	0.444839685898751	0.448171645329366	0.352425081276899	0.678573682424479
0.634323162354463	0.465819570285161	0.463342033152807	0.397227173993831	0.468537816277153	0.343743810412114	0.449019284284993	0.659422728560456	0.307634023385529	0.632115407335309	1	0.364124012049676	0.366143034665876	0.630369307582256	0.350153415613975	0.273592353732481	0.223790359800287	0.371965253068757	0.23103131326474	0.405352937241558	0.43574013625623	0.170680890931375	0.283767325374646	0.711773322318603	0.427915294868784	0.511409231386953	0.204339119929432	0.108382383511581	0.633730282584424	0.337081491630795	0.704228906273975	0.480773026039568	0.284531121363199	0.213980365006235	0.345597825863984	0.314907649491961	0.341067953678546	0.335374411038109	0.287219159308236	0.746524296124049	0.344805872952591	0.257113285401859	0.461539212809813	0.275920470756609	0.356315920450172	0.419305750516779	0.498991732655467	0.289023310160936	0.149002207187696	0.409753083174561	0.404969017317369	0.240855587352239	0.371440546235976	0.221619863948977	0.566246427723563	0.297002254970684	0.44986816904811	0.422389743136507	0.253599846568881	0.297403256200095	0.701015844595691	0.515645843988856	0.42770877386864	0.307572588266642	0.342765066995557	0.135039014133238	0.375653860076597	0.492593534033108	0.557983138445879	0.191479088084619	0.745699983764031	0.244384360629355	0.773931831570715	0.622561612967024	0.227184478513958	0.743002111627511	0.405010681705499	0.500677614762624	0.160228351706166	0.365403564767216	0.382861137102635	0.293667699727393	0.403903959497801	0.245254418292197	0.5620071459489
0.502599638594152	0.76135963789742	0.738127997592146	0.755098412404601	0.719458447540726	0.754997029440902	0.617789220822865	0.457932073433998	0.794345521763425	0.457805311025809	0.364124012049676	1	0.698340596324381	0.553747171200599	0.785785648881152	0.788904335522118	0.47137956534134	0.776450756059443	0.665840999481995	0.618598541966976	0.736992325616588	0.617624710758644	0.6004807899989	0.467575299066161	0.860011032341677	0.64363186064683	0.598232143130529	0.524137925709515	0.503835263583011	0.671762076652178	0.434658790744296	0.688847982761053	0.711637730738095	0.397369921963062	0.802579994701078	0.702539309326065	0.84185607265337	0.742776209561379	0.708286678618972	0.546280499271853	0.784657662235321	0.748443919881071	0.67274668480204	0.647339155592553	0.817628026428439	0.747879155941657	0.751587011983699	0.549654267370239	0.38461056755268	0.726848026782327	0.701721856936736	0.533475721535775	0.737873628014011	0.644486968559455	0.675419450218838	0.681442813899586	0.813376239460581	0.800066471727926	0.341254743459639	0.640069243977102	0.390881081094526	0.724982103287618	0.806872721774199	0.73496021574082	0.664035626442772	0.36557284496637	0.713840932877845	0.615277941033558	0.641480214528779	0.619601047946228	0.438606034192582	0.518421094146368	0.414937119281622	0.526081437957979	0.541577695446772	0.439475481226322	0.753776919506764	0.73611692774371	0.541156994461259	0.643424103996569	0.70896379214998	0.750454299854143	0.816744645258095	0.750029212139944	0.404386904335429
0.620326744072939	0.830990384927513	0.757266034988792	0.752356085729736	0.728650705500642	0.754594730865495	0.542617376978063	0.506934303990227	0.661007566552928	0.546094819892621	0.366143034665876	0.698340596324381	1	0.571215933763933	0.747742988668039	0.70143784823921	0.515171279185026	0.802815292852248	0.488410785004089	0.698324634398716	0.810828715030797	0.546178930126503	0.60200718253413	0.503143977838309	0.756944877337657	0.634025402968627	0.388110202761912	0.365441120407114	0.602701672431871	0.511576637019584	0.510060737854762	0.812438070288708	0.67464470363237	0.268587906112852	0.794596268776945	0.572124084909296	0.654819584879961	0.694582556103022	0.644694572810214	0.565707726279244	0.776819864011238	0.707649376116123	0.77174409368607	0.563830407249143	0.746932452719895	0.762082404341554	0.686749231139457	0.633035079586998	0.339239225384374	0.768743908636844	0.735267038967755	0.401880663094974	0.771171894082994	0.527767435356434	0.751429535156401	0.714424020406402	0.728870765012162	0.762234963559034	0.246648301390301	0.569211173089128	0.446917225871603	0.706910710165892	0.66804655445788	0.482963613054142	0.686753046414816	0.245110502190374	0.881458711654709	0.619195131369239	0.722906099108665	0.53058697965299	0.425795380969011	0.458711265861077	0.450414114304739	0.636450228608541	0.514965883969672	0.512392907308299	0.776953677974378	0.729955519379007	0.381512185877517	0.710822594807496	0.719468692915231	0.779839639918276	0.584980983897664	0.631859293122699	0.534187589856298
0.815029124994967	0.669084714314504	0.550604447556505	0.566054278886383	0.622518941667249	0.614923351319109	0.419293892438743	0.863180490807539	0.464727120739249	0.755989417344963	0.630369307582256	0.553747171200599	0.571215933763933	1	0.491472054604424	0.450051018517382	0.298001060161523	0.635770511564346	0.325471823405803	0.450861361143301	0.579814147729372	0.323981920177014	0.353510967896972	0.807248245850787	0.608882550905834	0.684225086075546	0.323117942814787	0.225640466412439	0.770004327148279	0.371383694733201	0.803333164661055	0.614151924660953	0.458199707655229	0.199374376655372	0.571547854826921	0.443324801119533	0.475410562929677	0.512227243470442	0.44041876548169	0.820665128095408	0.526845047695147	0.484104162157376	0.542071363270655	0.35004242522316	0.517976253980998	0.673930983914431	0.697087280040031	0.373205153351355	0.174912479613013	0.543610992389755	0.693495431985253	0.273269833788771	0.468422274330832	0.321784166904692	0.709970566546254	0.483160431652078	0.646728644207929	0.639521811084226	0.176696098552513	0.35680054731014	0.775031408004516	0.5685624798571	0.505932097271043	0.41055581677445	0.616062964600258	0.153570462562546	0.546710620436328	0.459135697939957	0.684195906075719	0.338791531337855	0.810013123959786	0.273113442218725	0.774961734882065	0.667178658873758	0.296219305776245	0.772530382691017	0.573260489398893	0.599818265196866	0.242258801114282	0.438980170113255	0.454989557065135	0.527196207523095	0.526129221198532	0.479526767498944	0.689849799450302
0.490123067415249	0.754424172641833	0.830663242843776	0.832231865396662	0.702462951708232	0.69468159617547	0.666242315103699	0.404944280102645	0.768014550671485	0.424041408748222	0.350153415613975	0.785785648881152	0.747742988668039	0.491472054604424	0.999999986584241	0.832227622657417	0.493062624676724	0.713353389412911	0.656737480215384	0.685085454788639	0.783615134919717	0.64354386047197	0.659832144300039	0.43004129601296	0.79485627491234	0.598314311408559	0.449868007768675	0.459559348707032	0.497079216991816	0.689997110138086	0.408552115669795	0.768153703948067	0.748143284720212	0.370020177067114	0.820437843623624	0.688067133308373	0.8106841837822	0.784534640699417	0.711603833688924	0.528215087805481	0.875132812952463	0.761018750409593	0.739869351957162	0.686174482798872	0.884522802117735	0.724126649467458	0.699667532707992	0.612022959056749	0.408211588336154	0.67613825435234	0.623253131658463	0.531318397025559	0.804174215323189	0.66003256731475	0.665673602849385	0.699466857335902	0.780634279708448	0.779911511304234	0.349635359090974	0.658709323562817	0.353954912450939	0.772038922284016	0.801216743515094	0.607871607546446	0.649150161952889	0.34412964037395	0.828481937443966	0.714627947874891	0.640703062556125	0.596836691399045	0.392595933690631	0.581101003122786	0.385526302899717	0.542575059809588	0.607151570637878	0.42073099498868	0.836365711035551	0.765115070337745	0.593425046085805	0.723473492074707	0.823951630518571	0.795414830100327	0.716559827303545	0.695927507582661	0.391071690558386
0.427703983378901	0.701655001740343	0.724349378820374	0.777565644401081	0.66363805861495	0.70490483307511	0.615755148001217	0.362870853996642	0.809595276505729	0.37640020180096	0.273592353732481	0.788904335522118	0.70143784823921	0.450051018517382	0.832227622657417	0.999999990513626	0.557667451499514	0.730222806822751	0.695199910218861	0.646747710306696	0.734149809658536	0.722328033500702	0.678998929635367	0.379144805582696	0.760672118121935	0.586409288344305	0.498832539181016	0.503240975215173	0.440330290762273	0.639869277716468	0.355274945495635	0.681480096333234	0.806821354587219	0.361190630469513	0.800852226708776	0.749635254911288	0.80401178572557	0.811037204936919	0.725531100137651	0.458479364359016	0.861625400877023	0.821023183074362	0.674238342349492	0.719671070133726	0.822864302920093	0.713509617176066	0.681779536991493	0.604906402120126	0.449224290095294	0.677175392605672	0.620225149302494	0.524857381517291	0.768282379706707	0.708809901964644	0.585746551799606	0.736262152877689	0.73230501606582	0.753770406783584	0.309981376163434	0.682954925382028	0.310073354187124	0.683632802303598	0.769095426516505	0.641707401985992	0.624728122877699	0.349274737676402	0.755510344925986	0.639144851212834	0.578533564201225	0.666733300674383	0.343337389117932	0.612371653675263	0.328877977598438	0.47899224635842	0.640256798921897	0.360662578192897	0.796080607772375	0.722627663275807	0.620818628986263	0.704879284041538	0.76665767638835	0.807006050213883	0.703797380153837	0.753433766622738	0.350458166114513
0.333378430585066	0.474389728689276	0.479351979344047	0.450823566803715	0.457911142207008	0.502420770901737	0.462269632107132	0.287801058298044	0.539276427545363	0.313116703921811	0.223790359800287	0.47137956534134	0.515171279185026	0.298001060161523	0.493062624676724	0.557667451499514	1	0.531857325207349	0.518361782193593	0.601263472115761	0.559434583924181	0.657538628930294	0.691941554875209	0.285334907492409	0.497960714042762	0.423976433303664	0.435211434164501	0.456625255309131	0.333790951521405	0.417294047960643	0.282987753907013	0.434426911806184	0.608381924203743	0.31130626843278	0.49317739697836	0.578447133718631	0.486809361821251	0.603363842046089	0.580370164086739	0.305747262745003	0.541214480561765	0.586562255566454	0.556395598952399	0.543723766980259	0.452976448816555	0.490784088702969	0.484709008798474	0.674376718421674	0.597157221450362	0.604888964540368	0.48609810503194	0.450813290462716	0.628136747733169	0.630364177963325	0.393934635934883	0.654887715731146	0.490090778240265	0.443349653474192	0.277866998351514	0.642104036160011	0.260411076294905	0.484324723777511	0.539179456804023	0.450944389737035	0.381993660468695	0.324579474834937	0.52367601353946	0.541341860342792	0.430799640818783	0.67583619012377	0.237307965370041	0.695377161802794	0.256349013702809	0.384597278682334	0.731739731199897	0.302172881235745	0.480948950987461	0.505161627072301	0.383214865853394	0.684345994992976	0.53006268801304	0.488716710706311	0.462739781287381	0.527725979068509	0.320975924889479
0.620496054642375	0.817718677402506	0.700438736502545	0.739615845975894	0.73552573847102	0.848475202731764	0.522571466693507	0.561767313202865	0.72041459550188	0.557440270918553	0.371965253068757	0.776450756059443	0.802815292852248	0.635770511564346	0.713353389412911	0.730222806822751	0.531857325207349	1	0.556057122792505	0.633656485058678	0.780766331262268	0.596256085293007	0.602328420433545	0.53893619799439	0.808182016093387	0.692809869386551	0.495064972681388	0.452619412591062	0.60048589963927	0.527717514453308	0.527510063347165	0.720673912308381	0.71434382962562	0.328655531325557	0.818761715584809	0.649891866662084	0.699053016173252	0.74971807430626	0.679760156163306	0.58466610902971	0.768964211746844	0.776504398345296	0.705052471811369	0.578762425868255	0.722370172186712	0.836626838028515	0.769692019661239	0.604520203541169	0.370368760936053	0.752990073222648	0.85079941364013	0.46470224096652	0.720633914780694	0.581367428874218	0.716829446956407	0.73934295955088	0.794595355970931	0.793208657974272	0.256635762130659	0.602355194080762	0.485875934271052	0.673482803726198	0.6840162764302	0.593837292944212	0.724403820196243	0.30917797759591	0.774374923606635	0.571302405646371	0.694020448572512	0.603430581059362	0.487798804536531	0.484477666036917	0.478208758181973	0.594213504445243	0.53002904992453	0.523688495893796	0.757297908330955	0.717159262818583	0.424747315679455	0.660803189458443	0.650399124470701	0.792885250351766	0.672729505923544	0.736588960798088	0.535902050098046
0.300672359941377	0.537048928574167	0.592773663908602	0.630900664018071	0.556715077758753	0.518607382438415	0.656701243801629	0.266778096951634	0.785798473569845	0.284459253886179	0.23103131326474	0.665840999481995	0.488410785004089	0.325471823405803	0.656737480215384	0.695199910218861	0.518361782193593	0.556057122792505	1	0.593092723480141	0.606378494648974	0.654764124766764	0.689929030593646	0.277918611696743	0.623317494101624	0.471488078750888	0.55838384249161	0.609152580445384	0.306270288372652	0.708080988870596	0.258959135284572	0.492428790347719	0.607069288178348	0.549077646782517	0.566963497782076	0.723107999816375	0.724079496741966	0.654338919328371	0.586981232353004	0.359634568894848	0.635498560051252	0.651147014078516	0.574050658172357	0.702623347256909	0.601828749462713	0.519284682568305	0.552136705998318	0.609854849699994	0.569759812833371	0.533856132803652	0.480629841610075	0.740518847015773	0.629585285862219	0.773292946607147	0.428016097284936	0.55112479097755	0.613190733813839	0.580686918482867	0.45403274180616	0.76345541473171	0.238421504152651	0.586937736301489	0.678147720295674	0.728099250492094	0.413759250625189	0.570383281881905	0.553734025544861	0.594212899153194	0.463709313654044	0.61168282995153	0.268674748038604	0.674486838337065	0.258473195206866	0.376743321759356	0.658431112299285	0.2695216660486	0.615659991464112	0.602754914100661	0.74121687131066	0.628742631724162	0.638255518770696	0.592247185979653	0.743690389762447	0.606073314903502	0.233756676930569
0.524476642043441	0.706951436074048	0.749324985081383	0.707703575672906	0.737704728165527	0.541174743929498	0.749976432836489	0.433224003209364	0.697049398572824	0.502241739974203	0.405352937241558	0.618598541966976	0.698324634398716	0.450861361143301	0.685085454788639	0.646747710306696	0.601263472115761	0.633656485058678	0.593092723480141	1	0.823244120960832	0.522113892570826	0.700553426147222	0.456599677006802	0.684153019930131	0.600635758050339	0.373901186482519	0.364587145439467	0.538194068836581	0.552447922409905	0.463176620615542	0.696303130689929	0.570150350002631	0.360903293461998	0.604202298896119	0.574861918775169	0.622445299791216	0.618712651981532	0.536903632846068	0.520034625180904	0.671389983395834	0.597060153713754	0.876032588673164	0.595389203058901	0.62809679824991	0.567661188107327	0.58677840719538	0.789580047275479	0.445430550402822	0.727245724189924	0.576374104921946	0.522153722731108	0.791523425116086	0.572586943216053	0.63762650078838	0.583847433251711	0.626882909176762	0.642580535934156	0.359715475482681	0.690321444151183	0.421709800891509	0.76612440641901	0.695113474835294	0.512193109243056	0.439156764363531	0.349325038781182	0.730220426052196	0.757958379586556	0.722919139354065	0.495589016522034	0.368409290961094	0.576717143217158	0.43086566010113	0.674081222788133	0.606050369502004	0.497425623587686	0.719366833724801	0.750544304057017	0.452438570603334	0.86377394889852	0.795997319061544	0.607175494652581	0.627722444396805	0.491467236257482	0.489716607199178
0.615250336893159	0.845307683422958	0.822707851600343	0.829886839538945	0.840744451357876	0.686212198718684	0.698579213886225	0.532774820779577	0.757307671349927	0.563321861481482	0.43574013625623	0.736992325616588	0.810828715030797	0.579814147729372	0.783615134919717	0.734149809658536	0.559434583924181	0.780766331262268	0.606378494648974	0.823244120960832	1	0.572664092270228	0.670337292741196	0.547215142305931	0.826145761088775	0.709278448152224	0.419785691192107	0.393882152209422	0.628303001135593	0.58608607192193	0.535460096135937	0.796610577569408	0.664568160213285	0.345621019038138	0.752582656390436	0.628669462429559	0.702904386944095	0.729601894266041	0.622796622349031	0.611065463269345	0.790802569669522	0.714390735624067	0.897128114747791	0.607924382373904	0.742519617177224	0.720235388774068	0.72507538844339	0.720947493070039	0.404804342501902	0.766437283881026	0.71817580539814	0.509145689580402	0.820558025046098	0.590797138226291	0.74584883567385	0.675894895103514	0.769710918286925	0.778560898425104	0.325011791107186	0.661807664429383	0.48929260780445	0.831712733452179	0.750213930213813	0.563739782897915	0.594897970111452	0.325376583779464	0.850191140366712	0.735457942643979	0.800374749156615	0.545837295342209	0.466304971074238	0.553851114663191	0.496621235180631	0.705729901139992	0.593481299810738	0.56102469924452	0.842996385525253	0.818314019313791	0.48152163443602	0.818008624349244	0.806356420468352	0.739288214908501	0.708710746996649	0.616825353576641	0.553864288661629
0.296350899703122	0.517444029926267	0.540688920184044	0.556775616118132	0.476988377612401	0.626209072282257	0.472613679698509	0.254874323996893	0.64419883518351	0.24693386988206	0.170680890931375	0.617624710758644	0.546178930126503	0.323981920177014	0.64354386047197	0.722328033500702	0.657538628930294	0.596256085293007	0.654764124766764	0.522113892570826	0.572664092270228	1	0.681031240009344	0.258833373607894	0.595167450766257	0.439825867258699	0.530215140758854	0.589565153068135	0.299515545191916	0.5780961466638	0.230008993657445	0.483844064623494	0.772451197967138	0.369733157980707	0.642160395554027	0.697332693210471	0.649947317576141	0.753948127209113	0.743896152198176	0.313625007598003	0.678664534427182	0.755620104993357	0.526073742202055	0.65886785163186	0.612530579480353	0.600878590201185	0.580175144088487	0.569691779181004	0.576206628232208	0.563857098129387	0.522390399424482	0.519487325037354	0.65029706352997	0.769527562514839	0.416172411866029	0.747260954896247	0.607657561407912	0.547677934327832	0.310999314430229	0.659699736942835	0.196656672856961	0.519780234011818	0.628448151682539	0.583008718690907	0.535832864958639	0.376107603580851	0.588357326484364	0.54037701694764	0.404427560289005	0.803270911353361	0.246199797370435	0.715199347190928	0.212367027224318	0.314780664783347	0.740306289831075	0.236410049939927	0.570534841017559	0.537522512756433	0.579061416352112	0.627022697572148	0.582141946438523	0.646114251802588	0.580251308893935	0.738180541335401	0.232689752737968
0.388704814526043	0.578599805657427	0.632609520220983	0.624654802771505	0.566102749495186	0.566300727259774	0.606659361452704	0.319735886141936	0.711316340673104	0.34918867431648	0.283767325374646	0.6004807899989	0.60200718253413	0.353510967896972	0.659832144300039	0.678998929635367	0.691941554875209	0.602328420433545	0.689929030593646	0.700553426147222	0.670337292741196	0.681031240009344	0.999999986584241	0.334189557697783	0.609816929931945	0.493401704744513	0.465800698298582	0.572996841344931	0.392721439171628	0.618897116957758	0.326286515832891	0.566102409398263	0.664240167667484	0.491880819499912	0.600068906000036	0.710991320891082	0.678744934778395	0.701686219193271	0.666106513085557	0.395874635733304	0.662472475764281	0.680585538801352	0.678767938783178	0.741304374675121	0.597155760758987	0.582048132433652	0.55961561416751	0.777558483404533	0.669036555961747	0.631747148260335	0.535225555326617	0.636677716958234	0.737474302692071	0.777707527436441	0.497500930023763	0.668596556992264	0.612623991249886	0.564076740975992	0.423914457745708	0.84299095446718	0.293126772348909	0.611912637158888	0.657725644062856	0.572311460844767	0.452396814806343	0.532956374651129	0.654761022713227	0.665260898021671	0.517478051596018	0.657552039701217	0.291874377223271	0.729019514949852	0.306473663648367	0.459715965488019	0.766312301987418	0.349236669610746	0.63797520488449	0.635395675770019	0.544117010287544	0.759828376765253	0.667673013722166	0.621021621019912	0.604058808430217	0.592150838481619	0.341169239061586
0.749021391646159	0.584856879646652	0.499141924467003	0.510892660189759	0.619195381483857	0.491732400925325	0.425595526817407	0.857074834090153	0.411068480072484	0.693620759984246	0.711773322318603	0.467575299066161	0.503143977838309	0.807248245850787	0.43004129601296	0.379144805582696	0.285334907492409	0.53893619799439	0.277918611696743	0.456599677006802	0.547215142305931	0.258833373607894	0.334189557697783	0.999999986584241	0.553502455427234	0.723224504685436	0.249576114700887	0.165175048475532	0.865628307969295	0.332518931495632	0.775652490512933	0.555319341844317	0.377226003412537	0.178432341687749	0.482559937265973	0.357924189642505	0.407441993721603	0.439285997743729	0.364653971908657	0.782025101867429	0.443388333132488	0.401243680118909	0.536110379701265	0.304577948724145	0.441005019899829	0.565315696113429	0.588452043552216	0.364018933369106	0.156080260594315	0.49136008613746	0.604209834633382	0.244966564986551	0.432862211333083	0.26740235751491	0.671813403586986	0.400522805785702	0.547684430477343	0.526975428555954	0.170425740292821	0.322469849614046	0.784772604671692	0.566777094757143	0.450963562411907	0.338590638717661	0.47689475992808	0.133135534636784	0.495058651910161	0.462937682032311	0.692531333848663	0.268016535080302	0.770149208235522	0.244280145877802	0.767653207278291	0.725964863580848	0.268399119099952	0.88771195090948	0.521422266013431	0.542088222991469	0.182190958165556	0.422417844645221	0.421452191693188	0.436752985078153	0.472881782750254	0.372745079887217	0.789587297570918
0.574062255569051	0.815250068534971	0.774995463693077	0.795324014885066	0.806626671338989	0.754713961565385	0.639671031624968	0.531514746502281	0.765105159032581	0.513396039885269	0.427915294868784	0.860011032341677	0.756944877337657	0.608882550905834	0.79485627491234	0.760672118121935	0.497960714042762	0.808182016093387	0.623317494101624	0.684153019930131	0.826145761088775	0.595167450766257	0.609816929931945	0.553502455427234	0.999999990513626	0.732592832300109	0.530091128309332	0.457538246204459	0.604764780144524	0.641131358496661	0.500293180080428	0.748769138098869	0.700834944898555	0.363631546741375	0.815782638375379	0.646544005193163	0.769535335084929	0.751423520290638	0.687532009326701	0.606496991334693	0.794723945269201	0.739731908202986	0.751573250805881	0.625597378305558	0.80107636949864	0.77088489406045	0.776636667224833	0.592422327607645	0.367262352683343	0.754166513283221	0.745848936473357	0.50694994372414	0.777058050806984	0.604503458109122	0.747331340758541	0.69135096001769	0.829665261859128	0.795621159085177	0.320160875768622	0.62792333564898	0.457572609362006	0.800878136018742	0.786534842555271	0.647046340639327	0.659387639597899	0.323096932189351	0.780531872994985	0.669234158550567	0.735065049716569	0.584836657948881	0.485355037214983	0.515665173166378	0.47387202934117	0.623570578020665	0.546061499805397	0.528560396189954	0.802972344757246	0.766596140133932	0.490073244856042	0.697298999504346	0.738665031526553	0.76498665459426	0.785054226205149	0.70139814307062	0.505170989298753
0.624428762236549	0.697255368872704	0.612748387361918	0.679520061756072	0.81710803793949	0.603117852780442	0.554490308594237	0.659322997764141	0.62393895065129	0.565237179735578	0.511409231386953	0.64363186064683	0.634025402968627	0.684225086075546	0.598314311408559	0.586409288344305	0.423976433303664	0.692809869386551	0.471488078750888	0.600635758050339	0.709278448152224	0.439825867258699	0.493401704744513	0.723224504685436	0.732592832300109	1	0.374226279924769	0.314368797577054	0.768880037997079	0.467834452716099	0.589055949999329	0.638051078647638	0.534116060396059	0.265449164245453	0.641393100533768	0.494751262676146	0.584482104224763	0.594943282389225	0.498190432692959	0.653325972355591	0.602835176131702	0.589499774316568	0.672731785038179	0.460157712387174	0.601366214833395	0.666237512582873	0.663130722052433	0.511913800414904	0.280793900266008	0.621230812557525	0.715305351281279	0.387373550645924	0.596190863684129	0.440254035528946	0.71548329793636	0.533268330296299	0.654714046654102	0.650353345285706	0.224773624486912	0.481273643629849	0.581330392157637	0.704006259874359	0.597039412252429	0.493891230738678	0.537214779654761	0.240828721494519	0.644111539687852	0.559362061777915	0.779437649780724	0.426432158748846	0.567259582550381	0.383355671502868	0.560902357444033	0.720182492153574	0.422606239185979	0.675454472678044	0.69184191468362	0.649733231867725	0.353643913009178	0.575859302032532	0.583062274367146	0.609459266892307	0.635162190729391	0.532402678180319	0.692658148672234
