1	0.93414416894429	0.931457035528726	0.932706454588351	0.930738450564667	0.935621478887337	0.930539745016934	0.926484652647878	0.931894003314581	0.943068069310088	0.935231937098223	0.929239460960025	0.932902092272636	0.938661983959669	0.931647100576508	0.93299104659258	0.929289958194254	0.940397765731778	0.931247070650063	0.931723903504489	0.931617458261944	0.935284340095235	0.935636745584555	0.93625957327943	0.931391903813099	0.930310316624837	0.931243660570063	0.93253905217015	0.932663028223131	0.929297358103907	0.938109708927068	0.922378131473645	0.925141604866193	0.931283507680868	0.933407396668264	0.93154402472099	0.931541716686858	0.932837751583385	0.93306421741552	0.930881397179477	0.92986416806794	0.941840419128241	0.933656228949907	0.868008006682761	0.931608803356951	0.939458333143983	0.93528628544727	0.933348889061272	0.938490343526375	0.931958688406291	0.936585946335827	0.93330506674424	0.868008006682761	0.932622507588777	0.933980459333768	0.935089963999044	0.935767193672902	0.930529284340104	0.941789385887858	0.930480450803128	0.929778924682432	0.932409287905032	0.936385240800226	0.939099643077604	0.932846986061593	0.936615972163294	0.933921614430147	0.931631110973879	0.931784514563012	0.935523554686855	0.933772904310924	0.934138120736986	0.933402924581721	0.936733866414885	0.933388892542131	0.930759293328	0.936911729922864	0.938089312905247	0.93234081804978	0.93943943865038	0.927123212155025	0.931497244638952	0.932115607606627	0.944595571763076	0.934104863500426
0.93414416894429	1	0.936253961028025	0.947695961081793	0.942132729303346	0.934708436647212	0.938292825465112	0.929294159219359	0.945189122097013	0.934341951706983	0.938647194967363	0.944430023409356	0.938258684970897	0.934277922289265	0.933733407481305	0.932017696657182	0.925944334909931	0.932644214359163	0.949474196536181	0.937578886035883	0.936811693557544	0.93125531888021	0.935189807847409	0.928332704935363	0.936801114658001	0.945816871994668	0.94734302168542	0.943214233843244	0.947704531745942	0.939743472606429	0.943825795651309	0.933248327081204	0.942895773451957	0.946947234565388	0.937707337325105	0.950149942774258	0.935723491311029	0.932324707457562	0.942995278570274	0.935195781549151	0.937847042734643	0.937765365931948	0.936277102528424	0.864053339379527	0.94666375292817	0.938720162499758	0.936459348004831	0.943583221947684	0.931415424174466	0.947082813539296	0.934029312317546	0.940923578362068	0.864053339379527	0.93911339263663	0.939823422777211	0.943625340607023	0.945743717485133	0.945151046691704	0.944780475721164	0.943377776958494	0.947159746530787	0.946208606969328	0.943312090969146	0.944154819773861	0.939912215199347	0.935762496915129	0.935511800513157	0.946517425435375	0.940138226984312	0.935375785767813	0.93773129002584	0.939791959365854	0.938395036163171	0.93977141720282	0.945973222118273	0.939415943199218	0.947297171320515	0.939471547433544	0.950145011354642	0.937372408962567	0.943120691868171	0.934449789753458	0.940062449166318	0.931159476964529	0.953130657231178
0.931457035528726	0.936253961028025	1	0.936667674765709	0.930960152140234	0.927923033656917	0.933000028442033	0.929314695741956	0.93484206462049	0.929874268581136	0.937304925126673	0.938077940776713	0.938078851623805	0.930400783433175	0.932232104200468	0.927928293126217	0.922834384759251	0.927753864061495	0.935713133663429	0.926691709196446	0.936179170246448	0.926536723350229	0.928528905346637	0.926343845738413	0.930961497253716	0.935834452108701	0.934187843553098	0.934961967827692	0.935157248040764	0.929903569336816	0.938872479904282	0.928148128683365	0.927491667258431	0.929712684429908	0.93686608442423	0.936563686789465	0.92887647998971	0.926430783606743	0.935937775535942	0.930798368061311	0.931824153363133	0.933048747640842	0.931532629118	0.8663423192419	0.938692663034353	0.930770915408003	0.930274015926385	0.93612165240239	0.926085961514049	0.932294970223141	0.929885628778068	0.934142260069735	0.8663423192419	0.943319057167705	0.936001820206009	0.944464688921491	0.940917343041584	0.934694439190684	0.938653812740035	0.941323166852914	0.938113418634507	0.936557642772182	0.941425736448905	0.938647266868109	0.935169438730137	0.931910818814618	0.932740709521006	0.934702691856938	0.942302522027451	0.934557771563259	0.931401409685509	0.933256508141257	0.933119606958143	0.935641246029428	0.937090921751567	0.934106238074507	0.94158594762008	0.935270588476452	0.941025173295109	0.931836545843067	0.935717672372566	0.929959558914755	0.937834476995453	0.927923660431026	0.937638139682751
0.932706454588351	0.947695961081793	0.936667674765709	1	0.93649704113365	0.934942504689212	0.9360626042304	0.929312149012756	0.940864908507385	0.933720576776299	0.937995841802464	0.943532628836843	0.941038217777905	0.93327455807465	0.934185608183079	0.930998456092647	0.92650591048851	0.933835074708794	0.955311761155799	0.934571622726251	0.937537950504052	0.930137695799647	0.93305824475283	0.927934458338185	0.936215532132392	0.951501450310198	0.946669401310538	0.943504452437259	0.942494462867115	0.939927820801855	0.947456490742901	0.928974374050644	0.937037681654862	0.941400894198339	0.939057271480101	0.940239694867202	0.936093158438669	0.930060082222734	0.94724855622408	0.937242604776895	0.935492560651162	0.939047359926838	0.937399167844989	0.864609402051397	0.944243044453479	0.937893960772508	0.935375389508264	0.941624085356028	0.930418778326639	0.942965114477754	0.934176956259079	0.941320142682472	0.864609402051397	0.935567848829223	0.938193547233922	0.941910570878486	0.947944571723449	0.938519051345383	0.945792620711388	0.94348572227748	0.938935613612881	0.944472208515479	0.944914788919264	0.947476330427126	0.943178400922157	0.936910175162816	0.934531074390187	0.941019376192817	0.940093612442955	0.938227131966403	0.93983002323194	0.941455587980429	0.943129151087289	0.943430717641207	0.946660011840817	0.940444615700297	0.948299720285275	0.941837759533249	0.94628861900733	0.936340109705797	0.936990739104116	0.93398255623127	0.941239494697748	0.931757799254484	0.954230906946954
0.930738450564667	0.942132729303346	0.930960152140234	0.93649704113365	1	0.937044270727926	0.929233670551502	0.926684245893814	0.932854521263	0.934837991571037	0.93021339081838	0.937424953060302	0.932299058493112	0.938837767453245	0.932878712741	0.92496373581772	0.923505777846967	0.936496114807536	0.938023144599759	0.935387672383084	0.93321436698528	0.936629474241429	0.937644932387192	0.931137487896153	0.933885127948516	0.938847655340837	0.948108918946821	0.949006494003247	0.938150879382682	0.944237948161189	0.935900757389717	0.923025307476881	0.934028004264589	0.938907348194459	0.936197666430623	0.935706387799338	0.932955664107333	0.926077326567708	0.935846293741593	0.931324357303029	0.929451220058033	0.937925521594732	0.934592835245457	0.866299439998395	0.933980129785354	0.939469177763816	0.937744661396874	0.933742395751435	0.935886166792186	0.9488477350594	0.934419683422668	0.92969929174749	0.866299439998395	0.934454735461837	0.93240444057719	0.937667003458456	0.939025886948058	0.936412180607926	0.937310619395065	0.935178083574499	0.933264502157899	0.9379517805978	0.934731352956717	0.938524967031589	0.938847146553821	0.929889238452657	0.9284274545661	0.940331634274209	0.935348020882734	0.934385433940027	0.930069368967472	0.937119586212931	0.933455122758552	0.932714872993918	0.94075227135235	0.935614490991727	0.940035257635872	0.93551792845019	0.936136448584506	0.93786113464831	0.932578794799987	0.940365930668205	0.930022275769038	0.928285633104118	0.935337684315142
0.935621478887337	0.934708436647212	0.927923033656917	0.934942504689212	0.937044270727926	1	0.927840475960549	0.926283114057159	0.92897329066312	0.94705738661456	0.930690085362277	0.933572772269508	0.931116238146418	0.949911948424936	0.930704149670605	0.92841597770229	0.926286699005305	0.943978897991773	0.932217655248651	0.934742901020079	0.931091263614716	0.944868797684439	0.943325641124144	0.940727040067947	0.933485182860458	0.932276759368487	0.937288710864128	0.93780832199192	0.93381543240225	0.934519533754905	0.934626334517035	0.919586962521366	0.929872401468516	0.932186896792821	0.934846321966334	0.93221533376445	0.934626638466201	0.927782848493596	0.927914542293685	0.931812281278311	0.928648185212361	0.944966361200394	0.936420669905046	0.8669289425639	0.929066307976167	0.953597711812333	0.939581331909284	0.929463688754033	0.943982892807819	0.936314428278119	0.940352444862411	0.929371794233648	0.8669289425639	0.928831275023287	0.932588095340293	0.934557578006562	0.934562789541045	0.930535335794361	0.939171281463493	0.929069840422421	0.928295993926341	0.933226423978213	0.932160177587476	0.937919074819832	0.932405678641669	0.93237610775883	0.931495841098024	0.932175692737143	0.929490281024795	0.934909181227191	0.931669216936972	0.933743683206955	0.933243166768967	0.935430654477877	0.935524749994463	0.932640770800134	0.93405161194129	0.937934177383275	0.930895065292768	0.942673980722917	0.926053363779894	0.942034573022548	0.927720296472556	0.936631692249128	0.933233867272847
0.930539745016934	0.938292825465112	0.933000028442033	0.9360626042304	0.929233670551502	0.927840475960549	1	0.93411753162495	0.943518147087768	0.931174373001535	0.935192154045111	0.931134760976491	0.940817798468813	0.929164396307778	0.92297533309041	0.936067574615007	0.922301186119579	0.926574517283087	0.936177044491727	0.934690316214053	0.947984370803223	0.923903667511078	0.926705483832302	0.925619793391057	0.938013732127492	0.933636344326855	0.93416989491104	0.934006907599703	0.938637988117898	0.931612774095265	0.936183401317921	0.944511120280943	0.92807003614276	0.933219471743096	0.926064624369444	0.947093732145107	0.926789856086281	0.931338497770053	0.93509205159437	0.924062993973215	0.941147994075968	0.931755777164435	0.938128550135163	0.865290911706239	0.943581679337442	0.929507758968754	0.927174361379501	0.94634234974415	0.925856627236417	0.934715856863991	0.92828634290621	0.945018522199925	0.865290911706239	0.938208437355307	0.945059921947733	0.940626190335903	0.942372849925308	0.933959813679418	0.934297453840946	0.94064156238507	0.942802317747299	0.936978380438027	0.944426523635148	0.934245804234845	0.930870100199434	0.932251593824406	0.934961173512536	0.930995310546038	0.941007084965268	0.925812850087801	0.936513566291965	0.927072292937433	0.929612891934991	0.934000133841827	0.930195778725521	0.929413690322232	0.941546337893473	0.929655512579294	0.945838621425018	0.931489566232873	0.944967629701349	0.925469244733853	0.946286049838387	0.927151641554005	0.943560751322874
0.926484652647878	0.929294159219359	0.929314695741956	0.929312149012756	0.926684245893814	0.926283114057159	0.93411753162495	1	0.929910207621161	0.926707828543223	0.928819423965166	0.927791574112402	0.934431909965061	0.92681927462504	0.922183157068407	0.927183964640463	0.922330719871066	0.924248269695597	0.928631255769924	0.925425008386949	0.937993667520032	0.921255129651261	0.924354581322331	0.922185174766267	0.934828860324733	0.928683730623668	0.927107655445526	0.927783141074974	0.929493074634564	0.925965843109127	0.932067307235451	0.930988029985733	0.924155954845231	0.925923130534959	0.924297206642328	0.934099174273056	0.923602984217709	0.926538378785397	0.92961925449685	0.921842873471074	0.951622911441329	0.926391554038506	0.933473896939994	0.866451621043609	0.933688282360337	0.926559818315678	0.924332540130903	0.932775656832647	0.922414545640092	0.925699473507713	0.925378987480244	0.932226080033694	0.866451621043609	0.931957903038235	0.9341747801008	0.934158737659527	0.933779602211258	0.927889025024959	0.928544628085085	0.931063624965659	0.931846529296344	0.929957098131943	0.932886923342958	0.928947579347713	0.928008079875657	0.927503627533317	0.928709214519457	0.924600370148594	0.931727343157861	0.922939018882822	0.93177791190682	0.924738193090601	0.927959007839236	0.929525108496644	0.926954378874155	0.924716800893323	0.933920519570463	0.926829681793565	0.934583642556429	0.926330081747563	0.931548143415963	0.924278894360174	0.934187281373635	0.923848082689882	0.930392148237921
0.931894003314581	0.945189122097013	0.93484206462049	0.940864908507385	0.932854521263	0.92897329066312	0.943518147087768	0.929910207621161	1	0.930538506453164	0.93721481611656	0.935655890991176	0.938940247253806	0.929884766312608	0.925295568880844	0.93480400093055	0.922757963288065	0.928671698773761	0.942361253680316	0.931132193303696	0.939260838114962	0.926537934691361	0.931666507536949	0.927389165081827	0.933975198148863	0.938482939974457	0.938191101629525	0.933767518945312	0.941259667183497	0.930564216179093	0.940947805364164	0.938853605304541	0.932883451530642	0.938116783519474	0.930402209372235	0.951327096341418	0.928011449295019	0.930329511509113	0.939389760681824	0.926562534821587	0.937253692228416	0.934667452487867	0.93638558463923	0.863864749609393	0.946733652578515	0.932460432704619	0.931658737242552	0.943664010054632	0.927406796707539	0.936627722215224	0.931693079686599	0.943911578716327	0.863864749609393	0.938821312701301	0.940708739111231	0.941413521323487	0.944532752727551	0.940184550735643	0.937303883214422	0.941399126551073	0.944730635528252	0.942900399021086	0.943660417537721	0.935876821282523	0.934392322285474	0.933318817045419	0.935530391756082	0.937651279243025	0.940473771665507	0.928406779438083	0.936593545100106	0.931641715837964	0.932500770946127	0.93657268240557	0.935605450533118	0.932441030717383	0.943223670034209	0.932297709362527	0.949598355267163	0.934795119597396	0.942845471985833	0.929317237450809	0.943032398530129	0.928443542972532	0.946811930851239
0.943068069310088	0.934341951706983	0.929874268581136	0.933720576776299	0.934837991571037	0.94705738661456	0.931174373001535	0.926707828543223	0.930538506453164	1	0.934450472344535	0.931001078654628	0.932431980981447	0.947839092760905	0.931572993600559	0.935277603814204	0.932438063646515	0.947417730524868	0.932325356810786	0.938330515506544	0.93273996135969	0.941208736163899	0.941182628134069	0.941126198286732	0.936413772506414	0.932271242658543	0.933869338718195	0.936795053663027	0.934240470182683	0.934235050210523	0.937281184062184	0.920151103757527	0.92591212184933	0.932117686490191	0.934646255697788	0.931890926016687	0.934305039079083	0.934154247264589	0.93078061581155	0.932441051309617	0.930686618549786	0.946274037254276	0.938295878108423	0.870427288424882	0.930540721820183	0.946162031150515	0.937107894277881	0.933038527308653	0.946316542764582	0.936587683216731	0.942543707408228	0.932005449088347	0.870427288424882	0.931551697963884	0.935290207598041	0.935021608924434	0.935592151865547	0.931491381189865	0.941731444826837	0.930121204851783	0.929229249872889	0.933075162096489	0.935893553073453	0.940533976166284	0.932820091449804	0.936776938317191	0.937378801522961	0.933449299911263	0.930706937653372	0.937167005818862	0.934836235811749	0.933386863338252	0.934674606149666	0.938447013664154	0.935448764243974	0.932789137344974	0.936771006544174	0.940806034157852	0.932168995838864	0.943674630144113	0.927004655760874	0.93915234959473	0.930991905636863	0.941533146323759	0.933089786581931
0.935231937098223	0.938647194967363	0.937304925126673	0.937995841802464	0.93021339081838	0.930690085362277	0.935192154045111	0.928819423965166	0.93721481611656	0.934450472344535	1	0.934002880263672	0.937836195473883	0.931767347255175	0.929227449547584	0.934816981427357	0.92565221138394	0.931592758674501	0.93643823011742	0.93099280665561	0.933498413419067	0.929044640614839	0.930762821975005	0.927838951733649	0.934297515377371	0.936250529979535	0.934536296291496	0.933873767442328	0.935589115537593	0.930311181060995	0.941324939800707	0.928544852913411	0.930802943698901	0.932716340813364	0.934871290205635	0.93613815929404	0.930873116183435	0.929325957726084	0.934896259858984	0.930000212790603	0.932772300321351	0.935070580873296	0.935894247189281	0.864598645626188	0.937925983769316	0.935296206873195	0.931079192087526	0.936941990929987	0.929946712944996	0.933262659002592	0.931926493944012	0.937331582971827	0.864598645626188	0.936285448937153	0.937062252891828	0.937700344809448	0.939031475865259	0.934899601666915	0.93901027810676	0.936515648129717	0.934522590177319	0.934196957570447	0.939067433606228	0.937921069936577	0.933494388440223	0.933749835238334	0.937465969348002	0.932910037768077	0.937298533249735	0.93361158383272	0.935633360056491	0.93500844810773	0.934279185761916	0.936832275379808	0.935322852964728	0.933288742372322	0.939441188184383	0.938321299442861	0.939729215477029	0.934440729902254	0.933523436199782	0.930257413949986	0.934806303026747	0.931316278498142	0.937395377121671
0.929239460960025	0.944430023409356	0.938077940776713	0.943532628836843	0.937424953060302	0.933572772269508	0.931134760976491	0.927791574112402	0.935655890991176	0.931001078654628	0.934002880263672	1	0.93459732461316	0.933315579910882	0.935296462657981	0.923238624315804	0.922560558858093	0.929902110727292	0.944723023800514	0.933595782693754	0.935091458062436	0.928804705818979	0.929729280394912	0.926231204075126	0.934657217664358	0.944598924920659	0.94566396049944	0.941832506657802	0.940070762234138	0.942640197664915	0.939790643804149	0.926168817373034	0.933807663264383	0.937606662637669	0.943665311001104	0.939420436475955	0.939403082172779	0.926534658825187	0.939262991464048	0.938290240051127	0.930295847616681	0.93185033056367	0.933643787396382	0.870098536957047	0.936615760522395	0.934751148220775	0.935208347505229	0.933941412945091	0.928404742090497	0.941521708735519	0.930778779496402	0.931139711142554	0.870098536957047	0.932744789941569	0.933504219734857	0.939676326699215	0.94043082137095	0.937200374272921	0.938056925328836	0.939454947223588	0.936037585270541	0.946685120722526	0.936776588144949	0.939749678293463	0.938694253799111	0.930732598763694	0.929849652219079	0.945641474329749	0.934436675045983	0.938915732217355	0.931093027716261	0.937665093961803	0.936794578930277	0.938136580340287	0.94255107448571	0.942669100634363	0.944022913544782	0.939501991412619	0.942491334354098	0.934227788967674	0.936244038065682	0.936179273999376	0.93370034830717	0.928632653148861	0.943083970194185
0.932902092272636	0.938258684970897	0.938078851623805	0.941038217777905	0.932299058493112	0.931116238146418	0.940817798468813	0.934431909965061	0.938940247253806	0.932431980981447	0.937836195473883	0.93459732461316	1	0.930729850066314	0.929891916217388	0.934487663920873	0.928706165677104	0.929189932118922	0.938823313264782	0.931962588979236	0.941578127075881	0.926213952246757	0.930305147456014	0.926026058321536	0.935710067783016	0.936471074190752	0.934794638975235	0.933528245641102	0.938674693844498	0.931149350807174	0.942617114760563	0.932949663680143	0.929002780406021	0.932826059926762	0.934078913019453	0.941167473060708	0.931026596657383	0.931095746090523	0.939303959121913	0.929678585746636	0.939188175674902	0.935736100152793	0.936218249753851	0.866709569547339	0.943315739277107	0.934059901118695	0.930996839421932	0.941083353816247	0.927318685660835	0.933490384181157	0.931866018361878	0.942248878624234	0.866709569547339	0.940382490509371	0.939075834370417	0.941690413235196	0.944281057444142	0.934102683118891	0.93916670664154	0.939069452552094	0.937335028059572	0.938440810659672	0.944639539682463	0.942216648893951	0.93520868706503	0.936751752298351	0.93552710417464	0.934654844906577	0.940468687977797	0.931764281177039	0.938401132127345	0.93271134431773	0.934670406516962	0.942538585479522	0.936510388338357	0.935391789032501	0.94418629821316	0.937016614512961	0.945947164970239	0.933249737317426	0.940460608492894	0.927999183195228	0.941559804149432	0.931229428030056	0.942938129776885
0.938661983959669	0.934277922289265	0.930400783433175	0.93327455807465	0.938837767453245	0.949911948424936	0.929164396307778	0.92681927462504	0.929884766312608	0.947839092760905	0.931767347255175	0.933315579910882	0.930729850066314	1	0.934376728845692	0.929183215971929	0.927455700300584	0.947628757572608	0.931180288533233	0.934365522579735	0.93199247084325	0.945856073811604	0.945730365321194	0.947032988521475	0.93405045447912	0.932332333178719	0.937999225440781	0.940595697299449	0.933578202319089	0.937072474025005	0.936120154959786	0.91991152407786	0.928348989161814	0.932826300181195	0.935832649100391	0.932379832615082	0.934649490758102	0.929053837798054	0.930973697256503	0.93302553993123	0.92720491273948	0.94976201924683	0.939311914825701	0.86694147759079	0.928717629088087	0.948949706958089	0.945464810533205	0.92946458441409	0.951061161748547	0.936783453092303	0.943823820466828	0.928413401581268	0.86694147759079	0.93208588143458	0.933728830597119	0.934577382560576	0.936770057745567	0.932350351555836	0.937628743429983	0.930747303284371	0.929182449622211	0.934067962238298	0.932099026915787	0.938179054360038	0.936388646449778	0.932133522683437	0.931502118238612	0.93555683042939	0.932000107214129	0.935620812709558	0.933344712495456	0.933354972565738	0.933772381770826	0.935530616819238	0.936361586091229	0.934596550925434	0.936803574431848	0.936765938651531	0.931754906945536	0.949424450180348	0.927504663570057	0.94360449388641	0.928564970039007	0.935410775353886	0.931360551396251
0.931647100576508	0.933733407481305	0.932232104200468	0.934185608183079	0.932878712741	0.930704149670605	0.92297533309041	0.922183157068407	0.925295568880844	0.931572993600559	0.929227449547584	0.935296462657981	0.929891916217388	0.934376728845692	1	0.919192462657589	0.927292836731426	0.93223586711916	0.931666085044811	0.926955096046451	0.925864243163059	0.931515001210792	0.929044683735964	0.930488892337238	0.926681945143286	0.93300213276954	0.934826550169328	0.936369273106306	0.929831736948692	0.933067688064131	0.93782487444961	0.916319158761712	0.927958071946559	0.929543435363329	0.947963248789308	0.929149724693024	0.943854978611856	0.925565602531161	0.933225013186654	0.948532780154969	0.925875508264634	0.933939154918064	0.928688609458741	0.866134890666932	0.929851750238237	0.93219966991445	0.931141040637763	0.926780981352625	0.932812706207299	0.933340031873104	0.928851666790925	0.924287647495661	0.866134890666932	0.929060831989532	0.925933396307164	0.931908221435544	0.934685884896453	0.929142112496125	0.937433251888725	0.933718423940653	0.927320987549529	0.933475041710756	0.928713501321795	0.939286342525305	0.938258733275275	0.929733434105271	0.92337371776055	0.941330117912647	0.928499825246187	0.944170168973838	0.932420926897846	0.93527375347598	0.938167490183087	0.941636696629866	0.937858470298357	0.940433044887824	0.937584780116019	0.946572307834538	0.931389419777551	0.933676067809946	0.926030266582424	0.930900998815785	0.925923765089116	0.927663588204149	0.931078072250494
0.93299104659258	0.932017696657182	0.927928293126217	0.930998456092647	0.92496373581772	0.92841597770229	0.936067574615007	0.927183964640463	0.93480400093055	0.935277603814204	0.934816981427357	0.923238624315804	0.934487663920873	0.929183215971929	0.919192462657589	1	0.924163692479711	0.928269907477537	0.930805634428199	0.930746181231566	0.932978568335843	0.924763050465692	0.931818553990287	0.925661926105976	0.933423352053903	0.92839843430993	0.926409517061077	0.925613862613832	0.931978123419642	0.922625654100063	0.933977546316284	0.925172527136811	0.92094777706444	0.926667598239205	0.922432443728358	0.933942992462156	0.923332565397227	0.933084715382966	0.930194439959491	0.919068963662864	0.934435103850845	0.934461592579498	0.935185390543438	0.864812201986491	0.933135973274348	0.932973889779026	0.924990807031682	0.937030337554912	0.927216917477538	0.927172587182815	0.929821066274504	0.942748593805926	0.864812201986491	0.930992985354591	0.944377250212888	0.9328936245887	0.932946415154511	0.929983223893092	0.932028047252842	0.927685220649572	0.930664748373149	0.927448753672901	0.943438420303864	0.931386341338426	0.924967592008947	0.935660350037143	0.949478551902141	0.923806039459892	0.934936551062769	0.92288081674118	0.933794335610825	0.924290090221867	0.927178299887811	0.931520440897007	0.926998319096971	0.924278962579123	0.931793107080866	0.927412796205787	0.932493100545579	0.932529506727263	0.92869265166029	0.926946027476351	0.937537966748411	0.930559282809826	0.93364813252957
0.929289958194254	0.925944334909931	0.922834384759251	0.92650591048851	0.923505777846967	0.926286699005305	0.922301186119579	0.922330719871066	0.922757963288065	0.932438063646515	0.92565221138394	0.922560558858093	0.928706165677104	0.927455700300584	0.927292836731426	0.924163692479711	1	0.926707940826478	0.925025116919322	0.92624440259058	0.924088756173736	0.922568833106399	0.926294412193851	0.923381157442326	0.925992444282756	0.925632706545746	0.924348517270334	0.924939080144677	0.92402944109396	0.922327069606868	0.93378701077594	0.915636964108387	0.918323578894821	0.922874499702117	0.928238786500594	0.923042736077387	0.92669842790537	0.926911323985592	0.924712370126656	0.927024447607147	0.924114923676628	0.930537622077133	0.928582750603314	0.868084502411503	0.924850039948457	0.92871657061695	0.923468160128511	0.925963577053156	0.926132751123911	0.92511958632238	0.92676284046499	0.923673630449476	0.868084502411503	0.923587925782195	0.925586360765115	0.925005276603363	0.926047873337709	0.924055129621757	0.929614571883679	0.922639382296735	0.921435083417965	0.925830414011846	0.928442331175027	0.93048232987882	0.925734246850202	0.932812968338332	0.925295688994603	0.924822503445586	0.92370015710623	0.926895252053144	0.929208163651378	0.922739849300551	0.931963223124584	0.93493770413786	0.924925960388025	0.928087489989031	0.9287389125484	0.932138031870566	0.924649691715346	0.92738499894822	0.921151651153497	0.92522328571598	0.923545278326873	0.927576191481728	0.924731144561881
0.940397765731778	0.932644214359163	0.927753864061495	0.933835074708794	0.936496114807536	0.943978897991773	0.926574517283087	0.924248269695597	0.928671698773761	0.947417730524868	0.931592758674501	0.929902110727292	0.929189932118922	0.947628757572608	0.93223586711916	0.928269907477537	0.926707940826478	1	0.931493631309917	0.933220075807107	0.92945450708957	0.944772729978937	0.941237834841291	0.939023932518746	0.93295618600518	0.932672057984425	0.935767582539543	0.939163901144103	0.931831507073738	0.934859981781755	0.934811015077186	0.919648728295237	0.926779069046438	0.931909214666054	0.93596131937816	0.929228374691083	0.933520563164806	0.928912782863066	0.930295905773772	0.932484287923766	0.92735310083542	0.943950694083342	0.934545232389527	0.870457152004997	0.928166189730801	0.945853888757743	0.945646030566912	0.928434395053147	0.947142732172567	0.936917241088476	0.939744268833622	0.928723511423327	0.870457152004997	0.929952328907864	0.931280086245796	0.933090061172356	0.933689612523489	0.931448245935517	0.940229158792367	0.927481824870722	0.925881470981397	0.930785002440602	0.932550255894943	0.937348106026942	0.932725887279267	0.933565198690928	0.932109534463076	0.933001401717466	0.929837114401733	0.938210943381925	0.930283191842348	0.933788321000748	0.934979869737706	0.934978559282024	0.933968162527721	0.931857261779627	0.933590631156895	0.939620856273673	0.929459461499921	0.943774566188582	0.924539451610957	0.938978582397369	0.929648137429579	0.938736041945437	0.931700033616551
0.931247070650063	0.949474196536181	0.935713133663429	0.955311761155799	0.938023144599759	0.932217655248651	0.936177044491727	0.928631255769924	0.942361253680316	0.932325356810786	0.93643823011742	0.944723023800514	0.938823313264782	0.931180288533233	0.931666085044811	0.930805634428199	0.925025116919322	0.931493631309917	1	0.936084353621142	0.938871992144774	0.928131629788338	0.93388751047743	0.9256195732004	0.936854196645531	0.972882103770988	0.947018973804396	0.941852890898302	0.945486291304272	0.94076389777754	0.944930546994094	0.931434315781186	0.93635865093851	0.942658092747733	0.936770084486341	0.943473954238966	0.934739621784229	0.930172552330095	0.945989221175445	0.934261792363337	0.9363675058684	0.935574198632126	0.937929492502325	0.866184226844691	0.945214867835376	0.937449503019011	0.93695652044861	0.942557419218774	0.929209829397948	0.944331941494487	0.932653766153477	0.939904090894451	0.866184226844691	0.935399030051001	0.939189219800499	0.943835966697513	0.946103699913546	0.938450812335663	0.943335953515265	0.94262089562751	0.941001440046049	0.945354054008073	0.944009607416587	0.943161028420611	0.938731270220156	0.936030323211435	0.934231678597744	0.942035166063614	0.94032882587401	0.936080600099741	0.936248932055468	0.938821430897878	0.939795129967263	0.939743320703228	0.944302017944054	0.939782692630792	0.945794580848438	0.938707152663906	0.948279097478534	0.936678773160645	0.939179900688771	0.931715308813825	0.940589884240267	0.929852472236546	0.954189323673842
0.931723903504489	0.937578886035883	0.926691709196446	0.934571622726251	0.935387672383084	0.934742901020079	0.934690316214053	0.925425008386949	0.931132193303696	0.938330515506544	0.93099280665561	0.933595782693754	0.931962588979236	0.934365522579735	0.926955096046451	0.930746181231566	0.92624440259058	0.933220075807107	0.936084353621142	1	0.936448733650696	0.927585465070896	0.934546148950467	0.930605521204759	0.936445938199532	0.936688837423254	0.939288731316012	0.938863135607876	0.937590375872611	0.939164942739427	0.934562697164971	0.922875611872613	0.928760317583394	0.933156488737284	0.930634105968844	0.935793366611274	0.929440009111948	0.932269201769905	0.929818363798903	0.927695629819897	0.929969265688474	0.936452220809717	0.938327326761204	0.869012937746884	0.932739770894143	0.935638485508788	0.931063294334217	0.936198608453662	0.932362877184998	0.941073649494769	0.930772737186079	0.931506589191566	0.869012937746884	0.931282692162809	0.935038994695691	0.934649813731121	0.936029764914045	0.933085103113449	0.937733197278692	0.93254216597999	0.931321629252079	0.935444447730527	0.934573180805995	0.936002748161436	0.93247866315467	0.934956947130363	0.934387988449676	0.933945069713107	0.931466528477413	0.93173611598293	0.931230163717467	0.931452939965634	0.933214034601576	0.932755060748682	0.933240203100608	0.933509531753322	0.937437508082317	0.9339700937393	0.934081447227942	0.935255929123909	0.93313071276205	0.931372200064022	0.931631227497256	0.931025726342916	0.933711208381157
0.931617458261944	0.936811693557544	0.936179170246448	0.937537950504052	0.93321436698528	0.931091263614716	0.947984370803223	0.937993667520032	0.939260838114962	0.93273996135969	0.933498413419067	0.935091458062436	0.941578127075881	0.93199247084325	0.925864243163059	0.932978568335843	0.924088756173736	0.92945450708957	0.938871992144774	0.936448733650696	1	0.925273997857534	0.930222357084296	0.927152056539878	0.94082699787179	0.936711155224924	0.938328725505221	0.936522764673495	0.943158914194046	0.93659144504877	0.93682720292307	0.94121824602567	0.928835109061048	0.93290081579305	0.928096565042165	0.944393804079478	0.929135774951337	0.932785822905807	0.936294895135497	0.925631785967038	0.941176398653941	0.934752894166967	0.941742905633132	0.868818527574258	0.941851255115253	0.933410917967173	0.930912382764907	0.944042289204076	0.929065971953654	0.936024563132156	0.931001077423953	0.939404121235239	0.868818527574258	0.940041923600579	0.942529598728568	0.943433081343658	0.944628445824629	0.934152278817875	0.936599354408067	0.94026419536845	0.941401733197056	0.938811266987548	0.942938804680968	0.935746453894573	0.932507005923838	0.933577264726838	0.935365784586753	0.930550237126882	0.941607203637274	0.929056413923955	0.935265591376557	0.929015271647188	0.93227795762752	0.93599715267325	0.932257044104204	0.931759343658969	0.942209414753052	0.931169362192574	0.944095343418626	0.932799910945113	0.944060173917528	0.926784319756276	0.941830338010067	0.928637614103986	0.942122363097542
0.935284340095235	0.93125531888021	0.926536723350229	0.930137695799647	0.936629474241429	0.944868797684439	0.923903667511078	0.921255129651261	0.926537934691361	0.941208736163899	0.929044640614839	0.928804705818979	0.926213952246757	0.945856073811604	0.931515001210792	0.924763050465692	0.922568833106399	0.944772729978937	0.928131629788338	0.927585465070896	0.925273997857534	1	0.941042223767869	0.940422785211346	0.928321482387323	0.928744165011646	0.934615513688916	0.937224291610685	0.930371429178542	0.931540161645989	0.931981581143799	0.918516602504099	0.925856192613139	0.929885312896417	0.933674438689915	0.927204775930322	0.930668549918717	0.924305365556823	0.929683646047676	0.92865528292679	0.923914263526403	0.93920646861209	0.931787986684945	0.866683630102064	0.926448900822005	0.94804384915571	0.940464362000693	0.925779786283798	0.947454818869913	0.933956269498363	0.938395633879775	0.925584692798008	0.866683630102064	0.928496644651423	0.927011113473076	0.930573159439358	0.930384868834728	0.929119039404969	0.935335046888951	0.926662366576392	0.924871689355157	0.929893268723391	0.92808057297378	0.936010232173651	0.933112661344994	0.927951069437924	0.926279369360679	0.931586130322601	0.927911986396433	0.933000964934433	0.927146193735891	0.932976349217722	0.928869724705138	0.929071645501268	0.934092767459534	0.92818738147933	0.932996669558811	0.934524859057085	0.928374052090531	0.941271105518258	0.922180136053341	0.940549916006359	0.924196911340722	0.932077312760515	0.928256035128971
0.935636745584555	0.935189807847409	0.928528905346637	0.93305824475283	0.937644932387192	0.943325641124144	0.926705483832302	0.924354581322331	0.931666507536949	0.941182628134069	0.930762821975005	0.929729280394912	0.930305147456014	0.945730365321194	0.929044683735964	0.931818553990287	0.926294412193851	0.941237834841291	0.93388751047743	0.934546148950467	0.930222357084296	0.941042223767869	1	0.944545882132263	0.93304986532889	0.933518411982529	0.937333790123175	0.936933275992735	0.936539285212389	0.934079172125358	0.935314328400863	0.920675979327446	0.928912697929587	0.933592651823578	0.932596542431519	0.931924705374021	0.929361253844664	0.930452097959729	0.931593262824306	0.927274492671563	0.929430723892947	0.948284128635013	0.936423037591342	0.86752029314952	0.932163112112178	0.947629462918132	0.939243126209347	0.931241303740242	0.943480453342985	0.935903820951414	0.939376078439438	0.931304561346377	0.86752029314952	0.930887140572654	0.933339241405763	0.934394842971215	0.934312599825471	0.932544640912367	0.937968565189922	0.930444773826498	0.929103097037893	0.933760500181638	0.934425940330403	0.935851079627816	0.932708589151152	0.93348927797736	0.933028863318961	0.933623425590344	0.930972489246922	0.932294339337344	0.93018549418453	0.932599229341581	0.931862534061254	0.932308425310222	0.934410188400317	0.932749817543561	0.935717533980469	0.934818374097062	0.932352648050151	0.946655373429801	0.927822646061855	0.939013297560202	0.929975789315046	0.934486538608289	0.933116082815888
0.93625957327943	0.928332704935363	0.926343845738413	0.927934458338185	0.931137487896153	0.940727040067947	0.925619793391057	0.922185174766267	0.927389165081827	0.941126198286732	0.927838951733649	0.926231204075126	0.926026058321536	0.947032988521475	0.930488892337238	0.925661926105976	0.923381157442326	0.939023932518746	0.9256195732004	0.930605521204759	0.927152056539878	0.940422785211346	0.944545882132263	1	0.928102089964557	0.927024367135272	0.930859809822129	0.934743722138403	0.930615164904762	0.929967998860203	0.932082398726885	0.917440363760056	0.923975854204185	0.927120570458594	0.930589250476859	0.927966426390262	0.928391700840256	0.925566315469318	0.927988534607024	0.926622431012372	0.923874564756742	0.943761754071452	0.931351545581503	0.867120062146548	0.925817973755409	0.939909418960618	0.934421269845044	0.925337431565199	0.943721216845942	0.930184807336136	0.936268137804419	0.925927586416406	0.867120062146548	0.928989502608961	0.92866070181647	0.930540478829512	0.931944010381233	0.928211236277698	0.933930184516196	0.928699880660622	0.924944203813683	0.928968238188463	0.92849525201884	0.934004896253127	0.933411271441874	0.928966872317134	0.928219280774566	0.930199435605851	0.927151061888218	0.931434662979601	0.92882107932769	0.931493670968836	0.928371481365366	0.930546756805005	0.932904721017719	0.92996428004128	0.933057573745552	0.931234809557778	0.92778447134243	0.943985279407661	0.923520390383122	0.935498799015728	0.925363809980325	0.931499518172844	0.927312677663615
0.931391903813099	0.936801114658001	0.930961497253716	0.936215532132392	0.933885127948516	0.933485182860458	0.938013732127492	0.934828860324733	0.933975198148863	0.936413772506414	0.934297515377371	0.934657217664358	0.935710067783016	0.93405045447912	0.926681945143286	0.933423352053903	0.925992444282756	0.93295618600518	0.936854196645531	0.936445938199532	0.94082699787179	0.928321482387323	0.93304986532889	0.928102089964557	1	0.936259008733976	0.937683292192048	0.936566122053209	0.940000120399996	0.936424075172679	0.937879810194572	0.929641744860541	0.928563286862857	0.933102716817681	0.931159380363394	0.936743251339736	0.931517015089743	0.932046317048226	0.932435863830088	0.927320734881124	0.937820641872213	0.935558720508174	0.944606956328417	0.868193945623524	0.935865944334048	0.935821007332982	0.931396358228406	0.937948282695979	0.929399564678763	0.936572617742639	0.932286524955845	0.935264087044238	0.868193945623524	0.933915953427778	0.938075112120209	0.937657638251875	0.939400560523773	0.934022806760586	0.937917406935454	0.933400583767431	0.933258759887555	0.935369558538975	0.940157488741734	0.934950342624657	0.93152742757716	0.9328855685567	0.935047895351181	0.932218684970846	0.937913462574906	0.931379255458884	0.935617944559929	0.929357028037247	0.934061277851221	0.935361976093224	0.932408694290525	0.933264924051887	0.938901439170372	0.936315206042567	0.93680362519182	0.934823294517232	0.933885550395321	0.931504916718587	0.935974925034314	0.931013772300047	0.93742462837864
0.930310316624837	0.945816871994668	0.935834452108701	0.951501450310198	0.938847655340837	0.932276759368487	0.933636344326855	0.928683730623668	0.938482939974457	0.932271242658543	0.936250529979535	0.944598924920659	0.936471074190752	0.932332333178719	0.93300213276954	0.92839843430993	0.925632706545746	0.932672057984425	0.972882103770988	0.936688837423254	0.936711155224924	0.928744165011646	0.933518411982529	0.927024367135272	0.936259008733976	1	0.948083154520508	0.943153718779744	0.94183986675369	0.941147289369415	0.943612197021341	0.928317782630264	0.935980131903874	0.941486563685543	0.937529529851305	0.941314123638289	0.935300575706475	0.92829145904481	0.943412716120507	0.933238379679715	0.932749372787039	0.935826253621765	0.938240911169932	0.869196448520948	0.94166605973945	0.93680609201303	0.93536436145623	0.937670320127046	0.930229811358358	0.941386721254714	0.932360015728786	0.934907760038673	0.869196448520948	0.935837435245141	0.937069001044787	0.94345264318852	0.944624441764073	0.939971554331627	0.941102098706071	0.942870659618132	0.93754681387086	0.943247454054177	0.940295814490275	0.942989550738077	0.940036886560479	0.934503141519132	0.93325259860475	0.942816018793602	0.938904565984718	0.937672113785621	0.934847427056739	0.941675091481909	0.939914084038876	0.939711407161449	0.947175095450325	0.94184833492409	0.945506450228205	0.938496082866527	0.944863416634052	0.93818453009346	0.937945849321327	0.933683031178119	0.937295488426837	0.930397006728183	0.946880377159345
