1	0.754160947519291	0.760879968602739	0.783534514042157	0.77391486145206	0.737228225428683	0.780038936135847	0.761924682944821	0.788333928558563	0.783984076283326	0.79460604915119	0.7505682056975	0.763027290632811	0.769231320796096	0.768574963054438	0.805000287380328	0.768269451552488	0.759489495590139	0.765921617448926	0.798735029719564	0.785680275038501	0.775798258733953	0.756221411495987	0.76797672086763	0.783902171427712	0.764460207828848	0.765354137854351	0.780029821390701	0.770245179355268	0.772824669463488	0.781177890205713	0.78234316049961	0.767869897728728	0.755175421498711	0.778232934571482	0.744337744377884	0.751347463514474	0.752588903426606	0.774890404487747	0.764702555128331	0.768703007551564	0.783542106083373	0.770955502760915	0.776773177452643	0.746067189505003	0.76912679567306	0.763646779669861	0.750157224003097	0.782553131553896	0.75311330132374	0.742669565562403	0.78845155554612	0.775548785249348	0.785460829607904	0.754876661530121	0.736040180474164	0.749093105788803	0.783560259028464	0.743044236032416	0.768320753667258	0.769308766471642	0.774582583058504	0.76211744580831	0.709933486667937	0.768317765810401	0.785410215504033	0.77392313087118	0.770967183400914	0.76871773900485	0.808187563713939	0.783220295220817	0.693685494028337	0.767570639775495	0.531977154119196	0.799587197625941	0.777938084736941	0.710348304972	0.723957692062568	0.760588484980681	0.746280291083739	0.772559733826184	0.821008310723426	0.783427863122633	0.760492542012254	0.767753771154478
0.754160947519291	1	0.787972775326456	0.770815898860951	0.799841628361398	0.824893790139884	0.783812910240245	0.773266264533737	0.766757346927044	0.758031991599558	0.790881447811463	0.78465474911518	0.732077370268237	0.77808389824286	0.800498116153498	0.77769229332728	0.796807528372279	0.79951097251584	0.794983511895596	0.771159360986328	0.772276614278114	0.776787514675139	0.821311687914005	0.770300323578757	0.748692531451969	0.785699457763225	0.786594546575765	0.762445095469592	0.791920548987974	0.797762733294484	0.792444481461742	0.79505516291849	0.747535887822375	0.782139417478178	0.767714394358184	0.834452048099767	0.826477605875217	0.825810342905601	0.769937799614085	0.792869160058506	0.75788307930247	0.797878817016458	0.782951389226009	0.761423867590763	0.775744842446021	0.779503671557474	0.781092599414039	0.777667316375346	0.790485256731998	0.742657921596337	0.755427604482769	0.761640604306044	0.780208287198477	0.770707486925978	0.756835821157705	0.766192669396114	0.753878967259063	0.767420455715677	0.744757410351113	0.787178677019114	0.793794358284377	0.77953451402832	0.808222128853247	0.723043313146394	0.79198476411419	0.79070094023692	0.800318035326308	0.796310220847877	0.766375543501318	0.778334474758571	0.77715569400458	0.772873988662514	0.773874839210887	0.532074731318353	0.762765773009485	0.767348793769952	0.782683487796172	0.753156580676824	0.737229265514321	0.737023317180828	0.776916455959778	0.742025971263616	0.787122031402834	0.784290458138484	0.76861378013418
0.760879968602739	0.787972775326456	1	0.781813851131539	0.778018004086269	0.771374740373756	0.795842519666812	0.750450067436492	0.760205245075674	0.771976266304192	0.79824906569955	0.752379701039742	0.754118385884796	0.753927962879862	0.81621709388495	0.793613735073784	0.79759112110247	0.774077353579049	0.793999782035655	0.793461817389695	0.77508149622251	0.774309976631453	0.796764610711707	0.777347612996557	0.775952776871433	0.7937192658958	0.790096951134543	0.778430200027467	0.777571944710044	0.782313185622536	0.796854527710069	0.784782683328441	0.749459485367313	0.759102449827348	0.774112187061661	0.772677300486042	0.765262892257992	0.78220691280171	0.770269266614948	0.774901502496197	0.758169351866523	0.785138724213468	0.786381077568669	0.773784966713195	0.764801308795572	0.795108076143027	0.764936700509988	0.733802320936879	0.77807334245697	0.731496284971943	0.726031422949475	0.771400801044993	0.776374361971281	0.766868943163622	0.732314625216044	0.758288220977008	0.71299024579557	0.775941436413165	0.72281597572948	0.758230241609818	0.772451712415837	0.768810107509464	0.78322569563336	0.684991324467054	0.757334384218976	0.77136069295494	0.763757670699695	0.775104739413281	0.756213097949531	0.797509101292202	0.777515905459286	0.714269273874112	0.750077586466266	0.532779663762399	0.775742788852634	0.757651825918801	0.719874927926855	0.70740412445266	0.716640856422678	0.733247906221211	0.780557625754129	0.727487235116998	0.798353878974231	0.767419532324527	0.782918355166937
0.783534514042157	0.770815898860951	0.781813851131539	1	0.778889735541005	0.764800596605905	0.82561288699365	0.793139191690549	0.805667719016988	0.794040308301705	0.83705544562911	0.787111760545791	0.836028794727426	0.771999956066267	0.77313917044156	0.826427169952436	0.803713985152446	0.798920844383399	0.768031601236467	0.809938909068631	0.825466122659864	0.800789335568985	0.795026825912019	0.816009231617986	0.819307171938614	0.808742123882316	0.788623902569472	0.820312231846034	0.810181165277143	0.785260399077856	0.819926924797693	0.809338467903315	0.822553544245898	0.794432880592396	0.805337467957071	0.76435130976247	0.776214980018058	0.782052052862703	0.798022856273592	0.778800470400735	0.803549339795751	0.810046758309093	0.800425720367609	0.776323224698496	0.78550361741287	0.779602955994975	0.80551842890149	0.773816777232542	0.785414404136742	0.768998736577634	0.759528659802448	0.82065953888464	0.806452608809537	0.800375535821985	0.760055694775558	0.762274149836386	0.751021121603934	0.784201262023326	0.741903709036416	0.776835187695528	0.801314701316378	0.806396857619982	0.786200667135589	0.715838591261156	0.781417905053247	0.794874372507858	0.781863549499174	0.792985558672241	0.809904806321304	0.804931349746183	0.815225335214907	0.703780519572854	0.787864394760532	0.53110286515448	0.799154582433277	0.812769749111899	0.744483781606292	0.744371090741041	0.738739076799935	0.765705153210558	0.802034181982775	0.770832319198474	0.809200284088005	0.759081214712783	0.805502580076901
0.77391486145206	0.799841628361398	0.778018004086269	0.778889735541005	1	0.769482655742132	0.77858955857431	0.778990843277435	0.783798384190946	0.782354805624731	0.80539317229123	0.786950980401088	0.742487468796265	0.786478118786936	0.770574834683271	0.795711490648164	0.815728721258508	0.791901215227033	0.780856148400822	0.793344852708122	0.790453159040154	0.771845563266017	0.783985820926434	0.7735681091157	0.761381248812503	0.789568703312083	0.811194751121241	0.764508274503513	0.821783097413828	0.813481606447895	0.813171015285033	0.783595803151356	0.762143361376472	0.771753312712141	0.787708479165483	0.781467850618387	0.786494279869663	0.79176153749889	0.769453492618006	0.776645437826364	0.765415485343306	0.811965628988424	0.773773218383637	0.761806517677827	0.773095277949085	0.778633059366979	0.791089805749265	0.775538846791085	0.793188472188688	0.750432994540499	0.753812151167329	0.778156247453046	0.777994979882432	0.777294854380927	0.756475707071747	0.736152598589983	0.77895457237524	0.787992114095637	0.765386847608313	0.80628409532659	0.797796383501739	0.791476431466927	0.804831806446805	0.731576820431368	0.791544189329218	0.817664131726276	0.813749436236437	0.789961074196336	0.763225818303968	0.802596430280333	0.796479396178912	0.732310786711587	0.773424392757276	0.531875112971414	0.775024010996164	0.791481076963234	0.751092701858184	0.749814587251599	0.770364165882514	0.735435596668879	0.774088884290756	0.760074510734544	0.795517992874134	0.884472779184285	0.770281069608117
0.737228225428683	0.824893790139884	0.771374740373756	0.764800596605905	0.769482655742132	1	0.768329274141735	0.751101667872241	0.746861177593807	0.734782115503839	0.769298837365845	0.767418002943989	0.730011494891889	0.748995919349563	0.792212455910366	0.759234356546322	0.782232623157165	0.786901306038668	0.784547266475997	0.758151094979822	0.759208452084528	0.768081482377104	0.805536535204816	0.760335842071271	0.742161154025515	0.777037148954266	0.7733277331791	0.756727917948589	0.777686777257666	0.780286678897381	0.781869346458194	0.791019224124702	0.73501899555282	0.764982867993958	0.745056206354	0.812107210719021	0.806985928225765	0.799517360419601	0.756476896236215	0.774922863391052	0.743553680094408	0.776061184442255	0.773949024799745	0.746486209467707	0.753220450908812	0.766109512952298	0.758196143538058	0.753961488191313	0.767374929603626	0.723110311726317	0.733488696889708	0.744094450006486	0.765157239290342	0.75709702686197	0.734768396046084	0.779920374109943	0.7232685531225	0.741586814173801	0.710952058900278	0.753000282680027	0.770163591394039	0.766318116043376	0.781235267363782	0.689045916582687	0.763199999450632	0.763429881463173	0.771875997392296	0.777875702038273	0.752210332615843	0.762041458046124	0.760798258485197	0.760380166652083	0.756324972631738	0.531572742819591	0.747993798955668	0.746656150251062	0.775516279693247	0.722606904987331	0.708980051316547	0.717371909313904	0.769359542900681	0.72603280754714	0.76918878188474	0.754223272949488	0.760124446247133
0.780038936135847	0.783812910240245	0.795842519666812	0.82561288699365	0.77858955857431	0.768329274141735	1	0.81747023655806	0.784098153963214	0.786703536631855	0.816535091685115	0.78414809184029	0.790358403950804	0.793740697225845	0.792536626145675	0.801811678135393	0.801326437185274	0.787198308406311	0.772426752401353	0.800802046031744	0.80419293833575	0.841747003204273	0.800265422460477	0.840806701907011	0.795564561539963	0.812066799935768	0.790727440365321	0.812470051882789	0.793676747510573	0.795085947143162	0.810833698128935	0.79741587639462	0.784527842714056	0.788265556400041	0.799964142799526	0.77427809437748	0.780125002596095	0.782668577531428	0.827642458421672	0.818422543400788	0.840088439896429	0.801291351254786	0.851646782158371	0.815903160006155	0.772717601692366	0.813200670691837	0.792940332871438	0.767665325943911	0.821403233816956	0.768183212319571	0.789055142565782	0.812042923206229	0.845172224401498	0.797660714889143	0.787886311834676	0.765531469794846	0.738660889165751	0.778004134712315	0.75314353617188	0.778076062653351	0.793421164793564	0.788842072419284	0.783981876732964	0.715751440312545	0.795595800741309	0.791455150232603	0.771209910851899	0.802359197759085	0.813563692860684	0.811237441741966	0.795539680319639	0.7091353063553	0.815976311866478	0.531352694905364	0.798164334684322	0.790975257448822	0.732282876235407	0.748986399053568	0.732965516017444	0.773877963682093	0.801096353083613	0.756897514453943	0.821487050937155	0.762276509227893	0.831513944611858
0.761924682944821	0.773266264533737	0.750450067436492	0.793139191690549	0.778990843277435	0.751101667872241	0.81747023655806	1	0.78027657800899	0.763194531727285	0.794297195426391	0.793796191506113	0.755190304623593	0.798366049797484	0.751850718264699	0.779413760578472	0.775832400200668	0.776807697124009	0.746547495300745	0.766485861066476	0.781412692090849	0.802940418715122	0.770242271114233	0.807893749561662	0.760529047270369	0.774809152934941	0.759151474751849	0.770531559690844	0.783903866082291	0.783057371822512	0.77672027909106	0.76693598400654	0.780428677526201	0.774518313946931	0.77775819750582	0.766259822430176	0.77747410328966	0.771668603950471	0.796845615472567	0.794478772940747	0.815459485837504	0.789088052830446	0.804771649483855	0.783441059321898	0.766353230225128	0.769056645155097	0.789758000233174	0.785719791535285	0.803558406430457	0.76477127650517	0.803632460547864	0.793399081404498	0.815917264530412	0.779494273096512	0.79809003101667	0.73518267535591	0.766892977924332	0.7593865849701	0.766886290463791	0.786589226246535	0.781711915454088	0.785409185674441	0.774617667611594	0.748126239708828	0.796909613939436	0.789631307941134	0.777829128078258	0.782679922886137	0.783773394977832	0.777579004825293	0.784652546365035	0.719031407870425	0.821015035453391	0.532171158843759	0.766025011449243	0.791745197110961	0.749215657965477	0.781002074453278	0.75212500355569	0.769376641871018	0.774196087635266	0.763780430717088	0.782069560441113	0.761228993159076	0.788039761279933
0.788333928558563	0.766757346927044	0.760205245075674	0.805667719016988	0.783798384190946	0.746861177593807	0.784098153963214	0.78027657800899	1	0.791365569362571	0.801634037558304	0.769706324042979	0.779825652592278	0.779604305333336	0.762727475756215	0.813653014545865	0.782410142042014	0.783990185659593	0.764295916991607	0.799190859460291	0.814980377062712	0.784092873194993	0.76894817679878	0.782875067495108	0.784937542228021	0.782816397048364	0.775463916160545	0.787679963220607	0.794411053574537	0.783837533723139	0.794086799046536	0.790647796075567	0.785669704765699	0.788641119435718	0.797894729970692	0.754783040097708	0.76671260292116	0.772924388603326	0.793138744276065	0.772478195528532	0.776304132738432	0.817903357683125	0.780690916774586	0.768032419206497	0.771445718822488	0.763522698063838	0.791134418901784	0.787526963138928	0.784255087775268	0.792298499713535	0.753870787760369	0.801395134865436	0.780035287190776	0.790268387081706	0.769759976898394	0.740642804492697	0.766758081606911	0.779102097628806	0.749068126046381	0.785741489462548	0.793580615614021	0.793876969006831	0.786211802436101	0.73017256540617	0.770039128506705	0.805980771461055	0.790989069614131	0.779198708185054	0.777040362772461	0.79409194909602	0.801766923265776	0.699183278360862	0.776691130688277	0.531335211234039	0.804202411979161	0.797833040652922	0.733488432588676	0.747538186369397	0.770986786725717	0.761403581014508	0.796157488936815	0.777938253097603	0.795774436643313	0.76828869629048	0.777232950117751
0.783984076283326	0.758031991599558	0.771976266304192	0.794040308301705	0.782354805624731	0.734782115503839	0.786703536631855	0.763194531727285	0.791365569362571	1	0.807042845682568	0.756806775406732	0.770505977186901	0.767845514161009	0.761362751535586	0.795759528338694	0.784185879247884	0.7711170303786	0.750591586545626	0.800834099000466	0.79935787046504	0.778391405813352	0.769867349950995	0.782609615353113	0.779350508719441	0.785799454013639	0.779526835730405	0.787907540590397	0.789962359402214	0.770783555508289	0.796563760838776	0.780454416717471	0.770610972317474	0.770441415155689	0.796821382664872	0.74738955283036	0.753050091835348	0.766037581117053	0.777346388160154	0.755286509778101	0.779357279988447	0.794953882188374	0.776558078779791	0.765172758828429	0.755933281695472	0.772864414932917	0.782544543891216	0.757760877940233	0.777051159077382	0.763823793754881	0.735501328552025	0.788695635691692	0.776230943912664	0.765542996926535	0.749253657695926	0.727700700735639	0.745544647489229	0.776223378536755	0.747653441325097	0.775757469224779	0.7816383665886	0.780031466927361	0.772025733399384	0.714790504808524	0.769315777711724	0.797529908348259	0.775242762467583	0.774471672373312	0.769133728972787	0.805414744171946	0.790842515482883	0.687042256559671	0.760873324725554	0.531027251913881	0.796647457654904	0.784324263976221	0.711511230424166	0.733091144823873	0.750346633988003	0.748751796193367	0.775274413344116	0.75651169819242	0.802072806841184	0.766537048328847	0.780933587805686
0.79460604915119	0.790881447811463	0.79824906569955	0.83705544562911	0.80539317229123	0.769298837365845	0.816535091685115	0.794297195426391	0.801634037558304	0.807042845682568	1	0.800581525534675	0.786993713841342	0.79209382597155	0.77976401797797	0.82963676675636	0.801316263584778	0.801785087630941	0.778575205799932	0.82720661548335	0.813727197327936	0.79718360383302	0.794867655471518	0.797720533297432	0.809715630049072	0.808012282285764	0.787697820491208	0.807740606878958	0.808352235172333	0.796380190153754	0.811564219194504	0.807406920369925	0.804765861232461	0.793772925838852	0.811154869861364	0.782847356691557	0.785770987671038	0.78853375166147	0.7911688326742	0.780566082198109	0.794734857254206	0.812696506342583	0.797694527323365	0.787081971604702	0.792731512656912	0.788950320166704	0.808417942518813	0.778951761873816	0.80677732945967	0.768091797673124	0.772315534132859	0.814545057751046	0.805206504829872	0.793258141256596	0.763770996884238	0.745834092095789	0.768755364311035	0.816396133131286	0.76771411147064	0.796969153816545	0.809223916744087	0.801705092105422	0.798005646285245	0.732094556305381	0.807312495438735	0.811474354238485	0.801839138424132	0.800774884239874	0.794506505277733	0.830350874161281	0.826200795601899	0.718254273222497	0.789917778128561	0.531622499762237	0.80979928868901	0.822194849747996	0.743644879110816	0.753701482821586	0.765888417588401	0.769143778764682	0.792647575969225	0.781484676257364	0.814047651720007	0.786829670188904	0.790253439196589
0.7505682056975	0.78465474911518	0.752379701039742	0.787111760545791	0.786950980401088	0.767418002943989	0.78414809184029	0.793796191506113	0.769706324042979	0.756806775406732	0.800581525534675	1	0.741523875029705	0.785546623294073	0.752094277348688	0.769975937983186	0.787423017336353	0.785999156583416	0.749309974467133	0.76582256028728	0.773755934532536	0.77587029438726	0.773829063047119	0.772207635519083	0.746489856882131	0.779439414098053	0.76808437032147	0.764627362722251	0.796134665456827	0.791788289520404	0.782099031137385	0.772184955315943	0.764710679243388	0.787016578581556	0.768947860047762	0.778282829770096	0.784372496915142	0.777992474345541	0.769219696138107	0.771632636237669	0.770901008239506	0.786751546249425	0.776080656016585	0.756703017573186	0.761299743092003	0.759215115192397	0.78657605073967	0.79733890874996	0.792628186274961	0.757902798653514	0.779508199479725	0.774159336997847	0.781410337007707	0.766359752519879	0.765929630620069	0.736203481139291	0.76776962825267	0.75081027232711	0.761075678993951	0.784670262298141	0.792623838367231	0.784976503472795	0.783230289851108	0.748678073637872	0.796492768373946	0.783840327599825	0.786154218863272	0.776789652531233	0.769156711794655	0.769498310748454	0.790129582374469	0.728190294590478	0.782107117380993	0.538533287741127	0.75918043462723	0.789778218411006	0.764759293423195	0.77225687123795	0.747778043772681	0.755150286586242	0.773144028026103	0.761021921591736	0.773236295220975	0.767387370645272	0.766112228404584
0.763027290632811	0.732077370268237	0.754118385884796	0.836028794727426	0.742487468796265	0.730011494891889	0.790358403950804	0.755190304623593	0.779825652592278	0.770505977186901	0.786993713841342	0.741523875029705	1	0.735857087358808	0.756313642780541	0.800350099597702	0.774892873379679	0.768199172826425	0.746798722934178	0.787736897637112	0.809090971633509	0.779058382844621	0.768058035762494	0.805987632809872	0.811704508692407	0.77286408671608	0.764237616018517	0.806392081398509	0.7776332416752	0.747526258898888	0.794863328500901	0.780550156151641	0.811640280330481	0.759005449212219	0.780972318217849	0.723733422364395	0.739573194120855	0.748324667568472	0.781513683690144	0.751544642235669	0.779306689896946	0.776042430641246	0.772700446900409	0.756523075513689	0.751340141814215	0.757341569446461	0.768173207822397	0.73584180247493	0.745765994707907	0.740655539782397	0.718286773207735	0.800118572368117	0.775580531525775	0.781826138065097	0.738897268515926	0.74461540275352	0.719995406782604	0.752628160089013	0.705573552844305	0.73450057450996	0.760684794559415	0.775620910341914	0.75008207373813	0.68217202972254	0.74175729041586	0.761591743766347	0.742891947635625	0.763200852888424	0.790669715874923	0.779501037604465	0.785054667583476	0.666349762682289	0.756890767941165	0.530072562034788	0.772014427538669	0.784011428066151	0.7090798939851	0.709324757817732	0.708090835691669	0.728758535225076	0.777380391635893	0.745970562231864	0.785310669355999	0.727166431296538	0.786088461602454
0.769231320796096	0.77808389824286	0.753927962879862	0.771999956066267	0.786478118786936	0.748995919349563	0.793740697225845	0.798366049797484	0.779604305333336	0.767845514161009	0.79209382597155	0.785546623294073	0.735857087358808	1	0.759886349937844	0.782250116247544	0.767435422517488	0.766624449274204	0.753450914530299	0.779066598768804	0.778291912905686	0.793129392412508	0.764621663611288	0.777330799401772	0.757528023477205	0.769036454270944	0.761200405497348	0.764168969432379	0.7741736729179	0.786024532332508	0.772847991268258	0.766466249364965	0.771114539290273	0.763606912013008	0.786731416309355	0.768069527165495	0.770262281774533	0.763647316782188	0.787247375321595	0.783148810775348	0.7870060632614	0.787970121435527	0.786796089895623	0.785002752364181	0.753834695433194	0.786754135596284	0.788422399572891	0.80070019254653	0.831066550420516	0.780133026478658	0.802917771203772	0.792422422830379	0.798615849834644	0.781707405951694	0.781628170519892	0.723589043850801	0.764148621746963	0.767270648005307	0.779482107942837	0.801860880414154	0.790250536073872	0.779090746116913	0.774006732618693	0.750584151684929	0.80474821601662	0.79473388369534	0.7781501858434	0.783109694048659	0.767852442607416	0.790956589202492	0.782620460784656	0.719238848924223	0.803624968837599	0.532144024806392	0.782510043387562	0.784202623854079	0.733791025285049	0.762870877264152	0.756200238246716	0.757111482999231	0.779022173469857	0.769696064340267	0.799791875386759	0.76906552323883	0.765199281704279
0.768574963054438	0.800498116153498	0.81621709388495	0.77313917044156	0.770574834683271	0.792212455910366	0.792536626145675	0.751850718264699	0.762727475756215	0.761362751535586	0.77976401797797	0.752094277348688	0.756313642780541	0.759886349937844	1	0.783959600484497	0.788284442838789	0.770422758546968	0.817736190547735	0.787933068038561	0.772529370597434	0.784916404221622	0.798590189632253	0.776183558509656	0.772819470960663	0.778122429208859	0.787476081825884	0.777960088572739	0.770369900297412	0.782860485021211	0.791727676297873	0.790608645732848	0.749892685357479	0.754033089261102	0.76417118981784	0.788869362107336	0.77644478248283	0.780984469029699	0.77969716162089	0.790073152687502	0.758589104729683	0.782848598758872	0.791360160567866	0.78705200431171	0.74799455994972	0.792529279875287	0.754044324859197	0.736375714091606	0.783089205990783	0.732233223598383	0.734702338763759	0.767548244738304	0.781083472398629	0.775696619520556	0.746595060348559	0.778711096891866	0.716847756084946	0.763653933512074	0.718336498995056	0.753496501246371	0.765709772052431	0.767861291786458	0.775558156862955	0.685342420278674	0.76190529777303	0.769850576359364	0.764119859728652	0.77793037005445	0.765587871815251	0.798155538213111	0.769755408112597	0.73264657036075	0.761850763924933	0.532263815957404	0.774824074616856	0.753409856352317	0.730169719958296	0.709567012516416	0.716176589627333	0.73123722095737	0.778549613703066	0.738612736453237	0.789924286894481	0.758158145207284	0.776651914703798
0.805000287380328	0.77769229332728	0.793613735073784	0.826427169952436	0.795711490648164	0.759234356546322	0.801811678135393	0.779413760578472	0.813653014545865	0.795759528338694	0.82963676675636	0.769975937983186	0.800350099597702	0.782250116247544	0.783959600484497	1	0.796917080576156	0.785562717999524	0.79734370910048	0.829419277085308	0.810582843096203	0.789092808162816	0.780668742472831	0.788256148001594	0.832084516045184	0.79190759029153	0.786204832291439	0.796597584841127	0.79135143303368	0.799747102798453	0.805814284140881	0.804584449667222	0.808580523620903	0.779810104799726	0.807621775736842	0.764327346041324	0.768153605860785	0.775788428564551	0.787455198334474	0.779058643954162	0.782469999608438	0.813703983107632	0.790375272904519	0.786691183660028	0.77744092476582	0.787847082780519	0.788185012864776	0.765149412922273	0.793177723685135	0.76675650767675	0.753451396556995	0.809345457151989	0.79286885990077	0.796711460486386	0.762710927324338	0.750154606074225	0.759906801556165	0.815233920683019	0.753428975281222	0.788958734676655	0.794358931947102	0.800839409690992	0.78931923856035	0.721687752374705	0.783882633114969	0.805080299188534	0.793248069366144	0.789075366013681	0.782465820676727	0.824566048908971	0.813183810895679	0.708604382517084	0.780049471132946	0.532948257137072	0.809286439176051	0.803186095413124	0.733378953849287	0.734676323729545	0.766130099641127	0.762020783576303	0.794387755440683	0.784502743835546	0.802484554255751	0.782567008716482	0.784039378333242
0.768269451552488	0.796807528372279	0.79759112110247	0.803713985152446	0.815728721258508	0.782232623157165	0.801326437185274	0.775832400200668	0.782410142042014	0.784185879247884	0.801316263584778	0.787423017336353	0.774892873379679	0.767435422517488	0.788284442838789	0.796917080576156	1	0.805222958354824	0.785025268100022	0.795997235017727	0.806910545446155	0.790559681130828	0.809794795507345	0.804570606970251	0.772970255158785	0.814959404159816	0.833170136626339	0.785892578639283	0.835712059970858	0.824500121578766	0.842430468208013	0.795539630424118	0.760048277251195	0.788912983719283	0.789792558924349	0.77469407943615	0.785934092490643	0.800995605495208	0.788801664560923	0.7892758860205	0.778345808007625	0.813644956582536	0.795879582652889	0.767949378766064	0.771438231979543	0.796580229653347	0.787956594238717	0.769924721484182	0.787415990964411	0.748501531581866	0.73833106176316	0.790213846179384	0.78689791862616	0.786052383057218	0.75708124765275	0.76174344746238	0.739941748559412	0.768218283585272	0.733304007117482	0.777231091374421	0.795397866926153	0.794941796822285	0.804398979558416	0.702256695019024	0.772282325811491	0.796585717305546	0.79033945928877	0.794350004433738	0.779124646586319	0.801968088312877	0.801218333171387	0.718306396483869	0.773072466243	0.531285876981088	0.782645097376792	0.788936399101106	0.750064439299345	0.736903145830559	0.735691467894198	0.739627606293376	0.795462046751279	0.744657583343432	0.815597738948515	0.796220134377883	0.802715122660197
0.759489495590139	0.79951097251584	0.774077353579049	0.798920844383399	0.791901215227033	0.786901306038668	0.787198308406311	0.776807697124009	0.783990185659593	0.7711170303786	0.801785087630941	0.785999156583416	0.768199172826425	0.766624449274204	0.770422758546968	0.785562717999524	0.805222958354824	1	0.769749926034072	0.785631819617588	0.805172139158954	0.790205979840616	0.808622681024837	0.795066335053045	0.767175823375097	0.80263341043096	0.798771680881124	0.787956054585328	0.814524549927972	0.794001948579493	0.815535480353343	0.798855448903735	0.765263391740941	0.798420614202501	0.78585387741442	0.77930084537872	0.796572979766146	0.804097611401766	0.783539583786554	0.779038781658289	0.776880453381721	0.811498405404453	0.785372887437135	0.758403365546632	0.78019253410953	0.773797569901893	0.796337941386267	0.781824665489539	0.781919154158619	0.756975678252074	0.741847217736016	0.781767181327338	0.783703812437941	0.781696259366837	0.756539980644739	0.760123483476594	0.749538560650132	0.758739743904861	0.732077382451934	0.788569734940447	0.799944305527528	0.80375066086555	0.805257460399054	0.710785193546269	0.781645204440182	0.802695713143491	0.796150854449928	0.803457932489896	0.77941126373196	0.786208356892237	0.796984683688745	0.726051487883545	0.776838297266207	0.531262222536089	0.774294905364866	0.791610283239653	0.770259471901633	0.742067463618077	0.734439004035588	0.741349432144722	0.800607800224665	0.750005212736872	0.80332670479387	0.774936836772839	0.784789910591063
0.765921617448926	0.794983511895596	0.793999782035655	0.768031601236467	0.780856148400822	0.784547266475997	0.772426752401353	0.746547495300745	0.764295916991607	0.750591586545626	0.778575205799932	0.749309974467133	0.746798722934178	0.753450914530299	0.817736190547735	0.79734370910048	0.785025268100022	0.769749926034072	1	0.795416039786454	0.768773441931823	0.765098694063733	0.780832340827294	0.75813930228319	0.772497707682075	0.760042891007211	0.777309267060939	0.755608966556467	0.76843854155752	0.781024527762297	0.782607254542358	0.789709683394119	0.747272472733868	0.745910256972465	0.755264407682171	0.778184402968203	0.771087738042086	0.773822541012018	0.759684020465748	0.783968534259446	0.741955222524153	0.785817468121421	0.772069315135418	0.767942832236238	0.750264809532996	0.778840138655665	0.751487418535947	0.737643617184892	0.77157915413434	0.72421813178366	0.72748511514206	0.755067312658458	0.764579235120297	0.772905148407751	0.739678796210945	0.763047671110054	0.73117068787402	0.780220596551005	0.717223370970243	0.760655749191526	0.764207038171302	0.769654733680365	0.780882630513941	0.688692849683018	0.759872889043179	0.774547343139657	0.780216476460407	0.775507140400994	0.75236605930629	0.792999126464352	0.773777344071878	0.732957434757299	0.753776012579278	0.531495975820869	0.767010244389967	0.754218988480132	0.737445154012294	0.709919250192824	0.731538363460274	0.717762007148181	0.766944693981541	0.745599364058044	0.775551470000251	0.768802570269544	0.756526219303057
0.798735029719564	0.771159360986328	0.793461817389695	0.809938909068631	0.793344852708122	0.758151094979822	0.800802046031744	0.766485861066476	0.799190859460291	0.800834099000466	0.82720661548335	0.76582256028728	0.787736897637112	0.779066598768804	0.787933068038561	0.829419277085308	0.795997235017727	0.785631819617588	0.795416039786454	1	0.811910505098916	0.790096395788538	0.785794486842613	0.78800445308401	0.810197135808202	0.788609133382064	0.789293696636526	0.796692120550894	0.792399322082527	0.795094147849763	0.817136932037905	0.807621049090778	0.779565238078045	0.767823955512803	0.792608188580532	0.756490719609241	0.764362654326047	0.768166582790824	0.780986234501804	0.776088043591485	0.78016808242837	0.811901082922973	0.785812951629624	0.788026958830013	0.753598525633285	0.79929694789019	0.784789054352817	0.754471631798947	0.79740307756965	0.757579317171861	0.742148776473109	0.806962379478494	0.791810583858127	0.795786138252504	0.750367907289162	0.750026119053688	0.748637814938706	0.794745314845985	0.74178813194131	0.78709878450551	0.787099817495127	0.805631359742865	0.783851980540977	0.702581915935764	0.785336152558946	0.805312083016274	0.792526236252631	0.786182873770451	0.780620054502806	0.836054364562932	0.80672946974098	0.70136061327901	0.770991896813417	0.530793682368983	0.806090042747408	0.790599880979918	0.722065848450043	0.718661933233292	0.753767958492139	0.741335759587593	0.791111717987132	0.774744561326989	0.80893880850264	0.777110855338121	0.782947101782348
0.785680275038501	0.772276614278114	0.77508149622251	0.825466122659864	0.790453159040154	0.759208452084528	0.80419293833575	0.781412692090849	0.814980377062712	0.79935787046504	0.813727197327936	0.773755934532536	0.809090971633509	0.778291912905686	0.772529370597434	0.810582843096203	0.806910545446155	0.805172139158954	0.768773441931823	0.811910505098916	1	0.798959535291581	0.794847065632852	0.805362365693224	0.794333645641227	0.804302048942203	0.798379947033105	0.815666356455012	0.813658326697245	0.787782447480471	0.829977439585278	0.805808038570622	0.796671970441304	0.795493563774342	0.808979925406831	0.753586207194364	0.772125772940548	0.783194626673517	0.800366132489372	0.776427070975674	0.798780365257369	0.823995265668458	0.791750081843259	0.768894847740394	0.776081071915184	0.785918509796104	0.814816010534653	0.782734224144171	0.786937149920278	0.780518626379018	0.748327405236028	0.816254188125348	0.794807287147524	0.803288299326934	0.765542072407436	0.753087547511816	0.756897731112964	0.778747673434574	0.741063714111002	0.788901290745296	0.804047818065764	0.812366166260974	0.797246048708099	0.712136452647883	0.778690381591285	0.809462888415254	0.792022286709341	0.797397531497174	0.795654212091218	0.806814159821986	0.814597458979773	0.697570958679451	0.781322904664459	0.530139320509583	0.813095466124708	0.814558986855041	0.733607235991578	0.742420536187392	0.750931082736987	0.746121552767922	0.813322454234119	0.767369583642478	0.82635244185454	0.771554602985293	0.796211315608003
0.775798258733953	0.776787514675139	0.774309976631453	0.800789335568985	0.771845563266017	0.768081482377104	0.841747003204273	0.802940418715122	0.784092873194993	0.778391405813352	0.79718360383302	0.77587029438726	0.779058382844621	0.793129392412508	0.784916404221622	0.789092808162816	0.790559681130828	0.790205979840616	0.765098694063733	0.790096395788538	0.798959535291581	1	0.789847644655228	0.843608278733761	0.782249464514132	0.811667709918177	0.79085413799237	0.806883738069405	0.7952130515803	0.789190882214423	0.810307845953693	0.792745124455321	0.773746657301095	0.789158884706129	0.793023483634726	0.765144923075237	0.77433802614939	0.776380790233631	0.844120370180213	0.821228543274856	0.829406895318676	0.800881335598964	0.851629786453706	0.817874197448856	0.760908654999069	0.804517968260354	0.780168272496165	0.773011149768765	0.812827217380066	0.771758371291061	0.787400518609171	0.792737982450911	0.84816636855925	0.788020375666391	0.795934487428627	0.763133216862979	0.733933384624893	0.760762235938712	0.738067362750413	0.771723917498264	0.787438556908728	0.78286838388934	0.781368660601935	0.70568262384939	0.782640317150985	0.794030427893278	0.771318262168085	0.804009230966946	0.81330702915048	0.804436258135531	0.782600284330156	0.708443831470523	0.831266272471482	0.531173070234187	0.795904210993951	0.78093747259777	0.736395406670742	0.748589801233057	0.728736233933804	0.766411805267505	0.79912251918189	0.750568909556667	0.818569992545473	0.756312968329627	0.830479948100842
0.756221411495987	0.821311687914005	0.796764610711707	0.795026825912019	0.783985820926434	0.805536535204816	0.800265422460477	0.770242271114233	0.76894817679878	0.769867349950995	0.794867655471518	0.773829063047119	0.768058035762494	0.764621663611288	0.798590189632253	0.780668742472831	0.809794795507345	0.808622681024837	0.780832340827294	0.785794486842613	0.794847065632852	0.789847644655228	1	0.798547609053946	0.766632465930499	0.804630010041689	0.797300175164497	0.788891169427258	0.800735436926169	0.790982899020627	0.815119017429981	0.80427033799738	0.756553777473072	0.786729369755514	0.783561952476776	0.798802335025351	0.811371831532149	0.82343152928415	0.781029828685138	0.777971715821568	0.773315587527558	0.797598841194604	0.792224576130262	0.764922075000186	0.775639575086114	0.788056820879147	0.790875221980184	0.765542620900769	0.784018292512513	0.743340459089067	0.739325964683619	0.787391202687962	0.784769874382987	0.780854151825088	0.747457786614548	0.77434326157639	0.732363399099896	0.75681098250394	0.729331726679228	0.773911321150293	0.793148029697814	0.786675430070991	0.796514520597979	0.699836837174053	0.777414107103927	0.79012181870023	0.778352370371924	0.791320817632232	0.779229602950013	0.787090406213432	0.790247220078705	0.729659181920351	0.764911308140232	0.529818480234197	0.774053027576215	0.776713529287837	0.75451977605435	0.729039508837257	0.721465618186283	0.738132644688128	0.792276809414474	0.737127578582745	0.809268785551095	0.767391965618798	0.790389658687435
0.76797672086763	0.770300323578757	0.777347612996557	0.816009231617986	0.7735681091157	0.760335842071271	0.840806701907011	0.807893749561662	0.782875067495108	0.782609615353113	0.797720533297432	0.772207635519083	0.805987632809872	0.777330799401772	0.776183558509656	0.788256148001594	0.804570606970251	0.795066335053045	0.75813930228319	0.78800445308401	0.805362365693224	0.843608278733761	0.798547609053946	1	0.788142466375508	0.814350074839832	0.795451395784159	0.808798680221838	0.804601559718478	0.784343735638458	0.819182535051632	0.786626793766962	0.776148053237232	0.788946828765977	0.801817515581917	0.758499717830135	0.77285173702185	0.781708971386713	0.829460106230006	0.80228400308236	0.83041439663917	0.802105549507856	0.835404982209833	0.800367070194702	0.769203056320096	0.801274317641344	0.788554090195386	0.76671836489198	0.797263728818249	0.759644370035359	0.76114541578296	0.806720620556768	0.826466627813917	0.793517958154815	0.778374259835224	0.761469737675496	0.727638332230879	0.75892607609107	0.732712663914666	0.766889605088738	0.785624850396493	0.78618998745	0.77939770367338	0.702070453931062	0.775382462006533	0.789507671657226	0.765788898758408	0.800676700196079	0.810700682566408	0.801987608355483	0.791265581676065	0.693021874282437	0.81352520332757	0.530068486666341	0.78550054377464	0.787479298773591	0.731204170656186	0.742463800581944	0.722469442532127	0.756423544223097	0.7976606159416	0.743721369987926	0.825067471609842	0.757110790973019	0.847465441222934
0.783902171427712	0.748692531451969	0.775952776871433	0.819307171938614	0.761381248812503	0.742161154025515	0.795564561539963	0.760529047270369	0.784937542228021	0.779350508719441	0.809715630049072	0.746489856882131	0.811704508692407	0.757528023477205	0.772819470960663	0.832084516045184	0.772970255158785	0.767175823375097	0.772497707682075	0.810197135808202	0.794333645641227	0.782249464514132	0.766632465930499	0.788142466375508	1	0.775905810793014	0.770247753089553	0.789384866338027	0.770659825273697	0.766575988969064	0.789621953948861	0.782970090473801	0.806727383216198	0.755979726185754	0.784544071496659	0.741293680782368	0.745101053762252	0.750672917282805	0.778143311380875	0.76518268801337	0.774706494848907	0.783288437290302	0.783940336095123	0.781414475879768	0.752105392853937	0.779984979359557	0.763891689560856	0.738795417326966	0.775004404662468	0.742384053716807	0.733132338202511	0.794773521916664	0.784863287543385	0.784956954048344	0.741267361438162	0.742332535758329	0.725358997742235	0.788813382791212	0.723275813857448	0.754119112836852	0.762448630190552	0.775984969035931	0.75676173239742	0.689374407626402	0.763564544878664	0.774790492341232	0.757277332313714	0.773779559792648	0.777602938683978	0.81373251133831	0.788584864263658	0.689217724280963	0.764710744649032	0.530730583260784	0.793145283727568	0.780475148108447	0.709341167496468	0.707406634042922	0.728715121736067	0.738296601864185	0.783491847968705	0.756321357293452	0.788974041016945	0.747014010896218	0.778626112261595
0.764460207828848	0.785699457763225	0.7937192658958	0.808742123882316	0.789568703312083	0.777037148954266	0.812066799935768	0.774809152934941	0.782816397048364	0.785799454013639	0.808012282285764	0.779439414098053	0.77286408671608	0.769036454270944	0.778122429208859	0.79190759029153	0.814959404159816	0.80263341043096	0.760042891007211	0.788609133382064	0.804302048942203	0.811667709918177	0.804630010041689	0.814350074839832	0.775905810793014	1	0.81430757389538	0.807912956061079	0.817894719105155	0.814736502086136	0.833125315199259	0.798077070232822	0.76410114447606	0.826851786866596	0.803283946611581	0.770144812621557	0.77843682498897	0.793873124235591	0.802355756814132	0.781461733224797	0.791713240905866	0.803720889095932	0.81001875599903	0.772530527620998	0.78567974249546	0.788027957712548	0.797499745628012	0.773444042575205	0.788699559923477	0.767197230032692	0.745510171570305	0.793129145918156	0.801730802113815	0.774562404749936	0.753481048407534	0.761334830991551	0.730581137476062	0.759958436954744	0.732982160164854	0.779260719763487	0.801833598802128	0.790082662215543	0.801960099596713	0.703269424121935	0.77573289010023	0.799760186855284	0.77820247253094	0.798170843065895	0.787031093139822	0.796595482786469	0.793871997491686	0.704458242716355	0.780209485181895	0.530770838765902	0.794026910058279	0.789312943044597	0.738807450720656	0.7371920277924	0.728182964168536	0.763582388696974	0.805472098275888	0.73775622185721	0.820542211686822	0.772903725086464	0.818192761717618
