1	0.0406253883819894	-0.043172885430477	0.136444075008374	0.134788110290632	0.203137171058147	0.0374942993302866	-0.035910922405435	0.00723834529027449	0.018363674349897	0.0406990307107117	0.0103066803644606	-0.000784997650442749	-0.00520614206661634	-0.0132720363395538	0.0784793557117348	0.150626368978352	0.1757447277939	0.0127107150673216	0.0759314912911092	0.055569850050982	0.108017774536983	0.0412400885695772	0.0759314912911092	0.00833279876211329	0.09310072134251	0.0338684671987905	0.0461578618460336	0.0784793557117348	0.108017774536983	0.0231978978749437	-0.0208594784619394	0.160744128862423	0.109716274847484	0.134788110290632	0.145151210611461	-0.0475669420782868	-0.0208594784619394	0.133756187902324	-0.0281549172458951	0.0454828556931636	0.146660831388826	-0.0301597044847864	0.160744128862423	0.0572928614559438	0.0348984599634627	-0.00520614206661634	0.193234963419721	0.0618819464063027	0.0325932026170082	0.0758771292502053	0.086060248282973	0.0504203393680022	-0.0406765259793417	0.0663141977121137	0.0429882843577438	0.108694088024966	-0.0197036368929567	0.0944419796937549	0.0461578618460336	-0.0700817189968662	0.185168460438021	0.103082058309875	0.117569928585787	0.0171084587710951	0.193234963419721	0.0127107150673216	0.150626368978352	-0.0174439898604172	-0.0281549172458951	0.110266461311847	-0.0769015731162001	0.0911057535307079	-0.0475669420782868	-0.0769015731162001	0.0147804304530314	-0.0413476313002589	0.134788110290632	0.0228858934031614	0.108017774536983	0.110514169930833	0.170447355582973	-0.035910922405435	-0.0553533098270981	0.166175684260179
0.0406253883819894	1	-0.0609156436230949	0.0151434155684387	0.1293251113395	0.0318580986646047	0.0540013506695382	0.00558067343929049	0.0819153725830897	0.0151434155684387	-0.00162697080105295	0.116639304743307	0.104778218250054	0.0010359803337261	0.176660340647198	0.167253713984012	0.154863687940311	0.0545264311937124	0.143845439638823	0.0440018662793967	0.11712214714003	0.0158119080779897	0.0455549928069925	-0.0425544364675744	0.148443335944704	0.104778218250054	0.167253713984012	0.0281799608985474	0.167253713984012	0.154863687940311	0.0804256258414362	0.0509584297341302	0.0697584179911311	0.116639304743307	0.026892771497088	0.215110297984886	-0.021200017797539	-0.0071964194662703	-0.0695617248167908	-0.0562000787426099	-0.0334305944075225	-0.0609156436230949	0.130558169026368	0.0697584179911311	0.196663014872673	0.0252322889230585	0.0010359803337261	0.0853377980091504	0.147423313968185	0.0404856599462804	-0.0109634422523052	0.109113278934531	0.109113278934531	0.0633123650893234	0.0955093523278159	-0.0790819477929245	0.0629876042905471	0.147333164832497	0.0104817607178677	0.104778218250054	-0.0358425241366327	0.0464261609833694	0.0171252190282451	0.066223330309588	0.0521967292299252	0.154863687940311	0.0771636001783454	0.0158119080779897	0.106107281786632	0.143845439638823	0.0382198161628306	-0.0393304634934209	0.0480238031662602	-0.021200017797539	-0.0393304634934209	0.0509584297341302	0.25031469502498	0.0781089414182939	0.130558169026368	0.0158119080779897	0.10207342786629	-0.0631645939884987	0.0697584179911311	0.0216675117097192	0.180541281260706
-0.043172885430477	-0.0609156436230949	1	-0.00721013354038857	0.0010359803337261	-0.0255193260488986	-0.03171636468379	0.0303769888085906	-0.0258083699516245	-0.0654758072856908	0.141338267146339	0.0613569369490593	0.0536092092872885	-0.0491228070175439	-0.0509363765412496	-0.0412280378853213	0.0407839201596818	-0.0122140280010137	-0.0453201420562079	-0.03431619935383	-0.0639809913291595	-0.043315335893731	-0.0544178644301916	-0.03431619935383	-0.045719552427914	-0.0390448576312043	-0.0412280378853213	-0.0390448576312043	0.13487458108198	0.0407839201596818	-0.0578776398763686	-0.0526997265091267	-0.0472530937022521	-0.0367485397769767	-0.0609156436230949	-0.0544178644301916	0.00402670722217058	-0.0526997265091267	-0.0560950682081802	0.0353389202938288	-0.0672618776889202	-0.0491228070175439	0.0703832252053045	-0.0472530937022521	0.00716261612152543	-0.0793885937959126	-0.0491228070175439	0.124883176213095	0.0439705008036495	0.0770194190477395	0.0139474358413516	0.0176449977151094	-0.0526997265091267	0.0510555402049137	-0.0560950682081802	-0.0932891178593848	0.100751879699248	-0.03171636468379	-0.0453201420562079	0.0536092092872885	-0.028903665650804	-0.0169017953779142	0.0279508553454339	-0.028903665650804	-0.0144720164732704	-0.043315335893731	-0.0453201420562079	0.0407839201596818	0.0474372983635958	0.0353389202938288	-0.00694729587703654	-0.03171636468379	0.00012908911815718	0.00402670722217058	-0.03171636468379	0.0176449977151094	0.136957902202501	0.0629876042905471	-0.03431619935383	0.0407839201596818	0.0139474358413516	0.0215873214865296	0.0303769888085906	0.0468232715983292	0.0010359803337261
0.136444075008374	0.0151434155684387	-0.00721013354038857	1	0.0151434155684387	0.0171785745002034	0.0455040754725778	-0.0629836657297774	0.0727416363576578	0.00333333333333333	0.111146023773075	0.0272973395486338	0.0920388410631713	-0.00721013354038857	-0.0115041111123553	0.0819713594146545	0.073043556783839	0.127255977046596	0.00230722073464796	0.0356663676642822	0.0994936676326182	0.13843284863524	-0.0193778466769107	0.0356663676642822	0.0543193810664598	0.0920388410631713	0.0819713594146545	0.0920388410631713	0.0135092463839794	0.13843284863524	-0.028811292661317	0.0391461085901716	-0.00262431940540739	0.0272973395486338	0.0633123650893234	0.0869336424312782	-0.0790955718224221	0.0391461085901716	0.0287307331048701	-0.0604072337798739	0.0759837858034703	-0.0654758072856908	0.0356663676642822	-0.00262431940540739	-0.0264954846830485	-0.0282697605755221	0.109321213950216	0.073043556783839	-0.0911684611677104	0.132230602964583	-0.0193778466769107	0.203230498334956	0.0938409051717665	-0.041969696969697	0.0287307331048701	0.0133555847097225	0.109321213950216	0.0455040754725778	0.0650216752491698	0.0920388410631713	-0.038525706426471	-0.0104567347305562	0.0325435834558069	0.0574675120861525	-0.0334261213122355	0.00765426493243822	0.0650216752491698	0.073043556783839	0.0441711997857308	0.00230722073464796	0.0452760479632648	-0.0422747539874271	0.145938043830279	-0.029825621874705	-0.0422747539874271	0.0938409051717665	0.0239640689489993	-0.033025533952446	0.0356663676642822	0.073043556783839	-0.0193778466769107	-0.0678931147614413	0.0577350269189626	0.0135092463839794	0.0633123650893234
0.134788110290632	0.1293251113395	0.0010359803337261	0.0151434155684387	1	0.0741939720011239	0.0540013506695382	0.00558067343929049	0.0819153725830897	0.111481314610208	-0.00162697080105295	0.0355342998171469	0.0281799608985474	0.0629876042905471	0.0567478733293496	0.0216675117097192	0.0158119080779897	0.100974872580949	0.143845439638823	0.0440018662793967	-0.0302250702296852	0.0853377980091504	0.0455549928069925	0.217114471773339	0.0738474410750125	0.18137647560156	0.0944606128468655	0.104778218250054	0.0944606128468655	0.224389577871472	-0.0302637280208856	-0.0071964194662703	0.0697584179911311	0.197744309669467	0.180541281260706	0.215110297984886	0.135960444718101	-0.0071964194662703	0.0404856599462804	0.0104817607178677	0.0665268828709698	0.0629876042905471	0.130558169026368	0.0697584179911311	0.0893596545680575	0.190138395764468	0.124939228247368	0.0853377980091504	0.00807798980647591	0.0404856599462804	0.0455549928069925	0.167268128134931	0.109113278934531	0.0151434155684387	0.205556737090887	-0.00587605804034114	0.0629876042905471	0.0540013506695382	0.0104817607178677	0.18137647560156	-0.0358425241366327	-0.0434212314698827	0.0872682394316053	0.066223330309588	-0.0880893115767951	0.154863687940311	0.0104817607178677	0.363441357733793	-0.0357380710637538	0.0104817607178677	0.163112985918965	-0.0393304634934209	0.0799329523811753	0.135960444718101	0.0540013506695382	0.109113278934531	0.143011334720365	0.1293251113395	0.0440018662793967	0.0853377980091504	0.215110297984886	0.0567478733293496	0.00558067343929049	0.0944606128468655	0.1293251113395
0.203137171058147	0.0318580986646047	-0.0255193260488986	0.0171785745002034	0.0741939720011239	1	0.0276085579060523	-0.0207587189553206	0.0538548086186389	0.0569955805123029	-0.00379009584758518	0.0766838657541384	0.128963383590522	-0.0255193260488986	0.0691195075945679	0.17628873644025	0.0472837487315635	0.123531141533146	0.0394504155423847	0.0179469311950942	-0.0187382922248965	0.0472837487315635	0.0084375065918046	0.0179469311950942	0.0431014073979069	0.0656463857357337	0.0559455122493032	0.0656463857357337	0.17628873644025	-0.0101871491169629	0.0272349195106345	0.061898040465061	0.138391459702137	0.00964153867668992	0.0741939720011239	0.0084375065918046	0.0372207743469142	-0.0342448899196311	0.0943130211985589	-0.0156695575752463	0.079862585631702	0.0256905966935221	0.0179469311950942	0.138391459702137	0.0872149407498848	0.114544184979581	-0.0255193260488986	0.10475464658009	0.161925955793449	-0.0421366239870981	0.101875079589937	0.061898040465061	0.0138265752727149	-0.022638431511896	0.00334659107478757	0.00556556109432621	0.179320364920784	0.1047577056996	0.0394504155423847	0.0656463857357337	0.0392216186764624	0.111527522739932	0.105781435193739	0.123590424318637	0.0188098977338088	0.219696442277143	0.0394504155423847	0.10475464658009	0.0908466461957572	0.0394504155423847	0.0702640758796047	0.1047577056996	0.0830991085366673	0.0805243211551918	-0.0495405898874957	0.061898040465061	-0.00148324729166471	0.116529845337643	0.0179469311950942	0.0472837487315635	0.0551562930908708	0.0691195075945679	-0.0207587189553206	0.116117124344777	0.0741939720011239
0.0374942993302866	0.0540013506695382	-0.03171636468379	0.0455040754725778	0.0540013506695382	0.0276085579060523	1	-0.0305091757432078	0.190933553253904	0.133282904932583	0.114281396880009	0.124071718643305	0.114376392712851	0.194073945803191	0.185630561083342	0.238684336094609	-0.0279667444312738	0.12512521492723	0.213769005786321	0.135576132919037	0.0481945557783683	0.0987310826134365	0.170853242853649	-0.0221564108272356	0.281194002694747	0.253962276064454	0.238684336094609	0.114376392712851	0.106032632577345	0.225428909658147	-0.0517768539094072	0.177926678983744	-0.0305091757432078	0.124071718643305	0.147333164832497	0.170853242853649	0.057151350343113	0.0719504299476096	-0.0362180369622875	-0.02926115668558	0.0519858822924149	0.0811787905597007	0.135576132919037	-0.0305091757432078	0.0604931886118208	0.0238699645723677	0.194073945803191	0.0987310826134365	-0.0441618405625519	0.164322575106675	0.0678590500850178	0.0719504299476096	0.177926678983744	0.0455040754725778	0.0640522690721937	0.0064694214974785	0.194073945803191	0.149601820250284	0.0922539245503703	0.114376392712851	-0.0186617837240416	0.117732226993458	0.0636974656083542	0.167333994058906	-0.0641249653775378	0.0987310826134365	0.213769005786321	0.225428909658147	0.12909912325826	0.0922539245503703	0.036156278193829	-0.0204778156996587	-0.0165304841007848	0.057151350343113	-0.0204778156996587	0.0719504299476096	0.0604931886118208	0.0540013506695382	0.135576132919037	0.0987310826134365	0.170853242853649	-0.0328873041289385	0.0864426646057555	0.106032632577345	0.0540013506695382
-0.035910922405435	0.00558067343929049	0.0303769888085906	-0.0629836657297774	0.00558067343929049	-0.0207587189553206	-0.0305091757432078	1	-0.0248260512309681	-0.0629836657297774	-0.0144563624706552	0.0662809051537752	-0.0375587314377101	-0.0472530937022521	0.0261320720557602	-0.0396588154390142	0.132575757575758	0.0506116688430592	-0.0435951658547635	-0.0330100554512809	0.123091490979333	-0.0416666666666667	0.160119043968425	-0.0330100554512809	-0.0406410055476472	-0.0375587314377101	-0.0396588154390142	-0.0375587314377101	0.0515564600707185	-0.0416666666666667	-0.0482442274041207	0.0221785674288551	-0.0454545454545455	0.0662809051537752	0.00558067343929049	-0.0523466105281388	-0.0570823121042285	-0.0506938684088117	0.0839377412853864	0.0399622353668666	0.105286222050433	-0.0472530937022521	-0.0330100554512809	0.034965034965035	0.0116921084438734	0.0269530247529973	-0.0472530937022521	0.21969696969697	0.0506116688430592	-0.0539599765406055	0.018475274304049	0.0221785674288551	-0.0506938684088117	-0.0629836657297774	0.0839377412853864	0.00199418545534735	-0.0472530937022521	-0.0305091757432078	-0.0435951658547635	0.058424693347549	-0.0278035337200544	0.10034803097545	-0.0515902637341361	-0.0278035337200544	-0.00764300203468683	0.0454545454545455	0.0399622353668666	-0.0416666666666667	-0.0643996315321223	0.0399622353668666	0.0799513996876378	-0.0305091757432078	0.0086923007796168	0.00856234681563427	-0.0305091757432078	0.095051003266522	0.0789217319961451	0.00558067343929049	-0.0330100554512809	0.0454545454545455	0.018475274304049	0.0261320720557602	-0.0454545454545455	0.0515564600707185	0.133936162542972
0.00723834529027449	0.0819153725830897	-0.0258083699516245	0.0727416363576578	0.0819153725830897	0.0538548086186389	0.190933553253904	-0.0248260512309681	1	0.179883258381991	-0.0381624373679558	0.161093779089592	0.149863023806006	0.249788152031795	0.106598746478818	0.140252250609215	-0.0227572136283874	0.170693878984693	0.12450911506649	0.174496950434582	0.0756329226134416	0.131888397164518	-0.0285903119642603	-0.0180292052109531	0.0352377773267028	0.149863023806006	0.140252250609215	0.149863023806006	0.140252250609215	0.131888397164518	-0.0831662423449347	0.101665511385653	-0.0248260512309681	0.161093779089592	0.0819153725830897	0.348549538505468	-0.031176824902997	0.231018651403994	0.0929170559894781	-0.023810508060524	0.0175983614855436	-0.0258083699516245	0.174496950434582	-0.0248260512309681	0.08900369631906	0.141689796456325	0.111989891040085	0.131888397164518	-0.0359355534704617	0.0929170559894781	0.0971229715256491	0.101665511385653	0.101665511385653	0.0727416363576578	0.0929170559894781	0.0324028225572814	0.111989891040085	0.190933553253904	0.12450911506649	0.149863023806006	0.211838324233304	0.0624938012347341	0.0258291143647368	0.211838324233304	-0.0521800290196703	0.131888397164518	0.12450911506649	0.131888397164518	0.0699949627921973	0.12450911506649	0.00627136841229756	-0.0166632919203407	-0.0607680140586817	0.0853465581719544	-0.0166632919203407	0.231018651403994	0.08900369631906	0.195834890733526	0.174496950434582	0.131888397164518	0.0971229715256491	-0.0267611915846406	0.117923743347098	0.140252250609215	0.0819153725830897
0.018363674349897	0.0151434155684387	-0.0654758072856908	0.00333333333333333	0.111481314610208	0.0569955805123029	0.133282904932583	-0.0629836657297774	0.179883258381991	1	0.0695532063661298	0.0272973395486338	0.0199979680844063	0.109321213950216	-0.0115041111123553	0.0135092463839794	-0.0577350269189626	-0.00379868588198793	0.0650216752491698	0.0356663676642822	0.00710669054518702	0.00765426493243822	-0.0193778466769107	0.0356663676642822	0.0192405583043184	0.0199979680844063	0.0819713594146545	0.0920388410631713	0.0135092463839794	0.13843284863524	-0.00278538176786146	0.0391461085901716	-0.00262431940540739	0.0272973395486338	0.0151434155684387	0.140089386985373	-0.0790955718224221	-0.0155486879914233	-0.0747691367548428	0.00230722073464796	-0.0180264981492371	0.167586887695518	0.0356663676642822	-0.0629836657297774	0.124883176213095	0.126824889187434	0.109321213950216	0.00765426493243822	0.0398862017608733	0.235730472824296	0.0869336424312782	0.0391461085901716	0.0391461085901716	0.093939393939394	0.0287307331048701	-0.0210695862230966	0.0510555402049137	0.133282904932583	0.127736129763692	0.0199979680844063	-0.038525706426471	0.158546707671406	-0.0334261213122355	0.153460730598776	-0.0993958260802779	0.00765426493243822	0.00230722073464796	0.13843284863524	0.0441711997857308	0.127736129763692	0.0746416408938856	0.0455040754725778	-0.0341258149259249	0.0194443280730121	-0.0422747539874271	0.0391461085901716	0.074423622581047	0.111481314610208	0.0356663676642822	0.073043556783839	0.140089386985373	-0.0115041111123553	-0.00262431940540739	0.0819713594146545	0.0633123650893234
0.0406990307107117	-0.00162697080105295	0.141338267146339	0.111146023773075	-0.00162697080105295	-0.00379009584758518	0.114281396880009	-0.0144563624706552	-0.0381624373679558	0.0695532063661298	1	0.0857252413261957	0.00840586598820145	-0.0191432842843775	-0.0235479566582514	-0.0609632617848942	-0.00401565624184866	0.0993960965909379	-0.0670141929137228	-0.0507428330809552	0.0326233455285946	0.0560184045737888	-0.0316644416270833	0.0987360545171296	-0.00549332235389731	0.00840586598820145	0.00189196329677258	0.206828544709694	-0.0609632617848942	-0.00401565624184866	0.00487478731056072	0.0225045694329276	0.0963757498043679	-0.0543394972340913	-0.0458509953024013	0.0659403835945446	0.00272316856165792	-0.0277108504211421	-0.0354351739888517	0.0481423799667549	0.0998783505761581	0.0343505661925279	0.0239966107180872	-0.0698724186081667	0.00728217582804208	0.0606002625599935	-0.0191432842843775	-0.0640497170574861	0.0191817028508827	0.0595882970664547	0.163545208816172	-0.0277108504211421	0.0727199892869973	0.111146023773075	0.0595882970664547	-0.0115218575545586	0.24832596810015	-0.0468984977762299	-0.00943590647348396	0.0745467588953655	-0.0427394032312262	-0.0665537947420623	0.0651246520841221	-0.0427394032312262	0.0348411824524697	0.116052465389426	-0.0670141929137228	0.0560184045737888	-0.017341136396237	-0.0670141929137228	-0.0430107535733476	-0.0468984977762299	0.0493923842242726	-0.0425116869903264	-0.0468984977762299	0.0225045694329276	0.0536092092872885	0.0425970537002954	-0.0507428330809552	0.0560184045737888	0.0171379709837306	0.0282229186418749	-0.0144563624706552	-0.0609632617848942	0.131045102702992
0.0103066803644606	0.116639304743307	0.0613569369490593	0.0272973395486338	0.0355342998171469	0.0766838657541384	0.124071718643305	0.0662809051537752	0.161093779089592	0.0272973395486338	0.0857252413261957	1	0.092090348298505	0.159462413675095	0.056840349995459	0.314979034309591	0.187795897935697	0.022386278729889	0.282884698506585	0.111397216677034	0.0299149232757391	0.187795897935697	-0.0407097472031029	-0.0256717865593166	-0.00888928469239027	0.213389970066139	0.0844313445701351	0.213389970066139	0.0844313445701351	0.0776959499302587	0.0130438332021379	0.0526685562098568	0.0662809051537752	0.100945017182131	0.0355342998171469	0.0487918293684248	-0.0443926831572525	0.0526685562098568	-0.0419644554230037	-0.0339037840906768	0.130585549506837	-0.0367485397769767	0.248466219913385	-0.0353498160820135	0.0417705343109837	0.00589535389496055	0.0613569369490593	0.0776959499302587	0.022386278729889	0.0451700735455942	0.317296559083008	0.144761528763934	0.144761528763934	0.0272973395486338	0.21943913148279	0.0461383813028307	0.159462413675095	0.124071718643305	0.177288537640831	0.092090348298505	-0.0216226956755476	0.0889849279436783	-0.018760534608959	0.140006954499171	0.0367780777482563	0.297895845941134	0.071692376775077	0.0776959499302587	0.174540415048532	0.071692376775077	0.107819089853242	-0.0237268625293969	0.0650646837759949	0.121524970142979	-0.0237268625293969	0.144761528763934	0.0417705343109837	0.0355342998171469	0.111397216677034	0.0776959499302587	0.138293405939953	-0.0381052625667882	0.0662809051537752	0.0844313445701351	0.116639304743307
-0.000784997650442749	0.104778218250054	0.0536092092872885	0.0920388410631713	0.0281799608985474	0.128963383590522	0.114376392712851	-0.0375587314377101	0.149863023806006	0.0199979680844063	0.00840586598820145	0.092090348298505	1	0.0536092092872885	0.138853214348819	0.0760986778019683	-0.0344288371512342	0.015101674506099	0.0637061767481751	0.102176566225731	0.0960589963462815	0.0695532063661298	-0.043253590303017	-0.0272759477636487	0.09514713419304	0.0835249042145594	0.0760986778019683	0.0835249042145594	0.0760986778019683	0.0695532063661298	0.081111807682265	0.0450877159503378	-0.0375587314377101	0.092090348298505	0.18137647560156	0.125802926044723	0.0311824050254182	-0.0418879425603138	-0.0445867018800222	0.0637061767481751	0.113829633930345	0.0536092092872885	0.102176566225731	-0.0375587314377101	0.114591341907886	0.121872250727309	0.146263276205781	0.0695532063661298	0.015101674506099	0.0377060380096484	0.0412746678708528	0.0450877159503378	0.132063374460989	-0.0520429048943587	0.20229151778899	0.0900786220144663	0.0536092092872885	0.253962276064454	0.0637061767481751	0.0835249042145594	-0.0229738400322385	0.0777485295510677	0.0784156223748379	0.129674563737524	-0.0264893936881443	0.173535249883494	0.0637061767481751	0.173535249883494	0.0882151734537451	0.0637061767481751	0.18460215925522	-0.0252094906387509	0.0512343063314786	0.109531473114494	-0.0252094906387509	0.132063374460989	0.114591341907886	0.104778218250054	0.102176566225731	0.173535249883494	0.125802926044723	-0.0404863583954439	0.346374967703326	0.0760986778019683	0.18137647560156
-0.00520614206661634	0.0010359803337261	-0.0491228070175439	-0.00721013354038857	0.0629876042905471	-0.0255193260488986	0.194073945803191	-0.0472530937022521	0.249788152031795	0.109321213950216	-0.0191432842843775	0.159462413675095	0.0536092092872885	1	0.0941110195143088	0.13487458108198	0.0407839201596818	0.100155029608313	0.0353389202938288	0.0703832252053045	0.0548408497107082	0.124883176213095	0.0139474358413516	0.0703832252053045	0.134744423492169	0.0536092092872885	0.0468232715983292	0.0536092092872885	0.0468232715983292	0.124883176213095	0.00906787007734208	0.0879897219393455	0.0303769888085906	0.0613569369490593	0.0010359803337261	0.0139474358413516	0.00402670722217058	0.0176449977151094	0.0770194190477395	0.0353389202938288	-0.0269586684123929	0.0258145363408521	0.175082649764439	0.0303769888085906	0.00716261612152543	0.16995163251688	0.25062656641604	0.124883176213095	-0.0122140280010137	0.143576662675699	0.150678036384438	0.0879897219393455	0.0176449977151094	0.109321213950216	0.143576662675699	0.0395368166165964	0.175689223057644	0.0811787905597007	0.196657044993902	0.0536092092872885	0.0945562776290588	0.0374383854607561	0.0279508553454339	0.0945562776290588	0.0703737271641383	0.0407839201596818	0.0353389202938288	0.0407839201596818	-0.00975525087315881	0.0353389202938288	0.106356784153905	-0.03171636468379	-0.0384685572108397	0.130762018741013	-0.03171636468379	0.0879897219393455	0.136957902202501	0.124939228247368	0.175082649764439	0.124883176213095	0.0823127361128949	0.0215873214865296	0.0303769888085906	0.0468232715983292	0.124939228247368
-0.0132720363395538	0.176660340647198	-0.0509363765412496	-0.0115041111123553	0.0567478733293496	0.0691195075945679	0.185630561083342	0.0261320720557602	0.106598746478818	-0.0115041111123553	-0.0235479566582514	0.056840349995459	0.138853214348819	0.0941110195143088	1	0.127680417196445	0.0364760172444986	-0.0165488795605771	0.0310678064199571	0.0657440546077061	0.0486516151398086	0.0364760172444986	0.00973641018716076	-0.0355831223392223	0.211450906761083	0.138853214348819	0.127680417196445	0.0491834279766874	0.0424651387550676	0.117866533334835	0.030227770880047	0.217670654759653	0.0261320720557602	0.056840349995459	0.116704106988274	0.142063075912664	0.12244820754804	0.0134336491954179	-0.0581660472973071	0.109128933475144	0.0834891546265036	0.0941110195143088	0.167071231554634	0.0261320720557602	0.0657481779392117	0.0624660105166735	0.166634717542088	0.0364760172444986	0.0922009004089293	0.0062474643393404	0.142063075912664	0.149591652904908	0.149591652904908	-0.0115041111123553	0.0706609759759879	-0.0110347579289745	0.0941110195143088	0.185630561083342	0.0310678064199571	0.0491834279766874	0.0895126782183135	0.0313077272512918	0.0201849584366619	0.0895126782183135	-0.0208715216487932	0.117866533334835	0.109128933475144	0.0364760172444986	-0.0140690089846569	0.18719006053033	0.0946184250526295	-0.0328873041289385	0.0668382490667422	0.0611215508363753	0.0763716284772017	0.0815126510501629	0.00294081307076346	-0.00320836032957454	0.167071231554634	0.0364760172444986	0.0758997430499123	0.0173708920187793	0.101261779216071	0.0424651387550676	0.0567478733293496
0.0784793557117348	0.167253713984012	-0.0412280378853213	0.0819713594146545	0.0216675117097192	0.17628873644025	0.238684336094609	-0.0396588154390142	0.140252250609215	0.0135092463839794	-0.0609632617848942	0.314979034309591	0.0760986778019683	0.13487458108198	0.127680417196445	1	0.161279182785325	0.0086108829966047	0.151512130059943	0.0942206541763897	0.085917263922379	0.161279182785325	-0.0456721004474552	-0.0288010733290274	0.0827968374829347	0.0760986778019683	0.172318339100346	0.0760986778019683	0.172318339100346	0.0624626343164474	0.0637968939884141	0.121079879490385	0.0515564600707185	0.0844313445701351	0.0216675117097192	0.0346570644571866	0.0991099030315212	0.0384248932629304	-0.0470797525157831	0.0567378060266313	0.00443469748054936	0.0468232715983292	0.0942206541763897	0.0515564600707185	0.104053196342894	-0.00803475317375399	0.13487458108198	0.161279182785325	0.0746276526372408	0.0311249474965455	0.19531539426647	0.20373486571784	0.121079879490385	-0.0549528666466957	0.0311249474965455	-0.0262727123376143	0.13487458108198	0.106032632577345	0.0567378060266313	0.0760986778019683	-0.024258414671833	0.0679069988895279	0.016337758742348	0.120806905065728	0.016337758742348	0.0624626343164474	0.246286454093254	0.0624626343164474	0.011012904492689	0.0567378060266313	-0.01217038969992	-0.0266190709399192	0.0843338548411602	0.0991099030315212	-0.0266190709399192	0.0384248932629304	0.104053196342894	0.0944606128468655	0.0942206541763897	0.0624626343164474	0.0346570644571866	0.0424651387550676	0.0515564600707185	0.0688581314878893	0.0216675117097192
0.150626368978352	0.154863687940311	0.0407839201596818	0.073043556783839	0.0158119080779897	0.0472837487315635	-0.0279667444312738	0.132575757575758	-0.0227572136283874	-0.0577350269189626	-0.00401565624184866	0.187795897935697	-0.0344288371512342	0.0407839201596818	0.0364760172444986	0.161279182785325	1	0.128848873596288	0.0505582826232327	-0.0302592174970075	0.0102576242482777	-0.0381944444444444	0.10546302415228	0.087240860835528	0.0717991098008434	0.0695532063661298	-0.0363539141524297	-0.0344288371512342	0.0624626343164474	0.150568181818182	0.0482442274041207	-0.0464693793747441	-0.0416666666666667	-0.032403998075179	0.0853377980091504	0.0287393155840762	-0.0523254527622094	0.032475759449395	0.0252312853268572	0.141078800613332	0.0408437930368059	-0.043315335893731	0.087240860835528	0.132575757575758	0.0219227033322625	0.0419269273935514	-0.043315335893731	0.0561868686868687	0.128848873596288	0.0252312853268572	0.10546302415228	0.032475759449395	0.032475759449395	0.00765426493243822	0.0252312853268572	-0.0325716957706735	0.124883176213095	-0.0279667444312738	0.0505582826232327	0.0695532063661298	-0.0254865725767165	-0.062819499065932	-0.0399665314730499	-0.0254865725767165	0.00764300203468683	-0.0381944444444444	0.0505582826232327	0.0561868686868687	0.133521902709934	0.0505582826232327	0.0211219123288263	-0.0279667444312738	0.0712768663928578	0.0187895944009752	-0.0279667444312738	0.111420898273534	0.0947547955138903	0.0158119080779897	-0.0302592174970075	0.0561868686868687	-0.0479843929841273	0.0364760172444986	-0.0416666666666667	-0.0363539141524297	0.154863687940311
0.1757447277939	0.0545264311937124	-0.0122140280010137	0.127255977046596	0.100974872580949	0.123531141533146	0.12512521492723	0.0506116688430592	0.170693878984693	-0.00379868588198793	0.0993960965909379	0.022386278729889	0.015101674506099	0.100155029608313	-0.0165488795605771	0.0086108829966047	0.128848873596288	1	0.0578450850868244	0.0307169024507676	-0.0445435403187374	0.0657951694959769	0.0267428436950306	0.187714403865802	0.144127621633847	0.0845693772341541	0.0746276526372408	0.015101674506099	0.0746276526372408	0.191902577696599	-0.0196405921754001	0.0848445342122724	-0.0657951694959769	0.022386278729889	0.147423313968185	0.129257077859314	0.107414175443431	-0.0206378596732554	0.0216963132374271	-0.00262932204940111	0.0315312716190589	0.0439705008036495	0.109215653158285	0.108815088012577	0.114238712139254	0.151180545432494	0.100155029608313	0.128848873596288	-0.0531135531135531	0.121499354129592	0.0779999607771724	-0.0206378596732554	0.0848445342122724	0.127255977046596	0.121499354129592	0.202059965863126	0.156339558412976	0.0404816871823393	0.0578450850868244	0.0845693772341541	0.0523190729117653	0.104511409599868	0.0843568810539106	0.0523190729117653	0.0525501881975181	0.128848873596288	-0.00262932204940111	0.128848873596288	0.121183481623045	-0.00262932204940111	0.115729149665552	0.0404816871823393	0.0704594848625237	0.0123939433203959	0.0404816871823393	0.1903269280978	0.0169242536502598	0.00807798980647591	0.0307169024507676	0.0657951694959769	0.129257077859314	0.0378260104241761	0.0506116688430592	0.140644422277877	0.240320196742658
0.0127107150673216	0.143845439638823	-0.0453201420562079	0.00230722073464796	0.143845439638823	0.0394504155423847	0.213769005786321	-0.0435951658547635	0.12450911506649	0.0650216752491698	-0.0670141929137228	0.282884698506585	0.0637061767481751	0.0353389202938288	0.0310678064199571	0.151512130059943	0.0505582826232327	0.0578450850868244	1	0.0810338443327833	0.00491901113417463	0.0505582826232327	-0.0502053016939963	-0.0316597345300177	0.0133176645197779	0.0637061767481751	0.0567378060266313	0.0637061767481751	0.0567378060266313	0.0505582826232327	-0.0379564599215046	0.0270956140260074	-0.0435951658547635	0.071692376775077	0.0771636001783454	0.0969651415070321	-0.0547472829982587	0.178527176526497	0.0915255566744664	-0.0418118466898955	-0.0124773330909039	0.0353389202938288	0.193727423195584	-0.0435951658547635	0.0864399160702641	0.0341082654358949	0.196657044993902	0.0505582826232327	0.0578450850868244	0.0915255566744664	0.0969651415070321	0.102811395276252	0.0270956140260074	0.00230722073464796	0.0198864429423579	0.0569001654916859	0.0353389202938288	0.0922539245503703	0.131823461091754	0.0637061767481751	0.106220333877516	0.109740675404891	-0.000305431446219595	0.106220333877516	-0.000305431446219595	0.141078800613332	0.0450058072009292	0.141078800613332	-0.000205884258626092	0.0450058072009292	0.051664422461556	-0.02926115668558	0.0594686773614511	0.149870687207733	-0.02926115668558	0.0270956140260074	0.0864399160702641	0.0104817607178677	0.0810338443327833	0.0505582826232327	0.0233799199065179	-0.0469933206352293	0.0399622353668666	0.0567378060266313	0.0771636001783454
0.0759314912911092	0.0440018662793967	-0.03431619935383	0.0356663676642822	0.0440018662793967	0.0179469311950942	0.135576132919037	-0.0330100554512809	0.174496950434582	0.0356663676642822	-0.0507428330809552	0.111397216677034	0.102176566225731	0.0703832252053045	0.0657440546077061	0.0942206541763897	-0.0302592174970075	0.0307169024507676	0.0810338443327833	1	0.0383107083179098	0.087240860835528	-0.0380152193568502	-0.023972602739726	-0.000421633723256004	0.102176566225731	0.0942206541763897	0.102176566225731	0.0942206541763897	0.087240860835528	-0.0170487589424577	0.0614678399400155	-0.0330100554512809	0.111397216677034	0.130558169026368	0.0575020124725466	-0.0414543863326539	-0.0368149629587258	-0.0391868799906145	-0.0316597345300177	-0.0188327804480529	-0.03431619935383	0.122309197651663	-0.0330100554512809	0.050339839456022	0.0838879650723263	0.0703832252053045	0.087240860835528	-0.0477818482567497	0.0538042082410818	0.0575020124725466	0.0614678399400155	0.0614678399400155	-0.0457400745618276	0.0538042082410818	-0.00331021667233231	0.175082649764439	0.135576132919037	0.0810338443327833	0.102176566225731	-0.0201915161764922	0.0261536988001928	-0.0101098579763834	0.152301722016969	-0.0693813782692978	0.087240860835528	0.0810338443327833	0.087240860835528	0.0331387371017069	0.193727423195584	0.0215307391123613	-0.0221564108272356	-0.0808004259347965	0.047080338763514	-0.0221564108272356	0.0614678399400155	0.050339839456022	0.0440018662793967	0.122309197651663	0.087240860835528	0.0575020124725466	-0.0355831223392223	0.183913166085708	0.0942206541763897	0.0440018662793967
0.055569850050982	0.11712214714003	-0.0639809913291595	0.0994936676326182	-0.0302250702296852	-0.0187382922248965	0.0481945557783683	0.123091490979333	0.0756329226134416	0.00710669054518702	0.0326233455285946	0.0299149232757391	0.0960589963462815	0.0548408497107082	0.0486516151398086	0.085917263922379	0.0102576242482777	-0.0445435403187374	0.00491901113417463	0.0383107083179098	1	0.0102576242482777	0.0375234594955695	0.0383107083179098	-0.0110056363290703	0.0226021167873603	0.0161094869854461	0.0226021167873603	0.085917263922379	0.0102576242482777	-0.0734883667937001	0.0428998889409113	3.64658262980561e-20	0.0299149232757391	-0.0302250702296852	0.091724012100281	0.0231869447880084	-0.0128699666822734	-0.0730621536215224	-0.0590281336100955	0.0516159067234244	-0.00457007080922568	0.121317243006714	5.75268610720585e-20	0.027704581925182	0.0152060700148926	0.114251770230642	0.0102576242482777	-0.0445435403187374	-0.0202950426726451	0.0375234594955695	0.0428998889409113	-0.0128699666822734	-0.0852802865422442	0.0852391792251095	0.0189009790960764	-0.00457007080922568	0.0481945557783683	0.00491901113417463	0.169515875905203	-0.0376461626210521	0.0795347568267466	-0.0620920420565066	0.0602338601936834	-0.0284588526092322	0.076932181862083	0.00491901113417463	0.0102576242482777	-0.0418548063849093	0.132813300622715	0.0529757076455166	-0.0413096192386014	0.00235388617860847	0.0734253251620266	0.0481945557783683	0.0986697445640959	0.0791559483576629	0.0188906688935533	0.0383107083179098	0.0102576242482777	0.0375234594955695	0.106148978486855	0.0615457454896664	0.155725040859312	0.0680064080167917
0.108017774536983	0.0158119080779897	-0.043315335893731	0.13843284863524	0.0853377980091504	0.0472837487315635	0.0987310826134365	-0.0416666666666667	0.131888397164518	0.00765426493243822	0.0560184045737888	0.187795897935697	0.0695532063661298	0.124883176213095	0.0364760172444986	0.161279182785325	-0.0381944444444444	0.0657951694959769	0.0505582826232327	0.087240860835528	0.0102576242482777	1	0.10546302415228	-0.0302592174970075	0.122431029212287	0.0695532063661298	0.0624626343164474	0.0695532063661298	0.161279182785325	0.150568181818182	-0.0268861058970881	0.111420898273534	-0.0416666666666667	0.0776959499302587	0.154863687940311	0.182186732720483	-0.0523254527622094	-0.0464693793747441	-0.0494633118288884	-0.0399622353668666	-0.00438692591876805	-0.043315335893731	0.087240860835528	-0.0416666666666667	0.0947547955138903	0.0419269273935514	0.124883176213095	0.0561868686868687	0.0027414653956657	0.0252312853268572	0.10546302415228	0.190366037097673	0.111420898273534	-0.0577350269189626	0.0252312853268572	0.0668052127541364	0.208982432266508	0.0987310826134365	0.0505582826232327	0.0695532063661298	-0.0254865725767165	0.181115958345934	0.10286206905016	0.113067703794888	0.10286206905016	0.0561868686868687	0.0505582826232327	0.0561868686868687	0.00515197052256979	0.0505582826232327	0.0635074947873435	-0.0279667444312738	0.0712768663928578	0.0187895944009752	-0.0279667444312738	0.032475759449395	0.0219227033322625	0.0853377980091504	0.204740939168063	0.150568181818182	0.10546302415228	0.0364760172444986	0.0454545454545455	0.0624626343164474	0.0158119080779897
0.0412400885695772	0.0455549928069925	-0.0544178644301916	-0.0193778466769107	0.0455549928069925	0.0084375065918046	0.170853242853649	0.160119043968425	-0.0285903119642603	-0.0193778466769107	-0.0316644416270833	-0.0407097472031029	-0.043253590303017	0.0139474358413516	0.00973641018716076	-0.0456721004474552	0.10546302415228	0.0267428436950306	-0.0502053016939963	-0.0380152193568502	0.0375234594955695	0.10546302415228	1	-0.0380152193568502	0.146328876868299	0.125802926044723	0.114986229361828	-0.043253590303017	0.114986229361828	0.0287393155840762	-0.0226730882059603	0.00579510808213937	0.0892971591362368	0.138293405939953	0.10207342786629	0.00208594075928244	0.107693398145203	0.0699705642510161	-0.00142154172848399	-0.0502053016939963	0.0646832180729274	0.0139474358413516	-0.0380152193568502	0.018475274304049	-0.00475232803525145	0.0485377089015219	0.0139474358413516	-0.0479843929841273	0.0267428436950306	-0.0621416812737289	0.00208594075928244	0.00579510808213937	0.0699705642510161	-0.0193778466769107	-0.0621416812737289	0.0178320716775326	0.0823127361128949	-0.0351351426836133	0.0233799199065179	0.0412746678708528	0.0806131870055413	0.119376769051136	0.0447860136603425	-0.0320192565208926	0.00608364925443959	-0.0479843929841273	-0.0502053016939963	0.0287393155840762	-0.0219875198491067	0.0233799199065179	0.107976719734509	-0.0351351426836133	-0.0224936759492232	0.0498831179918535	0.0678590500850178	0.00579510808213937	-0.00475232803525145	0.0455549928069925	-0.0380152193568502	-0.0479843929841273	0.0644555694618273	-0.0564269226755908	-0.0523466105281388	0.114986229361828	0.0455549928069925
0.0759314912911092	-0.0425544364675744	-0.03431619935383	0.0356663676642822	0.217114471773339	0.0179469311950942	-0.0221564108272356	-0.0330100554512809	-0.0180292052109531	0.0356663676642822	0.0987360545171296	-0.0256717865593166	-0.0272759477636487	0.0703832252053045	-0.0355831223392223	-0.0288010733290274	0.087240860835528	0.187714403865802	-0.0316597345300177	-0.023972602739726	0.0383107083179098	-0.0302592174970075	-0.0380152193568502	1	0.0626126079035165	0.102176566225731	-0.0288010733290274	-0.0272759477636487	-0.0288010733290274	0.087240860835528	0.123251578409694	-0.0368149629587258	0.183913166085708	-0.0256717865593166	0.0440018662793967	0.0575020124725466	0.135615063859682	-0.0368149629587258	-0.0391868799906145	-0.0316597345300177	-0.0188327804480529	0.0703832252053045	-0.023972602739726	0.183913166085708	0.141012200885845	0.0142143496372553	-0.03431619935383	-0.0302592174970075	0.0307169024507676	0.0538042082410818	-0.0380152193568502	0.0614678399400155	0.0614678399400155	-0.0457400745618276	0.146795296472778	-0.0651698907365424	0.0703832252053045	-0.0221564108272356	-0.0316597345300177	0.231629080215112	-0.0201915161764922	-0.0497682035421144	-0.0101098579763834	-0.0201915161764922	-0.0101098579763834	0.087240860835528	-0.0316597345300177	0.204740939168063	-0.0467683789741831	-0.0316597345300177	0.0742986980844597	-0.0221564108272356	0.0270537140406685	0.047080338763514	-0.0221564108272356	0.0614678399400155	0.050339839456022	0.0440018662793967	-0.023972602739726	-0.0302592174970075	0.153019244301943	0.167071231554634	-0.0330100554512809	0.0942206541763897	0.0440018662793967
0.00833279876211329	0.148443335944704	-0.045719552427914	0.0543193810664598	0.0738474410750125	0.0431014073979069	0.281194002694747	-0.0406410055476472	0.0352377773267028	0.0192405583043184	-0.00549332235389731	-0.00888928469239027	0.09514713419304	0.134744423492169	0.211450906761083	0.0827968374829347	0.0717991098008434	0.144127621633847	0.0133176645197779	-0.000421633723256004	-0.0110056363290703	0.122431029212287	0.146328876868299	0.0626126079035165	1	0.206711813109585	0.135808088890638	0.0393647947347675	0.0827968374829347	0.173062948623731	0.0498751514265086	0.241358262574488	0.0995704635917356	0.109239431886485	0.0738474410750125	0.146328876868299	0.233623773496893	0.0296032141303216	0.0164839575896314	0.06187841685409	0.140799190480749	0.0445124355321275	0.251715332783834	0.193044776351324	0.0104539389708853	0.0933826819306853	0.134744423492169	0.0717991098008434	0.0426500104834854	0.0565547162831257	-0.0183083166730798	0.0719542238191549	0.114305233507988	0.0893982038286012	0.09662547497662	0.0673976059111077	0.134744423492169	0.00932009224776446	0.110439169188402	0.206711813109585	0.0208817267396139	0.0318401509080573	0.0462123845859448	0.0952107302532397	0.0717530555493412	0.0717991098008434	0.110439169188402	0.173062948623731	0.0139343230253028	0.0133176645197779	0.141448480836048	0.00932009224776446	0.11144767757018	-0.0334295077313959	0.00932009224776446	0.0296032141303216	0.0495255358745691	-0.00074845379467918	-0.000421633723256003	0.0211671903893996	0.0640102800976098	-0.0505262525824134	0.14630761997153	0.0827968374829347	0.0738474410750125
