1	0.872673061252789	0.859468438697299	0.866419714776717	0.856563977809615	0.875416575356795	0.856891155057435	0.838285941035402	0.864047270728544	0.900171517647843	0.876260530702376	0.846233716503942	0.864931373678793	0.88686328589889	0.860469883179341	0.867319561516238	0.848531222113314	0.890578670590595	0.858782653628243	0.85782726668436	0.857573711022416	0.874348190402503	0.874924245349913	0.877689778768826	0.857257511757034	0.851718149400668	0.858252568357036	0.863803252854284	0.863511187923158	0.848434837050275	0.885086443390482	0.821923656525061	0.832773690344033	0.857333662242802	0.86641487585457	0.858587037704319	0.861309365006933	0.863858050900708	0.865191323344684	0.857126075829215	0.855612409308158	0.898475367894109	0.867746083821991	-1	0.861023761510549	0.88867833265535	0.874567786856164	0.867875975468044	0.885615110391288	0.862665347662831	0.880811041829647	0.869733306168097	-1	0.863326538946785	0.870187370184361	0.872958199336699	0.876739974483909	0.851603107454174	0.897671848284257	0.856727293386291	0.853441186269781	0.859505464018202	0.877586093944805	0.887462010282462	0.863849721932853	0.878802685417094	0.865560723161694	0.857675082591817	0.862696874930602	0.871379580977935	0.868766219902764	0.869073248069945	0.86480997319318	0.875910065828523	0.866122070197705	0.853733667534582	0.880300199348228	0.882563930440679	0.863567278421639	0.888678784803752	0.840093777291487	0.858039500579003	0.861846209781924	0.904798798061197	0.871395938108643
0.872673061252789	1	0.881798825981984	0.921201867935811	0.902588216739635	0.87558537275466	0.889930729367502	0.854559334964018	0.913922189667204	0.871961201853933	0.891674886661784	0.908633323304478	0.888868741598818	0.873932850411006	0.872448347498453	0.866902653902063	0.838951979152882	0.86519752237858	0.925768822006646	0.885053459020302	0.882310227350245	0.862302867832516	0.877005868669174	0.849989550847179	0.88263187402281	0.913443942975857	0.919174542986327	0.906142175866286	0.920082644384339	0.893315242313593	0.908024686249229	0.871565126399407	0.905234549388414	0.917545755745068	0.886541610001859	0.927279323362279	0.880823751048169	0.86590710225012	0.905059809506249	0.877863729993918	0.889262154381066	0.887117170687354	0.881500949996411	-1	0.917613323825913	0.889607359655259	0.882472894594222	0.907780961004534	0.862166620631013	0.919000008163324	0.874352828731041	0.900110794431917	-1	0.891642403499053	0.895001197657308	0.907026240847558	0.914433274880869	0.910961674744076	0.910749103959048	0.90732445324839	0.919108856885867	0.914398546739702	0.905795550743908	0.908414467226681	0.894254553963369	0.879252442334749	0.876498314402284	0.915815194310125	0.89682876242171	0.875576312328545	0.88719733836326	0.893863144328067	0.888105316850813	0.891959521498692	0.914569756783632	0.89171115734353	0.918901691859108	0.891659013306241	0.927850262738147	0.884741776450966	0.905390923963646	0.873956152068241	0.895309528117381	0.858385910625541	0.93651277704243
0.859468438697299	0.881798825981984	1	0.882809659654004	0.859063597389583	0.845772147283017	0.868205641930515	0.852135494582217	0.876703242880705	0.850762958493648	0.885159966072208	0.883845227005383	0.886217699304513	0.856140321736967	0.864347600835297	0.84812418934088	0.821959507143146	0.84158268295301	0.877836829449176	0.838296624547702	0.87750498113948	0.840079140789977	0.847737512692359	0.838759803366739	0.857266128122237	0.875904383570556	0.871567338901811	0.874791250564398	0.874886187108912	0.852863741155264	0.889157072827837	0.84891710413421	0.844807615978351	0.852564939906048	0.881304513654074	0.879959266214896	0.851868081267254	0.838713354270358	0.877922647341605	0.858380208955815	0.864860367453647	0.867092623959618	0.860800265024121	-1	0.889420899890631	0.856390722170189	0.85609206872032	0.87988765909525	0.837039279047253	0.865427250205223	0.855858387332638	0.87414420648354	-1	0.904313984281844	0.879290405100665	0.908031235412672	0.896796572383119	0.870676821034371	0.887747383627252	0.898889738515051	0.887280236701523	0.877953713440652	0.897441778000415	0.887228182863803	0.874600300239319	0.861872825554134	0.862692120545262	0.871818574076944	0.902667329241667	0.869473609562876	0.860800905434131	0.867167338764574	0.865435351051568	0.873549688046896	0.881974030076238	0.869233079101071	0.898522052247655	0.873410735361091	0.897370267912672	0.860843069949634	0.876939385506943	0.853429727967179	0.885387148756836	0.84122676524266	0.885947910774853
0.866419714776717	0.921201867935811	0.882809659654004	1	0.882210186145123	0.875913177166062	0.881368184805823	0.854003521395089	0.899473825510815	0.86880412169049	0.888934661599653	0.905073687361905	0.898171184879251	0.869474487041792	0.873634974875512	0.862352973574432	0.840646218371491	0.86924096606241	0.941648755755869	0.873036410545957	0.884414499212098	0.857175656252107	0.868178464684797	0.847645640043688	0.879856148346099	0.93034753660558	0.916697513250041	0.906672814130791	0.902886675727712	0.893431449681664	0.919142285646185	0.854079942384231	0.884331735968434	0.898872302908029	0.890889497448095	0.894923883521761	0.881710497750629	0.856138798020342	0.918302487599668	0.884935276925434	0.880292282160183	0.891220229562145	0.885107237995399	-1	0.909594505928992	0.886037572394722	0.877898609819962	0.900856563133775	0.85747986612345	0.905537879333567	0.874403818977868	0.901081723468237	-1	0.87810424012589	0.888776265318149	0.900800746084053	0.920866785843808	0.887269798653218	0.913560902225075	0.907291966591448	0.89157498597207	0.908169640016353	0.910600425635016	0.918579749722658	0.904975902509648	0.882976453748159	0.871992713678837	0.896983912145793	0.896266911113722	0.885743201866733	0.894189033984874	0.899159187608163	0.904181825860988	0.904245776173846	0.916307500907046	0.894810686764984	0.921572896385555	0.89944979716073	0.915896097880567	0.880319675063066	0.883357065967242	0.871544334510787	0.898914013515287	0.860071239719824	0.939197116195262
0.856563977809615	0.902588216739635	0.859063597389583	0.882210186145123	1	0.882257049787639	0.85307246319161	0.841023469928378	0.86911718450145	0.871190005108734	0.857838533960126	0.881427031210926	0.864110267815258	0.888840988121983	0.866954051008064	0.835472056896863	0.825088209841197	0.877647576123084	0.886465142380609	0.874353205269315	0.865931706962981	0.880904540816145	0.884033628253178	0.859031883005761	0.869109363152136	0.88731475176714	0.920073172567358	0.922948723344444	0.886174637065213	0.90682084892945	0.878192446856804	0.826754477015971	0.871469191355136	0.888554891089759	0.878824753740962	0.87674304986523	0.868353767678229	0.837218624533971	0.877613777686495	0.860558636160716	0.855355466036415	0.885726178121361	0.872963270485993	-1	0.871864185181442	0.890174131675269	0.885219447640985	0.870842294235814	0.877304923148438	0.923095272233903	0.873874298591633	0.856671560561686	-1	0.872192891434804	0.865429207089642	0.88424490766112	0.890136082950804	0.877440014152339	0.882830654700806	0.876706057798704	0.869026520163306	0.883307913766045	0.872773940386745	0.886818040322491	0.888423254772496	0.853627629821254	0.844582962049213	0.892971751366907	0.877886143032749	0.868836361039365	0.855408186889346	0.882093398705489	0.866826042793159	0.861809268907444	0.895312845027531	0.875185690236937	0.893112204348025	0.874421974445571	0.879743483932432	0.884337153981072	0.864714720076841	0.893684748779743	0.854938116783565	0.842881391438515	0.877438069863448
0.875416575356795	0.87558537275466	0.845772147283017	0.875913177166062	0.882257049787639	1	0.846623795684199	0.838577864839834	0.853043070856711	0.914520299763077	0.859218278895642	0.865648778807783	0.858709492132162	0.925034268419453	0.857615372589524	0.849606675250469	0.836746841800482	0.904257564684912	0.863695197865357	0.871175328575249	0.856574482980476	0.909385002581317	0.903694450189412	0.894974871690833	0.86687590641518	0.861122583569063	0.882862455005489	0.885010300293782	0.869113841356606	0.870962864621642	0.872752983334472	0.810232552682755	0.854206851943821	0.862121049411881	0.873068383745922	0.862398148565459	0.874316681020109	0.843887962461461	0.844907566957431	0.861924592303804	0.85149117802466	0.909717213776161	0.879396452544301	-1	0.851543108133739	0.935077507774225	0.891396555522915	0.853077901623847	0.90581898705123	0.880436094511585	0.895194624893651	0.854798030696517	-1	0.848721602165721	0.86559286488267	0.871851187534376	0.872977898731086	0.85294779438816	0.88914102328457	0.851864383408677	0.848248691396391	0.864106348143182	0.861931019247045	0.884008645594037	0.863120241121784	0.863155828553502	0.856834837229659	0.861080206097502	0.854262197444105	0.870172064631506	0.861318649076523	0.86851972068741	0.865294251105852	0.872009697782555	0.875499386392411	0.862710074487199	0.870204655597998	0.883018989858797	0.858675715363364	0.901031192151678	0.836629427036361	0.899044933339142	0.844589869503222	0.876663612081266	0.86883561414073
0.856891155057435	0.889930729367502	0.868205641930515	0.881368184805823	0.85307246319161	0.846623795684199	1	0.872459936724201	0.907877443541505	0.857591811916408	0.878136458768112	0.857669223873084	0.896851361435182	0.85216815019861	0.826254853686273	0.88121262427602	0.820968533843456	0.837871667790049	0.880494158726627	0.872729736775802	0.919387768214603	0.829778099556966	0.841183216094258	0.836876164486948	0.885863720372897	0.868458578165366	0.872492786382166	0.872081921808807	0.888825403802341	0.861107273645859	0.880161209596462	0.910371197875643	0.848402725263554	0.867955882043675	0.838686935706702	0.917150866490235	0.844186112921796	0.860576133912942	0.875688070042542	0.830890115811052	0.89986877297734	0.862995299086614	0.887152124324733	-1	0.90698071955911	0.852367875230979	0.844261854238089	0.91577940526198	0.83734967727098	0.875734101861324	0.850299961436896	0.912764061433316	-1	0.887252800122434	0.911616013441374	0.895779142584632	0.902545505205269	0.869005648329248	0.872339380679257	0.897255812882536	0.904362803954115	0.880736176336252	0.908460689108272	0.871609627998266	0.858632996421496	0.864349137300341	0.872848920480803	0.858124452902203	0.898931411015431	0.833797328619711	0.881617215686192	0.842784528293736	0.852280436381108	0.868346804988993	0.855953099463003	0.851297828676279	0.899202841962179	0.851868304043167	0.91404053254685	0.860608623078019	0.910485113384285	0.835458601509438	0.915042911880764	0.839373935772797	0.907177838301419
0.838285941035402	0.854559334964018	0.852135494582217	0.854003521395089	0.841023469928378	0.838577864839834	0.872459936724201	1	0.857288655886072	0.836843044700844	0.851980448580934	0.841927937632835	0.87236835899219	0.840893490464156	0.821213504829853	0.84487415731883	0.819488210875011	0.825697876480856	0.849443614932762	0.83253236193074	0.884254901351407	0.81623556633952	0.829374733516867	0.819986391762283	0.87265649375145	0.846632173634035	0.842450617946139	0.845631383396856	0.85204447606702	0.835794899732002	0.863094954928719	0.8604848001101	0.830140219248657	0.836171779935013	0.829437339241039	0.870374667721197	0.829065876475779	0.839051699147434	0.852635483956301	0.819411661780859	0.93186448975487	0.839345427662808	0.868449559556998	-1	0.870602131369431	0.838317096430555	0.830511422562225	0.86692401382157	0.820378653114409	0.837932076242904	0.836697867563192	0.866644831100617	-1	0.862151422035083	0.872230068075155	0.870744977245816	0.870351476435857	0.842190041312672	0.847733699687384	0.860477242515062	0.863283468940231	0.851101634141278	0.865348241741191	0.848749719403059	0.845354028844137	0.843361534175692	0.845600006612988	0.829081318562253	0.863740070883064	0.818801087528893	0.862213165174433	0.831117569627305	0.843791432446195	0.848155656075508	0.840912649264379	0.829279346735405	0.870136440562323	0.838161700980193	0.87371439675084	0.837401956238784	0.860404588141253	0.828654137435417	0.871492894847596	0.822575619388102	0.857903613059434
0.864047270728544	0.913922189667204	0.876703242880705	0.899473825510815	0.86911718450145	0.853043070856711	0.907877443541505	0.857288655886072	1	0.856872623025042	0.88672840044332	0.877465671599244	0.891477448725842	0.856772006239331	0.838256598653069	0.877721665973681	0.825096266904331	0.849017418014371	0.903568693000199	0.860262226472805	0.891476396374837	0.84304897423122	0.863500260046935	0.846258722569266	0.872107073963384	0.888481312740404	0.888833360586473	0.872574175467582	0.899322939612586	0.858539262477478	0.898527744948143	0.892320018403257	0.869370432557689	0.887954361825992	0.858629204261731	0.930812471946148	0.850838242338776	0.858119139713504	0.892846516692688	0.84349515499973	0.887292157523793	0.875811001021001	0.882089595931999	-1	0.917952396018043	0.866100090924265	0.864291814549346	0.908181906491239	0.845851319512342	0.884093428859982	0.865516516211852	0.910049511370081	-1	0.890778607550621	0.898213912572191	0.899751234247365	0.910715318503965	0.894146369976047	0.885117207547331	0.900892864362938	0.911646103134695	0.903624693450927	0.907114972257589	0.87939443117531	0.874140295525563	0.870107007924739	0.876804029743674	0.885652428090182	0.898118986039476	0.847340431679781	0.883223992450204	0.863417512999527	0.865843554437831	0.880272980152812	0.878811064284993	0.865490940827394	0.906030781316093	0.864567022903783	0.926377372282301	0.875261195047445	0.904633534684725	0.853694083573441	0.905571470711547	0.847184118149738	0.91839292385687
0.900171517647843	0.871961201853933	0.850762958493648	0.86880412169049	0.871190005108734	0.914520299763077	0.857591811916408	0.836843044700844	0.856872623025042	1	0.871703280927284	0.851064175509866	0.86100005909346	0.917021243044601	0.858162542166958	0.874675772659886	0.859403812450895	0.913134014648906	0.861204037322667	0.881922132573148	0.859829398730619	0.894797299201057	0.893906402087698	0.894080703482479	0.875316760269933	0.857454605221042	0.866909162740902	0.878714063061422	0.867825076178839	0.866635716124846	0.880302505471022	0.808909752025794	0.833759784187699	0.85854255040393	0.869351609832615	0.857802559958571	0.870631844151033	0.867075489186482	0.853650723137593	0.861506381682388	0.857248613364553	0.912190166316056	0.883875692194834	-1	0.854685383136771	0.910500028222086	0.879833404417624	0.864830991680302	0.911504537890156	0.879161938296534	0.901013205234777	0.863014771079331	-1	0.856785610028651	0.873588520265123	0.870729293147309	0.874343170788412	0.852972347747215	0.89592510688811	0.85328518606586	0.849064120885881	0.859667686872413	0.873721808572197	0.890954977991474	0.861590637887767	0.877565239890092	0.876921504788974	0.862811200738713	0.856506427592019	0.87538725217036	0.871122222141655	0.863979619908272	0.867664326055595	0.880106137803029	0.872294917769441	0.859749650821713	0.877983923800386	0.890671696761603	0.86095598898631	0.902122164796187	0.837042017978923	0.886134653911566	0.855122714834855	0.891713723933987	0.865682786407498
0.876260530702376	0.891674886661784	0.885159966072208	0.888934661599653	0.857838533960126	0.859218278895642	0.878136458768112	0.851980448580934	0.88672840044332	0.871703280927284	1	0.870136026942768	0.886842355748821	0.863538422474733	0.853960932507424	0.877123734623036	0.836945632634885	0.860205995988751	0.882086805058448	0.858771567506521	0.86897908044456	0.852698472679178	0.859014423426189	0.847255781741179	0.872536620863752	0.879378305709762	0.874579149170526	0.872242642941363	0.87820987052074	0.85660836800507	0.899205262844082	0.852328350318696	0.860382085260791	0.866719522709912	0.87542182898655	0.880031215738741	0.861685908137637	0.853122919730516	0.875627354443613	0.856949259889279	0.870030201476242	0.876607461761454	0.879538643466477	-1	0.888020907910975	0.876315410355585	0.861187815565892	0.88437359537149	0.855556300025614	0.870798371063265	0.8657119142024	0.887227422883511	-1	0.880810095479975	0.884688647743921	0.885924685943043	0.891521647101887	0.873549719427553	0.890593771445468	0.883100617760202	0.875400627907426	0.870794520347838	0.890618680937011	0.886225484320189	0.869870910109971	0.870990126077418	0.883278770545767	0.866682070181971	0.886401792105132	0.867902800636809	0.878963738433891	0.875761652049226	0.871982328135764	0.880328901125596	0.876983223116597	0.867973343459792	0.892430543048069	0.886881171891757	0.894161559839052	0.873085733464808	0.870202289068413	0.856675069039609	0.875632968870171	0.858257070376098	0.886413028345603
0.846233716503942	0.908633323304478	0.883845227005383	0.905073687361905	0.881427031210926	0.865648778807783	0.857669223873084	0.841927937632835	0.877465671599244	0.851064175509866	0.870136026942768	1	0.870001814503008	0.864593409338778	0.873406701278481	0.823891066598609	0.815849857327054	0.846268519467795	0.907605159519283	0.863454852706561	0.869713749373007	0.846023748735003	0.848944274336304	0.834119238642648	0.868621338305751	0.904725745038671	0.910328099544095	0.897468704374274	0.890412563737857	0.898697557427648	0.88988647259197	0.836919199438458	0.867531147857756	0.880693194231467	0.903086560097121	0.887682887914243	0.890163713506877	0.834951981600829	0.887502763082795	0.88465966101766	0.855849186439745	0.858919372376745	0.865965166998598	-1	0.879229624197227	0.868895356387014	0.872689536039101	0.868678736609689	0.843029577548904	0.89744978582272	0.856364973853178	0.859691749260097	-1	0.8619955771881	0.866732357954307	0.888780575595197	0.892716130346373	0.876675204335362	0.882617133624262	0.890117659572438	0.876947448773192	0.911034153499504	0.877414200352367	0.888288811733658	0.884928691511007	0.853369123306201	0.846045665921505	0.908578745095575	0.871785643520948	0.8825090770583	0.856156294372506	0.881097792651692	0.876359305518542	0.8792144357155	0.899019786800081	0.898084288071519	0.904540610083206	0.886074955485477	0.900276645337095	0.866884806686468	0.875863927480166	0.875003829413619	0.866511923337823	0.839267584050568	0.903079682175229
0.864931373678793	0.888868741598818	0.886217699304513	0.898171184879251	0.864110267815258	0.858709492132162	0.896851361435182	0.87236835899219	0.891477448725842	0.86100005909346	0.886842355748821	0.870001814503008	1	0.857113735940894	0.854487871136363	0.874141440124364	0.847499557238321	0.84732956483315	0.889056529223297	0.860241497943203	0.897010482155351	0.83825551867803	0.854786611289585	0.836937057619135	0.875817038193819	0.877976467739768	0.873586917187656	0.868894410846955	0.887749035536243	0.857625520008409	0.902030273867499	0.868063657526124	0.850805490126595	0.864919527355757	0.870278144283039	0.896419029927046	0.860329454967589	0.858057956275837	0.890082108539191	0.853404165143077	0.892200204449608	0.877192237132544	0.878818930957957	-1	0.905207216893785	0.869297964263058	0.858684691054162	0.897528632211076	0.841974340226923	0.869811585499841	0.863534438192824	0.902994165161462	-1	0.8938813688836	0.89030722183429	0.898355530665107	0.907954824689749	0.867896746122487	0.88930464562696	0.890740583668822	0.884157354098316	0.88471477605176	0.90810115920275	0.899648838229892	0.874404258296067	0.880429461064527	0.873421415694014	0.871248384725802	0.896166843854148	0.85759689756521	0.887387486680594	0.864624645224772	0.871205130812861	0.898927529275436	0.879460002165784	0.873894345320897	0.907084010132748	0.879763396518414	0.913538590981485	0.866153652575611	0.894091501334661	0.844711099930531	0.898410166755422	0.854988690683706	0.90425165674682
0.88686328589889	0.873932850411006	0.856140321736967	0.869474487041792	0.888840988121983	0.925034268419453	0.85216815019861	0.840893490464156	0.856772006239331	0.917021243044601	0.863538422474733	0.864593409338778	0.857113735940894	1	0.872246906416246	0.85279132239307	0.841847885659859	0.916337401078945	0.8594951370131	0.869671684063038	0.860276264559792	0.912586110147887	0.911666872347516	0.916076815557543	0.869109176964804	0.86133579617074	0.885483495503207	0.895049369593593	0.868165419979428	0.880788529047455	0.87847210171662	0.811739007461829	0.84781711687352	0.864687035728635	0.876858411306727	0.863050165006196	0.874394599626203	0.849298603391406	0.857728637411343	0.866765457242553	0.845427392376447	0.924728845596261	0.890073634065712	-1	0.850073324078867	0.921429356466425	0.911462423714255	0.853069586754664	0.928069448370127	0.882176879298281	0.907011363631787	0.850828520919261	-1	0.862177839292231	0.870077603514407	0.871916802600619	0.881366156566832	0.860506095091981	0.883454300874542	0.858753623982813	0.851951501430446	0.867492142460569	0.861670012732839	0.884964304554432	0.878714131469865	0.862163392766826	0.856845644332789	0.874536964365229	0.864414328362172	0.872983596500524	0.868000946850532	0.866965789817331	0.867402476673004	0.872391480567735	0.878688612092398	0.870534004066942	0.880765645042189	0.878567230575173	0.86214670573556	0.922924000387121	0.842937708224678	0.90441744779816	0.848172614390064	0.871838953422676	0.86138428821664
0.860469883179341	0.872448347498453	0.864347600835297	0.873634974875512	0.866954051008064	0.857615372589524	0.826254853686273	0.821213504829853	0.838256598653069	0.858162542166958	0.853960932507424	0.873406701278481	0.854487871136363	0.872246906416246	1	0.809527838274713	0.842115368837229	0.860875325052819	0.862232878251383	0.839721686478049	0.835111118197482	0.86114672800879	0.850153348903402	0.856549027706452	0.839348571325263	0.864960665612728	0.874228222336727	0.880309924845137	0.853799204484933	0.866028586455625	0.885509445461239	0.795648228763595	0.847011049291654	0.852090488625835	0.919416942352746	0.850607105534187	0.907685427866465	0.835170367805759	0.867605915970434	0.921642903537676	0.84053760342756	0.870785579043437	0.849272642997178	-1	0.85556246439323	0.862466004752298	0.859842208135492	0.842575429167978	0.865468820225983	0.86971405469141	0.851795501626179	0.834002809734621	-1	0.85056130713091	0.838732981830053	0.862118005862023	0.874141343069282	0.848035902517298	0.883434519540043	0.871248992619234	0.844934305524122	0.86604937870456	0.848512403913231	0.889745175515013	0.88641626133009	0.853160358585902	0.822141662972348	0.896664824118516	0.850900623259601	0.905313850001896	0.865090582031671	0.875248249687628	0.885149914218143	0.896320033159231	0.88501136332846	0.893301583979961	0.884366434029149	0.913933559424181	0.861429481534094	0.86844774850373	0.837475107144654	0.857557881711582	0.837718727215076	0.840380592857772	0.860967986057081
0.867319561516238	0.866902653902063	0.84812418934088	0.862352973574432	0.835472056896863	0.849606675250469	0.88121262427602	0.84487415731883	0.877721665973681	0.874675772659886	0.877123734623036	0.823891066598609	0.874141440124364	0.85279132239307	0.809527838274713	1	0.830073389670786	0.845949068659975	0.860109532509637	0.857494052706077	0.866672050482049	0.834184234313864	0.863034012041216	0.837660736558494	0.868886008859817	0.847519100801419	0.841361527335666	0.838201261158252	0.863970472778248	0.823005281833384	0.872231379784514	0.837883307379827	0.81769157776537	0.841464533071264	0.823169711777369	0.871428776198902	0.829761730072801	0.868069583645432	0.856819328105352	0.808709525189758	0.876182834273062	0.874076707896279	0.876655348079026	-1	0.869931959165677	0.867039029062244	0.835413473220316	0.884514184504602	0.843839077925483	0.846011643014029	0.857093068168545	0.905705587985078	-1	0.859995132633423	0.909732765707621	0.867445063038844	0.86864455193346	0.853368648621698	0.863915320624533	0.848233453418713	0.860124527576835	0.842542141362313	0.905571312388197	0.860776188935661	0.834176119590277	0.878097189337107	0.92390173164549	0.827772732398706	0.877531750178329	0.821157099074271	0.871758183845711	0.831239503990637	0.842539079837696	0.858877163884824	0.8430928730728	0.829602299547084	0.86337951676437	0.842933628470005	0.867099719635367	0.865339651119547	0.850448680271665	0.842499462762712	0.885620350839892	0.854787244827837	0.872264421145805
0.848531222113314	0.838951979152882	0.821959507143146	0.840646218371491	0.825088209841197	0.836746841800482	0.820968533843456	0.819488210875011	0.825096266904331	0.859403812450895	0.836945632634885	0.815849857327054	0.847499557238321	0.841847885659859	0.842115368837229	0.830073389670786	1	0.834592078466909	0.832088195276041	0.834097397743277	0.824538775234255	0.820273432392158	0.836064312633213	0.823432649716514	0.833919444631679	0.831134657757457	0.828438917778786	0.831434816799141	0.826347914555932	0.81713220630398	0.868460199363773	0.789687518428112	0.800979644647046	0.820364485589737	0.844881085194262	0.821367806023087	0.840968646313488	0.838794908594549	0.829522626884818	0.840718969301815	0.830933835133717	0.855256195639518	0.846748985587274	-1	0.832212833621145	0.845764264125055	0.824695317570164	0.83699484014183	0.835174443062788	0.833679008979419	0.841046810134819	0.829348962604168	-1	0.82430637150923	0.835118504518411	0.830519348889021	0.836681934584108	0.822654463968069	0.850501138052347	0.82261466439633	0.816596471779515	0.830819257814937	0.84516169708854	0.853415654211013	0.83352848487134	0.863805750960854	0.828185479069537	0.827953687872903	0.828227217355201	0.834615047952156	0.850043425130821	0.819977740292615	0.858842050804713	0.868677102603482	0.830017960931772	0.842183108212013	0.847328934000009	0.858890480936112	0.830824403371994	0.840074574228643	0.812852718832549	0.830878797023413	0.824834569044595	0.837207039920796	0.832232486728659
0.890578670590595	0.86519752237858	0.84158268295301	0.86924096606241	0.877647576123084	0.904257564684912	0.837871667790049	0.825697876480856	0.849017418014371	0.913134014648906	0.860205995988751	0.846268519467795	0.84732956483315	0.916337401078945	0.860875325052819	0.845949068659975	0.834592078466909	1	0.857747976155787	0.861578074780771	0.84582000071256	0.90717170700141	0.894087724877046	0.886361876698776	0.861396780777679	0.85910270622668	0.874418688351467	0.887627285831543	0.857952176886186	0.86912800331124	0.870665628728156	0.806466846139756	0.83759616835167	0.857648370752593	0.874529978463048	0.846465414366158	0.867494749643227	0.845091050361774	0.851571210284517	0.861660998561485	0.843105583473252	0.904399326707494	0.869311299614494	-1	0.844546967868609	0.909457726181819	0.910281005030518	0.845559916423042	0.914194884282965	0.880402164491837	0.891063961220865	0.849376427412433	-1	0.850000096689843	0.857391471201252	0.862916715378135	0.866782524548327	0.852756127790598	0.890472947575649	0.841953753909036	0.834415690825398	0.849905164351222	0.860208778032302	0.878957092332117	0.861178032716847	0.864802954496084	0.855387523109357	0.860936916033157	0.852849038048971	0.879453647402465	0.852460227193372	0.865587625551996	0.86886894136465	0.866225553484883	0.866354582772916	0.855818111943857	0.865385763815534	0.886239164572456	0.849596384051946	0.902451736181122	0.82584871464623	0.88546406080208	0.849405578860934	0.88110411117236	0.860009892301623
0.858782653628243	0.925768822006646	0.877836829449176	0.941648755755869	0.886465142380609	0.863695197865357	0.880494158726627	0.849443614932762	0.903568693000199	0.861204037322667	0.882086805058448	0.907605159519283	0.889056529223297	0.8594951370131	0.862232878251383	0.860109532509637	0.832088195276041	0.857747976155787	1	0.877162728660743	0.887757289588366	0.847092593793035	0.869797221449244	0.835778129210013	0.880683344858799	0.978028577805017	0.916758245205964	0.899960526852302	0.911593968095	0.8949681107107	0.910090620702599	0.862514289800149	0.880456567985535	0.901879360406409	0.881085915830423	0.904748520668814	0.875337389304427	0.854815559156301	0.913249906578025	0.872294591073514	0.882344263752814	0.877037412739803	0.885652105909377	-1	0.911737611915901	0.88284801656745	0.882401225415557	0.902913640148241	0.850650878236901	0.909015299685326	0.867114277848914	0.895265991241975	-1	0.875943996212177	0.891096516895167	0.906056577506451	0.914173073642567	0.885300209125389	0.904308282256528	0.903400083393581	0.897634660132827	0.909634860684858	0.906391262533665	0.903308364120268	0.888100896887242	0.878176504977712	0.868899631385372	0.899088924681953	0.89600904265585	0.875678097994525	0.879849810842369	0.888471210690012	0.891065074482423	0.889388870248203	0.907538427286534	0.890913752392802	0.912689363327427	0.886646940131649	0.921097985865436	0.880014987122925	0.889933776042798	0.860831385692027	0.895413203980317	0.849844173945019	0.938442366554232
0.85782726668436	0.885053459020302	0.838296624547702	0.873036410545957	0.874353205269315	0.871175328575249	0.872729736775802	0.83253236193074	0.860262226472805	0.881922132573148	0.858771567506521	0.863454852706561	0.860241497943203	0.869671684063038	0.839721686478049	0.857494052706077	0.834097397743277	0.861578074780771	0.877162728660743	1	0.87601723396533	0.841772013796719	0.869790262396484	0.854151547467087	0.876579598958592	0.876613908463338	0.888713953513086	0.887400590208321	0.881931601642896	0.886876106703516	0.870763902268585	0.82313637225095	0.847544713103653	0.864051737284513	0.854130292433198	0.874703256619303	0.851828063609975	0.860612331843245	0.850867557579504	0.842705121786937	0.855271545317875	0.878084084140308	0.884934151907787	-1	0.864781986029204	0.873341046366637	0.856815568822953	0.878210715345445	0.860832467465552	0.896402262346932	0.857176784015235	0.861901854016229	-1	0.85691150138899	0.873564705509715	0.870375660832072	0.877003559181132	0.861187230485707	0.882177969670884	0.864304480034047	0.858958581331438	0.870774449585227	0.869647441342195	0.874888351900623	0.86142108430345	0.871542981009204	0.866367836959991	0.86613638932899	0.860646105384757	0.854630760067874	0.85763767373412	0.857258483965929	0.863037505980742	0.858610066631193	0.864617892317334	0.864073138203198	0.881523778067326	0.865429618984391	0.869702888930178	0.871921827825715	0.864382088211936	0.856533231213771	0.858976336051787	0.851152589050969	0.869123125621127
0.857573711022416	0.882310227350245	0.87750498113948	0.884414499212098	0.865931706962981	0.856574482980476	0.919387768214603	0.884254901351407	0.891476396374837	0.859829398730619	0.86897908044456	0.869713749373007	0.897010482155351	0.860276264559792	0.835111118197482	0.866672050482049	0.824538775234255	0.84582000071256	0.887757289588366	0.87601723396533	1	0.831755176939013	0.852271220567122	0.839531033296313	0.893105274188035	0.876876250948578	0.885306277153493	0.878767685644222	0.902141503234776	0.877296546502518	0.879677991981396	0.897355188007075	0.848043628430907	0.863189964379529	0.843501026765083	0.906074194165895	0.850711974402333	0.862898950951743	0.87720436069135	0.833828248766742	0.898068479755721	0.87164378182963	0.897426120021215	-1	0.89903551421047	0.864635318541314	0.856361720841254	0.906415696773952	0.847185628292564	0.878004758775645	0.858271115960796	0.892090179853026	-1	0.891119998452313	0.901137442469462	0.902930665400536	0.907927765383284	0.865769751101429	0.878013126121057	0.89370542882081	0.897415813930419	0.884045450524388	0.900903380222465	0.874054735363656	0.861714400903633	0.86622128670264	0.870509227531844	0.85228402630021	0.898974889899995	0.843277242122052	0.87396972781407	0.847160489514096	0.859382448817095	0.872101901230724	0.860791624005457	0.857052850497296	0.898996931739622	0.854028789333069	0.906368320992103	0.86223992052339	0.905127405232306	0.837007297205504	0.897968088265883	0.840951628225437	0.900347725612133
0.874348190402503	0.862302867832516	0.840079140789977	0.857175656252107	0.880904540816145	0.909385002581317	0.829778099556966	0.81623556633952	0.84304897423122	0.894797299201057	0.852698472679178	0.846023748735003	0.83825551867803	0.912586110147887	0.86114672800879	0.834184234313864	0.820273432392158	0.90717170700141	0.847092593793035	0.841772013796719	0.831755176939013	1	0.895990510007413	0.894085363696103	0.845775213466504	0.846603594588416	0.872917079494289	0.883044148506332	0.855449220961515	0.859259897070177	0.862524784647735	0.805481816853051	0.837376982203167	0.852908350505526	0.868711947184246	0.841678986497061	0.858903709844537	0.828870249019308	0.852655845029008	0.849151578021891	0.831447491914336	0.890078615348896	0.861492077596361	-1	0.840687408101581	0.918791641176296	0.894716492218546	0.837660368078805	0.917264244061868	0.871644728763404	0.888390626022328	0.839085278880583	-1	0.847571477896892	0.842786166572553	0.856092359527365	0.856543659986099	0.847218413646488	0.874992269366774	0.841928377519574	0.833742061049485	0.850533542020046	0.845178870496255	0.877021002595935	0.866201495267627	0.845016407504054	0.834584222434894	0.858936083588077	0.847918620108488	0.862748111473392	0.842699216300873	0.865710899497354	0.847421967867303	0.84586884192737	0.87016221851025	0.844320797737488	0.866268857862701	0.87010348710846	0.848467353636817	0.89634000324079	0.819474053925492	0.894020420204246	0.829435489816308	0.85858184870327	0.848855885810321
0.874924245349913	0.877005868669174	0.847737512692359	0.868178464684797	0.884033628253178	0.903694450189412	0.841183216094258	0.829374733516867	0.863500260046935	0.893906402087698	0.859014423426189	0.848944274336304	0.854786611289585	0.911666872347516	0.850153348903402	0.863034012041216	0.836064312633213	0.894087724877046	0.869797221449244	0.869790262396484	0.852271220567122	0.895990510007413	1	0.907656407923758	0.86453213162648	0.865522055512257	0.882558989828453	0.88129484728121	0.8791273851803	0.868642490834637	0.874905244084668	0.814619140846287	0.849615089869122	0.867186508831138	0.863612928586371	0.860626939531214	0.85278537840209	0.854551848663719	0.859691585670676	0.842389199084355	0.854223585327438	0.919936546558371	0.878910195663788	-1	0.863670200757038	0.916942018367162	0.889746462726273	0.859834601686719	0.903707578132882	0.8784527589711	0.891360618835924	0.862164654752281	-1	0.856703821439876	0.868060659052248	0.870669815452352	0.871508840752299	0.860626228220643	0.884234559958987	0.857004203272048	0.85106852702726	0.865596163305147	0.87040742914079	0.875621976737677	0.863757993109243	0.867045709166547	0.862471646049711	0.866315724330375	0.8598109406457	0.858786924658908	0.854677441186934	0.863373785979773	0.859031311275515	0.858561378723784	0.870623062270205	0.862511228601838	0.876147891717616	0.8703696652098	0.864032572301216	0.913881180845998	0.843665051990091	0.887785145664872	0.853507632856897	0.867433461102472	0.867895928555674
0.877689778768826	0.849989550847179	0.838759803366739	0.847645640043688	0.859031883005761	0.894974871690833	0.836876164486948	0.819986391762283	0.846258722569266	0.894080703482479	0.847255781741179	0.834119238642648	0.836937057619135	0.916076815557543	0.856549027706452	0.837660736558494	0.823432649716514	0.886361876698776	0.835778129210013	0.854151547467087	0.839531033296313	0.894085363696103	0.907656407923758	1	0.844319625337246	0.838574973416282	0.857524925963694	0.87327419055158	0.856005219672795	0.852255263377437	0.862513610013232	0.799770030937317	0.828555270327342	0.840617349124749	0.855809432158071	0.844465936711382	0.849102528057892	0.833971632599098	0.845014159304066	0.839993204636449	0.830824206912442	0.905608464801954	0.859287302831869	-1	0.8374898924914	0.891055479542368	0.871954422487166	0.835254071313763	0.904803128968364	0.85621891226027	0.880246076470063	0.840147869646778	-1	0.849185133892479	0.849348983890278	0.855500489242273	0.862469897981513	0.842711667276508	0.869102444978775	0.85013844474462	0.833583634267466	0.846004652426386	0.846456216785852	0.868778746461772	0.866962267031374	0.848859654036691	0.842581402417315	0.852674047171158	0.844280765735196	0.855689023924055	0.849369203128751	0.859276893372635	0.844752665444094	0.851634663710552	0.865025365356026	0.851391869728349	0.866096423243285	0.856231206412327	0.845523716122285	0.905356231823299	0.825060803341436	0.874893054100238	0.834118585696168	0.855586445196339	0.844437939478022
0.857257511757034	0.88263187402281	0.857266128122237	0.879856148346099	0.869109363152136	0.86687590641518	0.885863720372897	0.87265649375145	0.872107073963384	0.875316760269933	0.872536620863752	0.868621338305751	0.875817038193819	0.869109176964804	0.839348571325263	0.868886008859817	0.833919444631679	0.861396780777679	0.880683344858799	0.876579598958592	0.893105274188035	0.845775213466504	0.86453213162648	0.844319625337246	1	0.875700847201894	0.883351152259565	0.879394228969778	0.891422259960795	0.877189454067431	0.884095927805359	0.853453310449452	0.847478140035667	0.86458533567407	0.857098123702586	0.879031079399737	0.861059353909937	0.860464107017525	0.862486334868424	0.841893229607586	0.886408962963826	0.87527726214805	0.907603327653599	-1	0.877619419565593	0.874778206878772	0.858917546202415	0.885324582315489	0.849258316657355	0.880501093979462	0.863982661224116	0.87716263631135	-1	0.868341374315054	0.885633380149749	0.882632492488798	0.890136822851348	0.865913344355316	0.88350194787907	0.868343811551341	0.867424654113628	0.871318850516974	0.89149195030694	0.87148845174874	0.858285081416102	0.86399750638898	0.869895321260249	0.859908427994717	0.886130660662865	0.854106615103341	0.875811155990886	0.849261083813509	0.8672753115242	0.870258276224018	0.861991652802464	0.863900703682035	0.887573971317526	0.875572704501165	0.880798811672722	0.870950373174075	0.868128164738084	0.857885361197735	0.876916134812202	0.852133138063945	0.883891082366405
0.851718149400668	0.913443942975857	0.875904383570556	0.93034753660558	0.88731475176714	0.861122583569063	0.868458578165366	0.846632173634035	0.888481312740404	0.857454605221042	0.879378305709762	0.904725745038671	0.877976467739768	0.86133579617074	0.864960665612728	0.847519100801419	0.831134657757457	0.85910270622668	0.978028577805017	0.876613908463338	0.876876250948578	0.846603594588416	0.865522055512257	0.838574973416282	0.875700847201894	1	0.918518189790374	0.902539345875299	0.897319464034126	0.893979089002999	0.903894121796389	0.847025819836697	0.876699864009973	0.89562546769509	0.881483301217276	0.895156231925659	0.875295197083771	0.843633748812054	0.902842305798	0.86569724165719	0.866428576858682	0.875538040139395	0.884484036986604	-1	0.898194277236671	0.877728121107566	0.873952148284251	0.883647739528588	0.85176871337243	0.897407957822673	0.86351005658979	0.875201984766767	-1	0.875058769993337	0.881217444633094	0.902771684300965	0.907729290367877	0.888056462210856	0.894433520233305	0.902608857175684	0.883237329244238	0.89991393374632	0.891268344245808	0.900529576094029	0.89050882712836	0.869596340840254	0.861519420334081	0.899457986049647	0.889184532795921	0.878576745156055	0.872052642047444	0.89644713045959	0.888917556126884	0.886128985475267	0.915053632211013	0.895803048236351	0.90997891649645	0.883031137669276	0.90874778046255	0.883068448721811	0.883029190489724	0.865837306188547	0.881201104303154	0.848202519570498	0.915948449999136
0.858252568357036	0.919174542986327	0.871567338901811	0.916697513250041	0.920073172567358	0.882862455005489	0.872492786382166	0.842450617946139	0.888833360586473	0.866909162740902	0.874579149170526	0.910328099544095	0.873586917187656	0.885483495503207	0.874228222336727	0.841361527335666	0.828438917778786	0.874418688351467	0.916758245205964	0.888713953513086	0.885306277153493	0.872917079494289	0.882558989828453	0.857524925963694	0.883351152259565	0.918518189790374	1	0.92799887767864	0.911569921878489	0.927841005263786	0.89179646362675	0.835607471892352	0.888664123512662	0.90686436318855	0.885385066247685	0.900397855465587	0.883965666803747	0.84377592530674	0.889377594230568	0.877358756551659	0.863287565949494	0.887308464675972	0.892282952771946	-1	0.888079503335098	0.891648352930883	0.891929396277001	0.885155035031037	0.869962499336852	0.92764389882702	0.877452556320337	0.86929902366467	-1	0.886073116577655	0.879169695904899	0.899519252058186	0.909906101621833	0.888257914276424	0.89372518874703	0.895182060380615	0.882980625987235	0.904875643599042	0.881069278618856	0.894416615027656	0.891789105611115	0.867571807426694	0.854085075489183	0.910364321977552	0.885573573888236	0.881426523790277	0.862176208536802	0.894767571261025	0.881218662044207	0.875284865531393	0.912587824457733	0.899973412663219	0.911578378103629	0.886171620903948	0.901010350636807	0.891262783863041	0.889423089420538	0.881309697060432	0.8675630997768	0.847830047034293	0.904261398644956
